# CentVoxTetrahedralizerHybrid tetrahedral mesh
# Detection mode: HYBRID
# Grid: 8^3
# Merge block size: 1
# Protection layers: 1
# Smoothed: Yes
# Vertices: 485
# Tetrahedra: 1520

VERTICES
-1.152244 -0.456103 0.350940
-1.096023 -0.456103 0.350940
-1.152244 -0.399882 0.350940
-1.096023 -0.399882 0.350940
-1.152244 -0.456103 0.407161
-1.096023 -0.456103 0.407161
-1.152244 -0.399882 0.407161
-1.096023 -0.399882 0.407161
-1.039802 -0.456103 0.350940
-1.039802 -0.399882 0.350940
-1.039802 -0.456103 0.407161
-1.039802 -0.399882 0.407161
-0.983581 -0.456103 0.350940
-0.983581 -0.399882 0.350940
-0.983581 -0.456103 0.407161
-0.983581 -0.399882 0.407161
-0.927360 -0.456103 0.350940
-0.927360 -0.399882 0.350940
-0.927360 -0.456103 0.407161
-0.927360 -0.399882 0.407161
-1.152244 -0.343661 0.350940
-1.096023 -0.343661 0.350940
-1.152244 -0.343661 0.407161
-1.096023 -0.343661 0.407161
-1.039802 -0.343661 0.350940
-1.039802 -0.343661 0.407161
-0.983581 -0.343661 0.350940
-0.983581 -0.343661 0.407161
-0.927360 -0.343661 0.350940
-0.927360 -0.343661 0.407161
-1.152244 -0.287440 0.350940
-1.096023 -0.287440 0.350940
-1.152244 -0.287440 0.407161
-1.096023 -0.287440 0.407161
-1.039802 -0.287440 0.350940
-1.039802 -0.287440 0.407161
-0.983581 -0.287440 0.350940
-0.983581 -0.287440 0.407161
-0.927360 -0.287440 0.350940
-0.927360 -0.287440 0.407161
-1.152244 -0.231219 0.350940
-1.096023 -0.231219 0.350940
-1.152244 -0.231219 0.407161
-1.096023 -0.231219 0.407161
-1.039802 -0.231219 0.350940
-1.039802 -0.231219 0.407161
-0.983581 -0.231219 0.350940
-0.983581 -0.231219 0.407161
-0.927360 -0.231219 0.350940
-0.927360 -0.231219 0.407161
-1.152244 -0.512324 0.407161
-1.096023 -0.512324 0.407161
-1.152244 -0.512324 0.463382
-1.096023 -0.512324 0.463382
-1.152244 -0.456103 0.463382
-1.096023 -0.456103 0.463382
-1.039802 -0.512324 0.407161
-1.039802 -0.512324 0.463382
-1.039802 -0.456103 0.463382
-0.983581 -0.512324 0.407161
-0.983581 -0.512324 0.463382
-0.983581 -0.456103 0.463382
-0.927360 -0.512324 0.407161
-0.927360 -0.512324 0.463382
-0.927360 -0.456103 0.463382
-1.208465 -0.456103 0.407161
-1.208465 -0.399882 0.407161
-1.208465 -0.456103 0.463382
-1.208465 -0.399882 0.463382
-1.152244 -0.399882 0.463382
-1.096023 -0.399882 0.463382
-1.039802 -0.399882 0.463382
-0.983581 -0.399882 0.463382
-0.927360 -0.399882 0.463382
-0.871139 -0.456103 0.407161
-0.871139 -0.399882 0.407161
-0.871139 -0.456103 0.463382
-0.871139 -0.399882 0.463382
-1.208465 -0.343661 0.407161
-1.208465 -0.343661 0.463382
-1.152244 -0.343661 0.463382
-1.096023 -0.343661 0.463382
-1.039802 -0.343661 0.463382
-0.983581 -0.343661 0.463382
-0.927360 -0.343661 0.463382
-0.871139 -0.343661 0.407161
-0.871139 -0.343661 0.463382
-1.208465 -0.287440 0.407161
-1.208465 -0.287440 0.463382
-1.152244 -0.287440 0.463382
-1.096023 -0.287440 0.463382
-1.039802 -0.287440 0.463382
-0.983581 -0.287440 0.463382
-0.927360 -0.287440 0.463382
-0.871139 -0.287440 0.407161
-0.871139 -0.287440 0.463382
-1.208465 -0.231219 0.407161
-1.208465 -0.231219 0.463382
-1.152244 -0.231219 0.463382
-1.096023 -0.231219 0.463382
-1.039802 -0.231219 0.463382
-0.983581 -0.231219 0.463382
-0.927360 -0.231219 0.463382
-0.871139 -0.231219 0.407161
-0.871139 -0.231219 0.463382
-1.152244 -0.174998 0.407161
-1.096023 -0.174998 0.407161
-1.152244 -0.174998 0.463382
-1.096023 -0.174998 0.463382
-1.039802 -0.174998 0.407161
-1.039802 -0.174998 0.463382
-0.983581 -0.174998 0.407161
-0.983581 -0.174998 0.463382
-0.927360 -0.174998 0.407161
-0.927360 -0.174998 0.463382
-1.152244 -0.568545 0.463382
-1.096023 -0.568545 0.463382
-1.152244 -0.568545 0.519603
-1.096023 -0.568545 0.519603
-1.152244 -0.512324 0.519603
-1.096023 -0.512324 0.519603
-1.039802 -0.568545 0.463382
-1.039802 -0.568545 0.519603
-1.039802 -0.512324 0.519603
-0.983581 -0.568545 0.463382
-0.983581 -0.568545 0.519603
-0.983581 -0.512324 0.519603
-0.927360 -0.568545 0.463382
-0.927360 -0.568545 0.519603
-0.927360 -0.512324 0.519603
-1.208465 -0.512324 0.463382
-1.208465 -0.512324 0.519603
-1.208465 -0.456103 0.519603
-1.152244 -0.456103 0.519603
-1.096023 -0.456103 0.519603
-1.039802 -0.456103 0.519603
-0.983581 -0.456103 0.519603
-0.927360 -0.456103 0.519603
-0.871139 -0.512324 0.463382
-0.871139 -0.512324 0.519603
-0.871139 -0.456103 0.519603
-1.264686 -0.456103 0.463382
-1.264686 -0.399882 0.463382
-1.264686 -0.456103 0.519603
-1.264686 -0.399882 0.519603
-1.208465 -0.399882 0.519603
-1.152244 -0.399882 0.519603
-1.096023 -0.399882 0.519603
-1.039802 -0.399882 0.519603
-0.983581 -0.399882 0.519603
-0.927360 -0.399882 0.519603
-0.871139 -0.399882 0.519603
-0.814918 -0.456103 0.463382
-0.814918 -0.399882 0.463382
-0.814918 -0.456103 0.519603
-0.814918 -0.399882 0.519603
-1.264686 -0.343661 0.463382
-1.264686 -0.343661 0.519603
-1.208465 -0.343661 0.519603
-1.152244 -0.343661 0.519603
-1.096023 -0.343661 0.519603
-1.039802 -0.343661 0.519603
-0.983581 -0.343661 0.519603
-0.927360 -0.343661 0.519603
-0.871139 -0.343661 0.519603
-0.814918 -0.343661 0.463382
-0.814918 -0.343661 0.519603
-1.264686 -0.287440 0.463382
-1.264686 -0.287440 0.519603
-1.208465 -0.287440 0.519603
-1.152244 -0.287440 0.519603
-1.096023 -0.287440 0.519603
-1.039802 -0.287440 0.519603
-0.983581 -0.287440 0.519603
-0.927360 -0.287440 0.519603
-0.871139 -0.287440 0.519603
-0.814918 -0.287440 0.463382
-0.814918 -0.287440 0.519603
-1.264686 -0.231219 0.463382
-1.264686 -0.231219 0.519603
-1.208465 -0.231219 0.519603
-1.152244 -0.231219 0.519603
-1.096023 -0.231219 0.519603
-1.039802 -0.231219 0.519603
-0.983581 -0.231219 0.519603
-0.927360 -0.231219 0.519603
-0.871139 -0.231219 0.519603
-0.814918 -0.231219 0.463382
-0.814918 -0.231219 0.519603
-1.208465 -0.174998 0.463382
-1.208465 -0.174998 0.519603
-1.152244 -0.174998 0.519603
-1.096023 -0.174998 0.519603
-1.039802 -0.174998 0.519603
-0.983581 -0.174998 0.519603
-0.927360 -0.174998 0.519603
-0.871139 -0.174998 0.463382
-0.871139 -0.174998 0.519603
-1.152244 -0.118777 0.463382
-1.096023 -0.118777 0.463382
-1.152244 -0.118777 0.519603
-1.096023 -0.118777 0.519603
-1.039802 -0.118777 0.463382
-1.039802 -0.118777 0.519603
-0.983581 -0.118777 0.463382
-0.983581 -0.118777 0.519603
-0.927360 -0.118777 0.463382
-0.927360 -0.118777 0.519603
-1.152244 -0.568545 0.575824
-1.096023 -0.568545 0.575824
-1.152244 -0.512324 0.575824
-1.096023 -0.512324 0.575824
-1.039802 -0.568545 0.575824
-1.039802 -0.512324 0.575824
-0.983581 -0.568545 0.575824
-0.983581 -0.512324 0.575824
-0.927360 -0.568545 0.575824
-0.927360 -0.512324 0.575824
-1.208465 -0.512324 0.575824
-1.208465 -0.456103 0.575824
-1.152244 -0.456103 0.575824
-1.096023 -0.456103 0.575824
-1.039802 -0.456103 0.575824
-0.983581 -0.456103 0.575824
-0.927360 -0.456103 0.575824
-0.871139 -0.512324 0.575824
-0.871139 -0.456103 0.575824
-1.264686 -0.456103 0.575824
-1.264686 -0.399882 0.575824
-1.208465 -0.399882 0.575824
-1.152244 -0.399882 0.575824
-1.096023 -0.399882 0.575824
-1.039802 -0.399882 0.575824
-0.983581 -0.399882 0.575824
-0.927360 -0.399882 0.575824
-0.871139 -0.399882 0.575824
-0.814918 -0.456103 0.575824
-0.814918 -0.399882 0.575824
-1.264686 -0.343661 0.575824
-1.208465 -0.343661 0.575824
-1.152244 -0.343661 0.575824
-1.096023 -0.343661 0.575824
-1.039802 -0.343661 0.575824
-0.983581 -0.343661 0.575824
-0.927360 -0.343661 0.575824
-0.871139 -0.343661 0.575824
-0.814918 -0.343661 0.575824
-1.264686 -0.287440 0.575824
-1.208465 -0.287440 0.575824
-1.152244 -0.287440 0.575824
-1.096023 -0.287440 0.575824
-1.039802 -0.287440 0.575824
-0.983581 -0.287440 0.575824
-0.927360 -0.287440 0.575824
-0.871139 -0.287440 0.575824
-0.814918 -0.287440 0.575824
-1.264686 -0.231219 0.575824
-1.208465 -0.231219 0.575824
-1.152244 -0.231219 0.575824
-1.096023 -0.231219 0.575824
-1.039802 -0.231219 0.575824
-0.983581 -0.231219 0.575824
-0.927360 -0.231219 0.575824
-0.871139 -0.231219 0.575824
-0.814918 -0.231219 0.575824
-1.208465 -0.174998 0.575824
-1.152244 -0.174998 0.575824
-1.096023 -0.174998 0.575824
-1.039802 -0.174998 0.575824
-0.983581 -0.174998 0.575824
-0.927360 -0.174998 0.575824
-0.871139 -0.174998 0.575824
-1.152244 -0.118777 0.575824
-1.096023 -0.118777 0.575824
-1.039802 -0.118777 0.575824
-0.983581 -0.118777 0.575824
-0.927360 -0.118777 0.575824
-1.152244 -0.568545 0.632045
-1.096023 -0.568545 0.632045
-1.152244 -0.512324 0.632045
-1.096023 -0.512324 0.632045
-1.039802 -0.568545 0.632045
-1.039802 -0.512324 0.632045
-0.983581 -0.568545 0.632045
-0.983581 -0.512324 0.632045
-0.927360 -0.568545 0.632045
-0.927360 -0.512324 0.632045
-1.208465 -0.512324 0.632045
-1.208465 -0.456103 0.632045
-1.152244 -0.456103 0.632045
-1.096023 -0.456103 0.632045
-1.039802 -0.456103 0.632045
-0.983581 -0.456103 0.632045
-0.927360 -0.456103 0.632045
-0.871139 -0.512324 0.632045
-0.871139 -0.456103 0.632045
-1.264686 -0.456103 0.632045
-1.264686 -0.399882 0.632045
-1.208465 -0.399882 0.632045
-1.152244 -0.399882 0.632045
-1.096023 -0.399882 0.632045
-1.039802 -0.399882 0.632045
-0.983581 -0.399882 0.632045
-0.927360 -0.399882 0.632045
-0.871139 -0.399882 0.632045
-0.814918 -0.456103 0.632045
-0.814918 -0.399882 0.632045
-1.264686 -0.343661 0.632045
-1.208465 -0.343661 0.632045
-1.152244 -0.343661 0.632045
-1.096023 -0.343661 0.632045
-1.039802 -0.343661 0.632045
-0.983581 -0.343661 0.632045
-0.927360 -0.343661 0.632045
-0.871139 -0.343661 0.632045
-0.814918 -0.343661 0.632045
-1.264686 -0.287440 0.632045
-1.208465 -0.287440 0.632045
-1.152244 -0.287440 0.632045
-1.096023 -0.287440 0.632045
-1.039802 -0.287440 0.632045
-0.983581 -0.287440 0.632045
-0.927360 -0.287440 0.632045
-0.871139 -0.287440 0.632045
-0.814918 -0.287440 0.632045
-1.264686 -0.231219 0.632045
-1.208465 -0.231219 0.632045
-1.152244 -0.231219 0.632045
-1.096023 -0.231219 0.632045
-1.039802 -0.231219 0.632045
-0.983581 -0.231219 0.632045
-0.927360 -0.231219 0.632045
-0.871139 -0.231219 0.632045
-0.814918 -0.231219 0.632045
-1.208465 -0.174998 0.632045
-1.152244 -0.174998 0.632045
-1.096023 -0.174998 0.632045
-1.039802 -0.174998 0.632045
-0.983581 -0.174998 0.632045
-0.927360 -0.174998 0.632045
-0.871139 -0.174998 0.632045
-1.152244 -0.118777 0.632045
-1.096023 -0.118777 0.632045
-1.039802 -0.118777 0.632045
-0.983581 -0.118777 0.632045
-0.927360 -0.118777 0.632045
-1.152244 -0.568545 0.688266
-1.096023 -0.568545 0.688266
-1.152244 -0.512324 0.688266
-1.096023 -0.512324 0.688266
-1.039802 -0.568545 0.688266
-1.039802 -0.512324 0.688266
-0.983581 -0.568545 0.688266
-0.983581 -0.512324 0.688266
-0.927360 -0.568545 0.688266
-0.927360 -0.512324 0.688266
-1.208465 -0.512324 0.688266
-1.208465 -0.456103 0.688266
-1.152244 -0.456103 0.688266
-1.096023 -0.456103 0.688266
-1.039802 -0.456103 0.688266
-0.983581 -0.456103 0.688266
-0.927360 -0.456103 0.688266
-0.871139 -0.512324 0.688266
-0.871139 -0.456103 0.688266
-1.264686 -0.456103 0.688266
-1.264686 -0.399882 0.688266
-1.208465 -0.399882 0.688266
-1.152244 -0.399882 0.688266
-1.096023 -0.399882 0.688266
-1.039802 -0.399882 0.688266
-0.983581 -0.399882 0.688266
-0.927360 -0.399882 0.688266
-0.871139 -0.399882 0.688266
-0.814918 -0.456103 0.688266
-0.814918 -0.399882 0.688266
-1.264686 -0.343661 0.688266
-1.208465 -0.343661 0.688266
-1.152244 -0.343661 0.688266
-1.096023 -0.343661 0.688266
-1.039802 -0.343661 0.688266
-0.983581 -0.343661 0.688266
-0.927360 -0.343661 0.688266
-0.871139 -0.343661 0.688266
-0.814918 -0.343661 0.688266
-1.264686 -0.287440 0.688266
-1.208465 -0.287440 0.688266
-1.152244 -0.287440 0.688266
-1.096023 -0.287440 0.688266
-1.039802 -0.287440 0.688266
-0.983581 -0.287440 0.688266
-0.927360 -0.287440 0.688266
-0.871139 -0.287440 0.688266
-0.814918 -0.287440 0.688266
-1.264686 -0.231219 0.688266
-1.208465 -0.231219 0.688266
-1.152244 -0.231219 0.688266
-1.096023 -0.231219 0.688266
-1.039802 -0.231219 0.688266
-0.983581 -0.231219 0.688266
-0.927360 -0.231219 0.688266
-0.871139 -0.231219 0.688266
-0.814918 -0.231219 0.688266
-1.208465 -0.174998 0.688266
-1.152244 -0.174998 0.688266
-1.096023 -0.174998 0.688266
-1.039802 -0.174998 0.688266
-0.983581 -0.174998 0.688266
-0.927360 -0.174998 0.688266
-0.871139 -0.174998 0.688266
-1.152244 -0.118777 0.688266
-1.096023 -0.118777 0.688266
-1.039802 -0.118777 0.688266
-0.983581 -0.118777 0.688266
-0.927360 -0.118777 0.688266
-1.152244 -0.512324 0.744487
-1.096023 -0.512324 0.744487
-1.152244 -0.456103 0.744487
-1.096023 -0.456103 0.744487
-1.039802 -0.512324 0.744487
-1.039802 -0.456103 0.744487
-0.983581 -0.512324 0.744487
-0.983581 -0.456103 0.744487
-0.927360 -0.512324 0.744487
-0.927360 -0.456103 0.744487
-1.208465 -0.456103 0.744487
-1.208465 -0.399882 0.744487
-1.152244 -0.399882 0.744487
-1.096023 -0.399882 0.744487
-1.039802 -0.399882 0.744487
-0.983581 -0.399882 0.744487
-0.927360 -0.399882 0.744487
-0.871139 -0.456103 0.744487
-0.871139 -0.399882 0.744487
-1.208465 -0.343661 0.744487
-1.152244 -0.343661 0.744487
-1.096023 -0.343661 0.744487
-1.039802 -0.343661 0.744487
-0.983581 -0.343661 0.744487
-0.927360 -0.343661 0.744487
-0.871139 -0.343661 0.744487
-1.208465 -0.287440 0.744487
-1.152244 -0.287440 0.744487
-1.096023 -0.287440 0.744487
-1.039802 -0.287440 0.744487
-0.983581 -0.287440 0.744487
-0.927360 -0.287440 0.744487
-0.871139 -0.287440 0.744487
-1.208465 -0.231219 0.744487
-1.152244 -0.231219 0.744487
-1.096023 -0.231219 0.744487
-1.039802 -0.231219 0.744487
-0.983581 -0.231219 0.744487
-0.927360 -0.231219 0.744487
-0.871139 -0.231219 0.744487
-1.152244 -0.174998 0.744487
-1.096023 -0.174998 0.744487
-1.039802 -0.174998 0.744487
-0.983581 -0.174998 0.744487
-0.927360 -0.174998 0.744487
-1.152244 -0.456103 0.800708
-1.096023 -0.456103 0.800708
-1.152244 -0.399882 0.800708
-1.096023 -0.399882 0.800708
-1.039802 -0.456103 0.800708
-1.039802 -0.399882 0.800708
-0.983581 -0.456103 0.800708
-0.983581 -0.399882 0.800708
-0.927360 -0.456103 0.800708
-0.927360 -0.399882 0.800708
-1.152244 -0.343661 0.800708
-1.096023 -0.343661 0.800708
-1.039802 -0.343661 0.800708
-0.983581 -0.343661 0.800708
-0.927360 -0.343661 0.800708
-1.152244 -0.287440 0.800708
-1.096023 -0.287440 0.800708
-1.039802 -0.287440 0.800708
-0.983581 -0.287440 0.800708
-0.927360 -0.287440 0.800708
-1.152244 -0.231219 0.800708
-1.096023 -0.231219 0.800708
-1.039802 -0.231219 0.800708
-0.983581 -0.231219 0.800708
-0.927360 -0.231219 0.800708

TETRAHEDRA
0 1 2 4
1 3 2 7
1 2 4 7
1 4 5 7
2 4 7 6
1 8 9 10
1 9 3 7
1 5 10 7
9 10 11 7
1 10 9 7
8 12 9 10
12 13 9 15
12 9 10 15
12 10 14 15
9 10 15 11
12 16 17 18
12 17 13 15
12 14 18 15
17 18 19 15
12 18 17 15
2 3 21 7
2 21 20 22
2 6 7 22
21 7 23 22
2 7 21 22
3 9 21 7
9 24 21 25
9 21 7 25
9 7 11 25
21 7 25 23
9 13 26 15
9 26 24 25
9 11 15 25
26 15 27 25
9 15 26 25
13 17 26 15
17 28 26 29
17 26 15 29
17 15 19 29
26 15 29 27
20 21 30 22
21 31 30 33
21 30 22 33
21 22 23 33
30 22 33 32
21 24 34 25
21 34 31 33
21 23 25 33
34 25 35 33
21 25 34 33
24 26 34 25
26 36 34 37
26 34 25 37
26 25 27 37
34 25 37 35
26 28 38 29
26 38 36 37
26 27 29 37
38 29 39 37
26 29 38 37
30 31 41 33
30 41 40 42
30 32 33 42
41 33 43 42
30 33 41 42
31 34 41 33
34 44 41 45
34 41 33 45
34 33 35 45
41 33 45 43
34 36 46 37
34 46 44 45
34 35 37 45
46 37 47 45
34 37 46 45
36 38 46 37
38 48 46 49
38 46 37 49
38 37 39 49
46 37 49 47
50 51 4 52
51 5 4 55
51 4 52 55
51 52 53 55
4 52 55 54
51 56 10 57
51 10 5 55
51 53 57 55
10 57 58 55
51 57 10 55
56 59 10 57
59 14 10 61
59 10 57 61
59 57 60 61
10 57 61 58
59 62 18 63
59 18 14 61
59 60 63 61
18 63 64 61
59 63 18 61
65 4 66 67
4 6 66 69
4 66 67 69
4 67 54 69
66 67 69 68
4 5 7 55
4 7 6 69
4 54 55 69
7 55 70 69
4 55 7 69
5 10 7 55
10 11 7 71
10 7 55 71
10 55 58 71
7 55 71 70
10 14 15 61
10 15 11 71
10 58 61 71
15 61 72 71
10 61 15 71
14 18 15 61
18 19 15 73
18 15 61 73
18 61 64 73
15 61 73 72
18 74 75 76
18 75 19 73
18 64 76 73
75 76 77 73
18 76 75 73
66 6 22 69
66 22 78 79
66 68 69 79
22 69 80 79
66 69 22 79
6 7 22 69
7 23 22 81
7 22 69 81
7 69 70 81
22 69 81 80
7 11 25 71
7 25 23 81
7 70 71 81
25 71 82 81
7 71 25 81
11 15 25 71
15 27 25 83
15 25 71 83
15 71 72 83
25 71 83 82
15 19 29 73
15 29 27 83
15 72 73 83
29 73 84 83
15 73 29 83
19 75 29 73
75 85 29 86
75 29 73 86
75 73 77 86
29 73 86 84
78 22 87 79
22 32 87 89
22 87 79 89
22 79 80 89
87 79 89 88
22 23 33 81
22 33 32 89
22 80 81 89
33 81 90 89
22 81 33 89
23 25 33 81
25 35 33 91
25 33 81 91
25 81 82 91
33 81 91 90
25 27 37 83
25 37 35 91
25 82 83 91
37 83 92 91
25 83 37 91
27 29 37 83
29 39 37 93
29 37 83 93
29 83 84 93
37 83 93 92
29 85 94 86
29 94 39 93
29 84 86 93
94 86 95 93
29 86 94 93
87 32 42 89
87 42 96 97
87 88 89 97
42 89 98 97
87 89 42 97
32 33 42 89
33 43 42 99
33 42 89 99
33 89 90 99
42 89 99 98
33 35 45 91
33 45 43 99
33 90 91 99
45 91 100 99
33 91 45 99
35 37 45 91
37 47 45 101
37 45 91 101
37 91 92 101
45 91 101 100
37 39 49 93
37 49 47 101
37 92 93 101
49 93 102 101
37 93 49 101
39 94 49 93
94 103 49 104
94 49 93 104
94 93 95 104
49 93 104 102
42 43 106 99
42 106 105 107
42 98 99 107
106 99 108 107
42 99 106 107
43 45 106 99
45 109 106 110
45 106 99 110
45 99 100 110
106 99 110 108
45 47 111 101
45 111 109 110
45 100 101 110
111 101 112 110
45 101 111 110
47 49 111 101
49 113 111 114
49 111 101 114
49 101 102 114
111 101 114 112
115 116 52 117
116 53 52 120
116 52 117 120
116 117 118 120
52 117 120 119
116 121 57 122
116 57 53 120
116 118 122 120
57 122 123 120
116 122 57 120
121 124 57 122
124 60 57 126
124 57 122 126
124 122 125 126
57 122 126 123
124 127 63 128
124 63 60 126
124 125 128 126
63 128 129 126
124 128 63 126
130 52 67 131
52 54 67 133
52 67 131 133
52 131 119 133
67 131 133 132
52 53 55 120
52 55 54 133
52 119 120 133
55 120 134 133
52 120 55 133
53 57 55 120
57 58 55 135
57 55 120 135
57 120 123 135
55 120 135 134
57 60 61 126
57 61 58 135
57 123 126 135
61 126 136 135
57 126 61 135
60 63 61 126
63 64 61 137
63 61 126 137
63 126 129 137
61 126 137 136
63 138 76 139
63 76 64 137
63 129 139 137
76 139 140 137
63 139 76 137
141 67 142 143
67 68 142 145
67 142 143 145
67 143 132 145
142 143 145 144
67 54 69 133
67 69 68 145
67 132 133 145
69 133 146 145
67 133 69 145
54 55 69 133
55 70 69 147
55 69 133 147
55 133 134 147
69 133 147 146
55 58 71 135
55 71 70 147
55 134 135 147
71 135 148 147
55 135 71 147
58 61 71 135
61 72 71 149
61 71 135 149
61 135 136 149
71 135 149 148
61 64 73 137
61 73 72 149
61 136 137 149
73 137 150 149
61 137 73 149
64 76 73 137
76 77 73 151
76 73 137 151
76 137 140 151
73 137 151 150
76 152 153 154
76 153 77 151
76 140 154 151
153 154 155 151
76 154 153 151
142 68 79 145
142 79 156 157
142 144 145 157
79 145 158 157
142 145 79 157
68 69 79 145
69 80 79 159
69 79 145 159
69 145 146 159
79 145 159 158
69 70 81 147
69 81 80 159
69 146 147 159
81 147 160 159
69 147 81 159
70 71 81 147
71 82 81 161
71 81 147 161
71 147 148 161
81 147 161 160
71 72 83 149
71 83 82 161
71 148 149 161
83 149 162 161
71 149 83 161
72 73 83 149
73 84 83 163
73 83 149 163
73 149 150 163
83 149 163 162
73 77 86 151
73 86 84 163
73 150 151 163
86 151 164 163
73 151 86 163
77 153 86 151
153 165 86 166
153 86 151 166
153 151 155 166
86 151 166 164
156 79 167 157
79 88 167 169
79 167 157 169
79 157 158 169
167 157 169 168
79 80 89 159
79 89 88 169
79 158 159 169
89 159 170 169
79 159 89 169
80 81 89 159
81 90 89 171
81 89 159 171
81 159 160 171
89 159 171 170
81 82 91 161
81 91 90 171
81 160 161 171
91 161 172 171
81 161 91 171
82 83 91 161
83 92 91 173
83 91 161 173
83 161 162 173
91 161 173 172
83 84 93 163
83 93 92 173
83 162 163 173
93 163 174 173
83 163 93 173
84 86 93 163
86 95 93 175
86 93 163 175
86 163 164 175
93 163 175 174
86 165 176 166
86 176 95 175
86 164 166 175
176 166 177 175
86 166 176 175
167 88 97 169
167 97 178 179
167 168 169 179
97 169 180 179
167 169 97 179
88 89 97 169
89 98 97 181
89 97 169 181
89 169 170 181
97 169 181 180
89 90 99 171
89 99 98 181
89 170 171 181
99 171 182 181
89 171 99 181
90 91 99 171
91 100 99 183
91 99 171 183
91 171 172 183
99 171 183 182
91 92 101 173
91 101 100 183
91 172 173 183
101 173 184 183
91 173 101 183
92 93 101 173
93 102 101 185
93 101 173 185
93 173 174 185
101 173 185 184
93 95 104 175
93 104 102 185
93 174 175 185
104 175 186 185
93 175 104 185
95 176 104 175
176 187 104 188
176 104 175 188
176 175 177 188
104 175 188 186
97 98 107 181
97 107 189 190
97 180 181 190
107 181 191 190
97 181 107 190
98 99 107 181
99 108 107 192
99 107 181 192
99 181 182 192
107 181 192 191
99 100 110 183
99 110 108 192
99 182 183 192
110 183 193 192
99 183 110 192
100 101 110 183
101 112 110 194
101 110 183 194
101 183 184 194
110 183 194 193
101 102 114 185
101 114 112 194
101 184 185 194
114 185 195 194
101 185 114 194
102 104 114 185
104 196 114 197
104 114 185 197
104 185 186 197
114 185 197 195
107 108 199 192
107 199 198 200
107 191 192 200
199 192 201 200
107 192 199 200
108 110 199 192
110 202 199 203
110 199 192 203
110 192 193 203
199 192 203 201
110 112 204 194
110 204 202 203
110 193 194 203
204 194 205 203
110 194 204 203
112 114 204 194
114 206 204 207
114 204 194 207
114 194 195 207
204 194 207 205
117 118 120 209
117 120 119 210
117 208 209 210
120 209 211 210
117 209 120 210
118 122 120 209
122 123 120 213
122 120 209 213
122 209 212 213
120 209 213 211
122 125 126 214
122 126 123 213
122 212 214 213
126 214 215 213
122 214 126 213
125 128 126 214
128 129 126 217
128 126 214 217
128 214 216 217
126 214 217 215
131 119 133 210
131 133 132 219
131 218 210 219
133 210 220 219
131 210 133 219
119 120 133 210
120 134 133 221
120 133 210 221
120 210 211 221
133 210 221 220
120 123 135 213
120 135 134 221
120 211 213 221
135 213 222 221
120 213 135 221
123 126 135 213
126 136 135 223
126 135 213 223
126 213 215 223
135 213 223 222
126 129 137 217
126 137 136 223
126 215 217 223
137 217 224 223
126 217 137 223
129 139 137 217
139 140 137 226
139 137 217 226
139 217 225 226
137 217 226 224
143 132 145 219
143 145 144 228
143 227 219 228
145 219 229 228
143 219 145 228
132 133 145 219
133 146 145 230
133 145 219 230
133 219 220 230
145 219 230 229
133 134 147 221
133 147 146 230
133 220 221 230
147 221 231 230
133 221 147 230
134 135 147 221
135 148 147 232
135 147 221 232
135 221 222 232
147 221 232 231
135 136 149 223
135 149 148 232
135 222 223 232
149 223 233 232
135 223 149 232
136 137 149 223
137 150 149 234
137 149 223 234
137 223 224 234
149 223 234 233
137 140 151 226
137 151 150 234
137 224 226 234
151 226 235 234
137 226 151 234
140 154 151 226
154 155 151 237
154 151 226 237
154 226 236 237
151 226 237 235
144 145 157 228
145 158 157 239
145 157 228 239
145 228 229 239
157 228 239 238
145 146 159 230
145 159 158 239
145 229 230 239
159 230 240 239
145 230 159 239
146 147 159 230
147 160 159 241
147 159 230 241
147 230 231 241
159 230 241 240
147 148 161 232
147 161 160 241
147 231 232 241
161 232 242 241
147 232 161 241
148 149 161 232
149 162 161 243
149 161 232 243
149 232 233 243
161 232 243 242
149 150 163 234
149 163 162 243
149 233 234 243
163 234 244 243
149 234 163 243
150 151 163 234
151 164 163 245
151 163 234 245
151 234 235 245
163 234 245 244
151 155 166 237
151 166 164 245
151 235 237 245
166 237 246 245
151 237 166 245
157 158 169 239
157 169 168 247
157 238 239 247
169 239 248 247
157 239 169 247
158 159 169 239
159 170 169 249
159 169 239 249
159 239 240 249
169 239 249 248
159 160 171 241
159 171 170 249
159 240 241 249
171 241 250 249
159 241 171 249
160 161 171 241
161 172 171 251
161 171 241 251
161 241 242 251
171 241 251 250
161 162 173 243
161 173 172 251
161 242 243 251
173 243 252 251
161 243 173 251
162 163 173 243
163 174 173 253
163 173 243 253
163 243 244 253
173 243 253 252
163 164 175 245
163 175 174 253
163 244 245 253
175 245 254 253
163 245 175 253
164 166 175 245
166 177 175 255
166 175 245 255
166 245 246 255
175 245 255 254
168 169 179 247
169 180 179 257
169 179 247 257
169 247 248 257
179 247 257 256
169 170 181 249
169 181 180 257
169 248 249 257
181 249 258 257
169 249 181 257
170 171 181 249
171 182 181 259
171 181 249 259
171 249 250 259
181 249 259 258
171 172 183 251
171 183 182 259
171 250 251 259
183 251 260 259
171 251 183 259
172 173 183 251
173 184 183 261
173 183 251 261
173 251 252 261
183 251 261 260
173 174 185 253
173 185 184 261
173 252 253 261
185 253 262 261
173 253 185 261
174 175 185 253
175 186 185 263
175 185 253 263
175 253 254 263
185 253 263 262
175 177 188 255
175 188 186 263
175 254 255 263
188 255 264 263
175 255 188 263
180 181 190 257
181 191 190 266
181 190 257 266
181 257 258 266
190 257 266 265
181 182 192 259
181 192 191 266
181 258 259 266
192 259 267 266
181 259 192 266
182 183 192 259
183 193 192 268
183 192 259 268
183 259 260 268
192 259 268 267
183 184 194 261
183 194 193 268
183 260 261 268
194 261 269 268
183 261 194 268
184 185 194 261
185 195 194 270
185 194 261 270
185 261 262 270
194 261 270 269
185 186 197 263
185 197 195 270
185 262 263 270
197 263 271 270
185 263 197 270
191 192 200 266
192 201 200 273
192 200 266 273
192 266 267 273
200 266 273 272
192 193 203 268
192 203 201 273
192 267 268 273
203 268 274 273
192 268 203 273
193 194 203 268
194 205 203 275
194 203 268 275
194 268 269 275
203 268 275 274
194 195 207 270
194 207 205 275
194 269 270 275
207 270 276 275
194 270 207 275
208 209 210 277
209 211 210 280
209 210 277 280
209 277 278 280
210 277 280 279
209 212 213 281
209 213 211 280
209 278 281 280
213 281 282 280
209 281 213 280
212 214 213 281
214 215 213 284
214 213 281 284
214 281 283 284
213 281 284 282
214 216 217 285
214 217 215 284
214 283 285 284
217 285 286 284
214 285 217 284
218 210 219 287
210 220 219 289
210 219 287 289
210 287 279 289
219 287 289 288
210 211 221 280
210 221 220 289
210 279 280 289
221 280 290 289
210 280 221 289
211 213 221 280
213 222 221 291
213 221 280 291
213 280 282 291
221 280 291 290
213 215 223 284
213 223 222 291
213 282 284 291
223 284 292 291
213 284 223 291
215 217 223 284
217 224 223 293
217 223 284 293
217 284 286 293
223 284 293 292
217 225 226 294
217 226 224 293
217 286 294 293
226 294 295 293
217 294 226 293
227 219 228 296
219 229 228 298
219 228 296 298
219 296 288 298
228 296 298 297
219 220 230 289
219 230 229 298
219 288 289 298
230 289 299 298
219 289 230 298
220 221 230 289
221 231 230 300
221 230 289 300
221 289 290 300
230 289 300 299
221 222 232 291
221 232 231 300
221 290 291 300
232 291 301 300
221 291 232 300
222 223 232 291
223 233 232 302
223 232 291 302
223 291 292 302
232 291 302 301
223 224 234 293
223 234 233 302
223 292 293 302
234 293 303 302
223 293 234 302
224 226 234 293
226 235 234 304
226 234 293 304
226 293 295 304
234 293 304 303
226 236 237 305
226 237 235 304
226 295 305 304
237 305 306 304
226 305 237 304
228 229 239 298
228 239 238 307
228 297 298 307
239 298 308 307
228 298 239 307
229 230 239 298
230 240 239 309
230 239 298 309
230 298 299 309
239 298 309 308
230 231 241 300
230 241 240 309
230 299 300 309
241 300 310 309
230 300 241 309
231 232 241 300
232 242 241 311
232 241 300 311
232 300 301 311
241 300 311 310
232 233 243 302
232 243 242 311
232 301 302 311
243 302 312 311
232 302 243 311
233 234 243 302
234 244 243 313
234 243 302 313
234 302 303 313
243 302 313 312
234 235 245 304
234 245 244 313
234 303 304 313
245 304 314 313
234 304 245 313
235 237 245 304
237 246 245 315
237 245 304 315
237 304 306 315
245 304 315 314
238 239 247 307
239 248 247 317
239 247 307 317
239 307 308 317
247 307 317 316
239 240 249 309
239 249 248 317
239 308 309 317
249 309 318 317
239 309 249 317
240 241 249 309
241 250 249 319
241 249 309 319
241 309 310 319
249 309 319 318
241 242 251 311
241 251 250 319
241 310 311 319
251 311 320 319
241 311 251 319
242 243 251 311
243 252 251 321
243 251 311 321
243 311 312 321
251 311 321 320
243 244 253 313
243 253 252 321
243 312 313 321
253 313 322 321
243 313 253 321
244 245 253 313
245 254 253 323
245 253 313 323
245 313 314 323
253 313 323 322
245 246 255 315
245 255 254 323
245 314 315 323
255 315 324 323
245 315 255 323
247 248 257 317
247 257 256 325
247 316 317 325
257 317 326 325
247 317 257 325
248 249 257 317
249 258 257 327
249 257 317 327
249 317 318 327
257 317 327 326
249 250 259 319
249 259 258 327
249 318 319 327
259 319 328 327
249 319 259 327
250 251 259 319
251 260 259 329
251 259 319 329
251 319 320 329
259 319 329 328
251 252 261 321
251 261 260 329
251 320 321 329
261 321 330 329
251 321 261 329
252 253 261 321
253 262 261 331
253 261 321 331
253 321 322 331
261 321 331 330
253 254 263 323
253 263 262 331
253 322 323 331
263 323 332 331
253 323 263 331
254 255 263 323
255 264 263 333
255 263 323 333
255 323 324 333
263 323 333 332
257 258 266 327
257 266 265 334
257 326 327 334
266 327 335 334
257 327 266 334
258 259 266 327
259 267 266 336
259 266 327 336
259 327 328 336
266 327 336 335
259 260 268 329
259 268 267 336
259 328 329 336
268 329 337 336
259 329 268 336
260 261 268 329
261 269 268 338
261 268 329 338
261 329 330 338
268 329 338 337
261 262 270 331
261 270 269 338
261 330 331 338
270 331 339 338
261 331 270 338
262 263 270 331
263 271 270 340
263 270 331 340
263 331 332 340
270 331 340 339
266 267 273 336
266 273 272 341
266 335 336 341
273 336 342 341
266 336 273 341
267 268 273 336
268 274 273 343
268 273 336 343
268 336 337 343
273 336 343 342
268 269 275 338
268 275 274 343
268 337 338 343
275 338 344 343
268 338 275 343
269 270 275 338
270 276 275 345
270 275 338 345
270 338 339 345
275 338 345 344
277 278 280 347
277 280 279 348
277 346 347 348
280 347 349 348
277 347 280 348
278 281 280 347
281 282 280 351
281 280 347 351
281 347 350 351
280 347 351 349
281 283 284 352
281 284 282 351
281 350 352 351
284 352 353 351
281 352 284 351
283 285 284 352
285 286 284 355
285 284 352 355
285 352 354 355
284 352 355 353
287 279 289 348
287 289 288 357
287 356 348 357
289 348 358 357
287 348 289 357
279 280 289 348
280 290 289 359
280 289 348 359
280 348 349 359
289 348 359 358
280 282 291 351
280 291 290 359
280 349 351 359
291 351 360 359
280 351 291 359
282 284 291 351
284 292 291 361
284 291 351 361
284 351 353 361
291 351 361 360
284 286 293 355
284 293 292 361
284 353 355 361
293 355 362 361
284 355 293 361
286 294 293 355
294 295 293 364
294 293 355 364
294 355 363 364
293 355 364 362
296 288 298 357
296 298 297 366
296 365 357 366
298 357 367 366
296 357 298 366
288 289 298 357
289 299 298 368
289 298 357 368
289 357 358 368
298 357 368 367
289 290 300 359
289 300 299 368
289 358 359 368
300 359 369 368
289 359 300 368
290 291 300 359
291 301 300 370
291 300 359 370
291 359 360 370
300 359 370 369
291 292 302 361
291 302 301 370
291 360 361 370
302 361 371 370
291 361 302 370
292 293 302 361
293 303 302 372
293 302 361 372
293 361 362 372
302 361 372 371
293 295 304 364
293 304 303 372
293 362 364 372
304 364 373 372
293 364 304 372
295 305 304 364
305 306 304 375
305 304 364 375
305 364 374 375
304 364 375 373
297 298 307 366
298 308 307 377
298 307 366 377
298 366 367 377
307 366 377 376
298 299 309 368
298 309 308 377
298 367 368 377
309 368 378 377
298 368 309 377
299 300 309 368
300 310 309 379
300 309 368 379
300 368 369 379
309 368 379 378
300 301 311 370
300 311 310 379
300 369 370 379
311 370 380 379
300 370 311 379
301 302 311 370
302 312 311 381
302 311 370 381
302 370 371 381
311 370 381 380
302 303 313 372
302 313 312 381
302 371 372 381
313 372 382 381
302 372 313 381
303 304 313 372
304 314 313 383
304 313 372 383
304 372 373 383
313 372 383 382
304 306 315 375
304 315 314 383
304 373 375 383
315 375 384 383
304 375 315 383
307 308 317 377
307 317 316 385
307 376 377 385
317 377 386 385
307 377 317 385
308 309 317 377
309 318 317 387
309 317 377 387
309 377 378 387
317 377 387 386
309 310 319 379
309 319 318 387
309 378 379 387
319 379 388 387
309 379 319 387
310 311 319 379
311 320 319 389
311 319 379 389
311 379 380 389
319 379 389 388
311 312 321 381
311 321 320 389
311 380 381 389
321 381 390 389
311 381 321 389
312 313 321 381
313 322 321 391
313 321 381 391
313 381 382 391
321 381 391 390
313 314 323 383
313 323 322 391
313 382 383 391
323 383 392 391
313 383 323 391
314 315 323 383
315 324 323 393
315 323 383 393
315 383 384 393
323 383 393 392
316 317 325 385
317 326 325 395
317 325 385 395
317 385 386 395
325 385 395 394
317 318 327 387
317 327 326 395
317 386 387 395
327 387 396 395
317 387 327 395
318 319 327 387
319 328 327 397
319 327 387 397
319 387 388 397
327 387 397 396
319 320 329 389
319 329 328 397
319 388 389 397
329 389 398 397
319 389 329 397
320 321 329 389
321 330 329 399
321 329 389 399
321 389 390 399
329 389 399 398
321 322 331 391
321 331 330 399
321 390 391 399
331 391 400 399
321 391 331 399
322 323 331 391
323 332 331 401
323 331 391 401
323 391 392 401
331 391 401 400
323 324 333 393
323 333 332 401
323 392 393 401
333 393 402 401
323 393 333 401
326 327 334 395
327 335 334 404
327 334 395 404
327 395 396 404
334 395 404 403
327 328 336 397
327 336 335 404
327 396 397 404
336 397 405 404
327 397 336 404
328 329 336 397
329 337 336 406
329 336 397 406
329 397 398 406
336 397 406 405
329 330 338 399
329 338 337 406
329 398 399 406
338 399 407 406
329 399 338 406
330 331 338 399
331 339 338 408
331 338 399 408
331 399 400 408
338 399 408 407
331 332 340 401
331 340 339 408
331 400 401 408
340 401 409 408
331 401 340 408
335 336 341 404
336 342 341 411
336 341 404 411
336 404 405 411
341 404 411 410
336 337 343 406
336 343 342 411
336 405 406 411
343 406 412 411
336 406 343 411
337 338 343 406
338 344 343 413
338 343 406 413
338 406 407 413
343 406 413 412
338 339 345 408
338 345 344 413
338 407 408 413
345 408 414 413
338 408 345 413
348 349 359 416
348 359 358 417
348 415 416 417
359 416 418 417
348 416 359 417
349 351 359 416
351 360 359 420
351 359 416 420
351 416 419 420
359 416 420 418
351 353 361 421
351 361 360 420
351 419 421 420
361 421 422 420
351 421 361 420
353 355 361 421
355 362 361 424
355 361 421 424
355 421 423 424
361 421 424 422
357 358 368 417
357 368 367 426
357 425 417 426
368 417 427 426
357 417 368 426
358 359 368 417
359 369 368 428
359 368 417 428
359 417 418 428
368 417 428 427
359 360 370 420
359 370 369 428
359 418 420 428
370 420 429 428
359 420 370 428
360 361 370 420
361 371 370 430
361 370 420 430
361 420 422 430
370 420 430 429
361 362 372 424
361 372 371 430
361 422 424 430
372 424 431 430
361 424 372 430
362 364 372 424
364 373 372 433
364 372 424 433
364 424 432 433
372 424 433 431
367 368 377 426
368 378 377 435
368 377 426 435
368 426 427 435
377 426 435 434
368 369 379 428
368 379 378 435
368 427 428 435
379 428 436 435
368 428 379 435
369 370 379 428
370 380 379 437
370 379 428 437
370 428 429 437
379 428 437 436
370 371 381 430
370 381 380 437
370 429 430 437
381 430 438 437
370 430 381 437
371 372 381 430
372 382 381 439
372 381 430 439
372 430 431 439
381 430 439 438
372 373 383 433
372 383 382 439
372 431 433 439
383 433 440 439
372 433 383 439
377 378 387 435
377 387 386 441
377 434 435 441
387 435 442 441
377 435 387 441
378 379 387 435
379 388 387 443
379 387 435 443
379 435 436 443
387 435 443 442
379 380 389 437
379 389 388 443
379 436 437 443
389 437 444 443
379 437 389 443
380 381 389 437
381 390 389 445
381 389 437 445
381 437 438 445
389 437 445 444
381 382 391 439
381 391 390 445
381 438 439 445
391 439 446 445
381 439 391 445
382 383 391 439
383 392 391 447
383 391 439 447
383 439 440 447
391 439 447 446
386 387 395 441
387 396 395 449
387 395 441 449
387 441 442 449
395 441 449 448
387 388 397 443
387 397 396 449
387 442 443 449
397 443 450 449
387 443 397 449
388 389 397 443
389 398 397 451
389 397 443 451
389 443 444 451
397 443 451 450
389 390 399 445
389 399 398 451
389 444 445 451
399 445 452 451
389 445 399 451
390 391 399 445
391 400 399 453
391 399 445 453
391 445 446 453
399 445 453 452
391 392 401 447
391 401 400 453
391 446 447 453
401 447 454 453
391 447 401 453
396 397 404 449
397 405 404 456
397 404 449 456
397 449 450 456
404 449 456 455
397 398 406 451
397 406 405 456
397 450 451 456
406 451 457 456
397 451 406 456
398 399 406 451
399 407 406 458
399 406 451 458
399 451 452 458
406 451 458 457
399 400 408 453
399 408 407 458
399 452 453 458
408 453 459 458
399 453 408 458
417 418 428 461
417 428 427 462
417 460 461 462
428 461 463 462
417 461 428 462
418 420 428 461
420 429 428 465
420 428 461 465
420 461 464 465
428 461 465 463
420 422 430 466
420 430 429 465
420 464 466 465
430 466 467 465
420 466 430 465
422 424 430 466
424 431 430 469
424 430 466 469
424 466 468 469
430 466 469 467
427 428 435 462
428 436 435 471
428 435 462 471
428 462 463 471
435 462 471 470
428 429 437 465
428 437 436 471
428 463 465 471
437 465 472 471
428 465 437 471
429 430 437 465
430 438 437 473
430 437 465 473
430 465 467 473
437 465 473 472
430 431 439 469
430 439 438 473
430 467 469 473
439 469 474 473
430 469 439 473
435 436 443 471
435 443 442 475
435 470 471 475
443 471 476 475
435 471 443 475
436 437 443 471
437 444 443 477
437 443 471 477
437 471 472 477
443 471 477 476
437 438 445 473
437 445 444 477
437 472 473 477
445 473 478 477
437 473 445 477
438 439 445 473
439 446 445 479
439 445 473 479
439 473 474 479
445 473 479 478
442 443 449 475
443 450 449 481
443 449 475 481
443 475 476 481
449 475 481 480
443 444 451 477
443 451 450 481
443 476 477 481
451 477 482 481
443 477 451 481
444 445 451 477
445 452 451 483
445 451 477 483
445 477 478 483
451 477 483 482
445 446 453 479
445 453 452 483
445 478 479 483
453 479 484 483
445 479 453 483

EDGES
0 1
0 2
0 4
1 2
1 3
1 4
1 5
1 7
1 8
1 9
1 10
2 3
2 4
2 6
2 7
2 20
2 21
2 22
3 7
3 9
3 21
4 5
4 6
4 7
4 50
4 51
4 52
4 54
4 55
4 65
4 66
4 67
4 69
5 7
5 10
5 51
5 55
6 7
6 22
6 66
6 69
7 9
7 10
7 11
7 21
7 22
7 23
7 25
7 55
7 69
7 70
7 71
7 81
8 9
8 10
8 12
9 10
9 11
9 12
9 13
9 15
9 21
9 24
9 25
9 26
10 11
10 12
10 14
10 15
10 51
10 55
10 56
10 57
10 58
10 59
10 61
10 71
11 15
11 25
11 71
12 13
12 14
12 15
12 16
12 17
12 18
13 15
13 17
13 26
14 15
14 18
14 59
14 61
15 17
15 18
15 19
15 25
15 26
15 27
15 29
15 61
15 71
15 72
15 73
15 83
16 17
16 18
17 18
17 19
17 26
17 28
17 29
18 19
18 59
18 61
18 62
18 63
18 64
18 73
18 74
18 75
18 76
19 29
19 73
19 75
20 21
20 22
20 30
21 22
21 23
21 24
21 25
21 30
21 31
21 33
21 34
22 23
22 30
22 32
22 33
22 66
22 69
22 78
22 79
22 80
22 81
22 87
22 89
23 25
23 33
23 81
24 25
24 26
24 34
25 26
25 27
25 33
25 34
25 35
25 37
25 71
25 81
25 82
25 83
25 91
26 27
26 28
26 29
26 34
26 36
26 37
26 38
27 29
27 37
27 83
28 29
28 38
29 37
29 38
29 39
29 73
29 75
29 83
29 84
29 85
29 86
29 93
29 94
30 31
30 32
30 33
30 40
30 41
30 42
31 33
31 34
31 41
32 33
32 42
32 87
32 89
33 34
33 35
33 41
33 42
33 43
33 45
33 81
33 89
33 90
33 91
33 99
34 35
34 36
34 37
34 41
34 44
34 45
34 46
35 37
35 45
35 91
36 37
36 38
36 46
37 38
37 39
37 45
37 46
37 47
37 49
37 83
37 91
37 92
37 93
37 101
38 39
38 46
38 48
38 49
39 49
39 93
39 94
40 41
40 42
41 42
41 43
41 44
41 45
42 43
42 87
42 89
42 96
42 97
42 98
42 99
42 105
42 106
42 107
43 45
43 99
43 106
44 45
44 46
45 46
45 47
45 91
45 99
45 100
45 101
45 106
45 109
45 110
45 111
46 47
46 48
46 49
47 49
47 101
47 111
48 49
49 93
49 94
49 101
49 102
49 103
49 104
49 111
49 113
49 114
50 51
50 52
51 52
51 53
51 55
51 56
51 57
52 53
52 54
52 55
52 67
52 115
52 116
52 117
52 119
52 120
52 130
52 131
52 133
53 55
53 57
53 116
53 120
54 55
54 67
54 69
54 133
55 57
55 58
55 69
55 70
55 71
55 120
55 133
55 134
55 135
55 147
56 57
56 59
57 58
57 59
57 60
57 61
57 116
57 120
57 121
57 122
57 123
57 124
57 126
57 135
58 61
58 71
58 135
59 60
59 61
59 62
59 63
60 61
60 63
60 124
60 126
61 63
61 64
61 71
61 72
61 73
61 126
61 135
61 136
61 137
61 149
62 63
63 64
63 76
63 124
63 126
63 127
63 128
63 129
63 137
63 138
63 139
64 73
64 76
64 137
65 66
65 67
66 67
66 68
66 69
66 78
66 79
67 68
67 69
67 130
67 131
67 132
67 133
67 141
67 142
67 143
67 145
68 69
68 79
68 142
68 145
69 70
69 79
69 80
69 81
69 133
69 145
69 146
69 147
69 159
70 71
70 81
70 147
71 72
71 81
71 82
71 83
71 135
71 147
71 148
71 149
71 161
72 73
72 83
72 149
73 75
73 76
73 77
73 83
73 84
73 86
73 137
73 149
73 150
73 151
73 163
74 75
74 76
75 76
75 77
75 85
75 86
76 77
76 137
76 138
76 139
76 140
76 151
76 152
76 153
76 154
77 86
77 151
77 153
78 79
78 87
79 80
79 87
79 88
79 89
79 142
79 145
79 156
79 157
79 158
79 159
79 167
79 169
80 81
80 89
80 159
81 82
81 89
81 90
81 91
81 147
81 159
81 160
81 161
81 171
82 83
82 91
82 161
83 84
83 91
83 92
83 93
83 149
83 161
83 162
83 163
83 173
84 86
84 93
84 163
85 86
85 94
86 93
86 94
86 95
86 151
86 153
86 163
86 164
86 165
86 166
86 175
86 176
87 88
87 89
87 96
87 97
88 89
88 97
88 167
88 169
89 90
89 97
89 98
89 99
89 159
89 169
89 170
89 171
89 181
90 91
90 99
90 171
91 92
91 99
91 100
91 101
91 161
91 171
91 172
91 173
91 183
92 93
92 101
92 173
93 94
93 95
93 101
93 102
93 104
93 163
93 173
93 174
93 175
93 185
94 95
94 103
94 104
95 104
95 175
95 176
96 97
97 98
97 107
97 167
97 169
97 178
97 179
97 180
97 181
97 189
97 190
98 99
98 107
98 181
99 100
99 106
99 107
99 108
99 110
99 171
99 181
99 182
99 183
99 192
100 101
100 110
100 183
101 102
101 110
101 111
101 112
101 114
101 173
101 183
101 184
101 185
101 194
102 104
102 114
102 185
103 104
104 114
104 175
104 176
104 185
104 186
104 187
104 188
104 196
104 197
105 106
105 107
106 107
106 108
106 109
106 110
107 108
107 181
107 189
107 190
107 191
107 192
107 198
107 199
107 200
108 110
108 192
108 199
109 110
109 111
110 111
110 112
110 183
110 192
110 193
110 194
110 199
110 202
110 203
110 204
111 112
111 113
111 114
112 114
112 194
112 204
113 114
114 185
114 194
114 195
114 196
114 197
114 204
114 206
114 207
115 116
115 117
116 117
116 118
116 120
116 121
116 122
117 118
117 119
117 120
117 208
117 209
117 210
118 120
118 122
118 209
119 120
119 131
119 133
119 210
120 122
120 123
120 133
120 134
120 135
120 209
120 210
120 211
120 213
120 221
121 122
121 124
122 123
122 124
122 125
122 126
122 209
122 212
122 213
122 214
123 126
123 135
123 213
124 125
124 126
124 127
124 128
125 126
125 128
125 214
126 128
126 129
126 135
126 136
126 137
126 213
126 214
126 215
126 217
126 223
127 128
128 129
128 214
128 216
128 217
129 137
129 139
129 217
130 131
131 132
131 133
131 210
131 218
131 219
132 133
132 143
132 145
132 219
133 134
133 145
133 146
133 147
133 210
133 219
133 220
133 221
133 230
134 135
134 147
134 221
135 136
135 147
135 148
135 149
135 213
135 221
135 222
135 223
135 232
136 137
136 149
136 223
137 139
137 140
137 149
137 150
137 151
137 217
137 223
137 224
137 226
137 234
138 139
139 140
139 217
139 225
139 226
140 151
140 154
140 226
141 142
141 143
142 143
142 144
142 145
142 156
142 157
143 144
143 145
143 219
143 227
143 228
144 145
144 157
144 228
145 146
145 157
145 158
145 159
145 219
145 228
145 229
145 230
145 239
146 147
146 159
146 230
147 148
147 159
147 160
147 161
147 221
147 230
147 231
147 232
147 241
148 149
148 161
148 232
149 150
149 161
149 162
149 163
149 223
149 232
149 233
149 234
149 243
150 151
150 163
150 234
151 153
151 154
151 155
151 163
151 164
151 166
151 226
151 234
151 235
151 237
151 245
152 153
152 154
153 154
153 155
153 165
153 166
154 155
154 226
154 236
154 237
155 166
155 237
156 157
156 167
157 158
157 167
157 168
157 169
157 228
157 238
157 239
157 247
158 159
158 169
158 239
159 160
159 169
159 170
159 171
159 230
159 239
159 240
159 241
159 249
160 161
160 171
160 241
161 162
161 171
161 172
161 173
161 232
161 241
161 242
161 243
161 251
162 163
162 173
162 243
163 164
163 173
163 174
163 175
163 234
163 243
163 244
163 245
163 253
164 166
164 175
164 245
165 166
165 176
166 175
166 176
166 177
166 237
166 245
166 246
166 255
167 168
167 169
167 178
167 179
168 169
168 179
168 247
169 170
169 179
169 180
169 181
169 239
169 247
169 248
169 249
169 257
170 171
170 181
170 249
171 172
171 181
171 182
171 183
171 241
171 249
171 250
171 251
171 259
172 173
172 183
172 251
173 174
173 183
173 184
173 185
173 243
173 251
173 252
173 253
173 261
174 175
174 185
174 253
175 176
175 177
175 185
175 186
175 188
175 245
175 253
175 254
175 255
175 263
176 177
176 187
176 188
177 188
177 255
178 179
179 180
179 247
179 256
179 257
180 181
180 190
180 257
181 182
181 190
181 191
181 192
181 249
181 257
181 258
181 259
181 266
182 183
182 192
182 259
183 184
183 192
183 193
183 194
183 251
183 259
183 260
183 261
183 268
184 185
184 194
184 261
185 186
185 194
185 195
185 197
185 253
185 261
185 262
185 263
185 270
186 188
186 197
186 263
187 188
188 255
188 263
188 264
189 190
190 191
190 257
190 265
190 266
191 192
191 200
191 266
192 193
192 199
192 200
192 201
192 203
192 259
192 266
192 267
192 268
192 273
193 194
193 203
193 268
194 195
194 203
194 204
194 205
194 207
194 261
194 268
194 269
194 270
194 275
195 197
195 207
195 270
196 197
197 263
197 270
197 271
198 199
198 200
199 200
199 201
199 202
199 203
200 201
200 266
200 272
200 273
201 203
201 273
202 203
202 204
203 204
203 205
203 268
203 273
203 274
203 275
204 205
204 206
204 207
205 207
205 275
206 207
207 270
207 275
207 276
208 209
208 210
208 277
209 210
209 211
209 212
209 213
209 277
209 278
209 280
209 281
210 211
210 218
210 219
210 220
210 221
210 277
210 279
210 280
210 287
210 289
211 213
211 221
211 280
212 213
212 214
212 281
213 214
213 215
213 221
213 222
213 223
213 280
213 281
213 282
213 284
213 291
214 215
214 216
214 217
214 281
214 283
214 284
214 285
215 217
215 223
215 284
216 217
216 285
217 223
217 224
217 225
217 226
217 284
217 285
217 286
217 293
217 294
218 219
218 287
219 220
219 227
219 228
219 229
219 230
219 287
219 288
219 289
219 296
219 298
220 221
220 230
220 289
221 222
221 230
221 231
221 232
221 280
221 289
221 290
221 291
221 300
222 223
222 232
222 291
223 224
223 232
223 233
223 234
223 284
223 291
223 292
223 293
223 302
224 226
224 234
224 293
225 226
225 294
226 234
226 235
226 236
226 237
226 293
226 294
226 295
226 304
226 305
227 228
227 296
228 229
228 238
228 239
228 296
228 297
228 298
228 307
229 230
229 239
229 298
230 231
230 239
230 240
230 241
230 289
230 298
230 299
230 300
230 309
231 232
231 241
231 300
232 233
232 241
232 242
232 243
232 291
232 300
232 301
232 302
232 311
233 234
233 243
233 302
234 235
234 243
234 244
234 245
234 293
234 302
234 303
234 304
234 313
235 237
235 245
235 304
236 237
236 305
237 245
237 246
237 304
237 305
237 306
237 315
238 239
238 247
238 307
239 240
239 247
239 248
239 249
239 298
239 307
239 308
239 309
239 317
240 241
240 249
240 309
241 242
241 249
241 250
241 251
241 300
241 309
241 310
241 311
241 319
242 243
242 251
242 311
243 244
243 251
243 252
243 253
243 302
243 311
243 312
243 313
243 321
244 245
244 253
244 313
245 246
245 253
245 254
245 255
245 304
245 313
245 314
245 315
245 323
246 255
246 315
247 248
247 256
247 257
247 307
247 316
247 317
247 325
248 249
248 257
248 317
249 250
249 257
249 258
249 259
249 309
249 317
249 318
249 319
249 327
250 251
250 259
250 319
251 252
251 259
251 260
251 261
251 311
251 319
251 320
251 321
251 329
252 253
252 261
252 321
253 254
253 261
253 262
253 263
253 313
253 321
253 322
253 323
253 331
254 255
254 263
254 323
255 263
255 264
255 315
255 323
255 324
255 333
256 257
256 325
257 258
257 265
257 266
257 317
257 325
257 326
257 327
257 334
258 259
258 266
258 327
259 260
259 266
259 267
259 268
259 319
259 327
259 328
259 329
259 336
260 261
260 268
260 329
261 262
261 268
261 269
261 270
261 321
261 329
261 330
261 331
261 338
262 263
262 270
262 331
263 264
263 270
263 271
263 323
263 331
263 332
263 333
263 340
264 333
265 266
265 334
266 267
266 272
266 273
266 327
266 334
266 335
266 336
266 341
267 268
267 273
267 336
268 269
268 273
268 274
268 275
268 329
268 336
268 337
268 338
268 343
269 270
269 275
269 338
270 271
270 275
270 276
270 331
270 338
270 339
270 340
270 345
271 340
272 273
272 341
273 274
273 336
273 341
273 342
273 343
274 275
274 343
275 276
275 338
275 343
275 344
275 345
276 345
277 278
277 279
277 280
277 346
277 347
277 348
278 280
278 281
278 347
279 280
279 287
279 289
279 348
280 281
280 282
280 289
280 290
280 291
280 347
280 348
280 349
280 351
280 359
281 282
281 283
281 284
281 347
281 350
281 351
281 352
282 284
282 291
282 351
283 284
283 285
283 352
284 285
284 286
284 291
284 292
284 293
284 351
284 352
284 353
284 355
284 361
285 286
285 352
285 354
285 355
286 293
286 294
286 355
287 288
287 289
287 348
287 356
287 357
288 289
288 296
288 298
288 357
289 290
289 298
289 299
289 300
289 348
289 357
289 358
289 359
289 368
290 291
290 300
290 359
291 292
291 300
291 301
291 302
291 351
291 359
291 360
291 361
291 370
292 293
292 302
292 361
293 294
293 295
293 302
293 303
293 304
293 355
293 361
293 362
293 364
293 372
294 295
294 355
294 363
294 364
295 304
295 305
295 364
296 297
296 298
296 357
296 365
296 366
297 298
297 307
297 366
298 299
298 307
298 308
298 309
298 357
298 366
298 367
298 368
298 377
299 300
299 309
299 368
300 301
300 309
300 310
300 311
300 359
300 368
300 369
300 370
300 379
301 302
301 311
301 370
302 303
302 311
302 312
302 313
302 361
302 370
302 371
302 372
302 381
303 304
303 313
303 372
304 305
304 306
304 313
304 314
304 315
304 364
304 372
304 373
304 375
304 383
305 306
305 364
305 374
305 375
306 315
306 375
307 308
307 316
307 317
307 366
307 376
307 377
307 385
308 309
308 317
308 377
309 310
309 317
309 318
309 319
309 368
309 377
309 378
309 379
309 387
310 311
310 319
310 379
311 312
311 319
311 320
311 321
311 370
311 379
311 380
311 381
311 389
312 313
312 321
312 381
313 314
313 321
313 322
313 323
313 372
313 381
313 382
313 383
313 391
314 315
314 323
314 383
315 323
315 324
315 375
315 383
315 384
315 393
316 317
316 325
316 385
317 318
317 325
317 326
317 327
317 377
317 385
317 386
317 387
317 395
318 319
318 327
318 387
319 320
319 327
319 328
319 329
319 379
319 387
319 388
319 389
319 397
320 321
320 329
320 389
321 322
321 329
321 330
321 331
321 381
321 389
321 390
321 391
321 399
322 323
322 331
322 391
323 324
323 331
323 332
323 333
323 383
323 391
323 392
323 393
323 401
324 333
324 393
325 326
325 385
325 394
325 395
326 327
326 334
326 395
327 328
327 334
327 335
327 336
327 387
327 395
327 396
327 397
327 404
328 329
328 336
328 397
329 330
329 336
329 337
329 338
329 389
329 397
329 398
329 399
329 406
330 331
330 338
330 399
331 332
331 338
331 339
331 340
331 391
331 399
331 400
331 401
331 408
332 333
332 340
332 401
333 393
333 401
333 402
334 335
334 395
334 403
334 404
335 336
335 341
335 404
336 337
336 341
336 342
336 343
336 397
336 404
336 405
336 406
336 411
337 338
337 343
337 406
338 339
338 343
338 344
338 345
338 399
338 406
338 407
338 408
338 413
339 340
339 345
339 408
340 401
340 408
340 409
341 342
341 404
341 410
341 411
342 343
342 411
343 344
343 406
343 411
343 412
343 413
344 345
344 413
345 408
345 413
345 414
346 347
346 348
347 348
347 349
347 350
347 351
348 349
348 356
348 357
348 358
348 359
348 415
348 416
348 417
349 351
349 359
349 416
350 351
350 352
351 352
351 353
351 359
351 360
351 361
351 416
351 419
351 420
351 421
352 353
352 354
352 355
353 355
353 361
353 421
354 355
355 361
355 362
355 363
355 364
355 421
355 423
355 424
356 357
357 358
357 365
357 366
357 367
357 368
357 417
357 425
357 426
358 359
358 368
358 417
359 360
359 368
359 369
359 370
359 416
359 417
359 418
359 420
359 428
360 361
360 370
360 420
361 362
361 370
361 371
361 372
361 420
361 421
361 422
361 424
361 430
362 364
362 372
362 424
363 364
364 372
364 373
364 374
364 375
364 424
364 432
364 433
365 366
366 367
366 376
366 377
367 368
367 377
367 426
368 369
368 377
368 378
368 379
368 417
368 426
368 427
368 428
368 435
369 370
369 379
369 428
370 371
370 379
370 380
370 381
370 420
370 428
370 429
370 430
370 437
371 372
371 381
371 430
372 373
372 381
372 382
372 383
372 424
372 430
372 431
372 433
372 439
373 375
373 383
373 433
374 375
375 383
375 384
376 377
376 385
377 378
377 385
377 386
377 387
377 426
377 434
377 435
377 441
378 379
378 387
378 435
379 380
379 387
379 388
379 389
379 428
379 435
379 436
379 437
379 443
380 381
380 389
380 437
381 382
381 389
381 390
381 391
381 430
381 437
381 438
381 439
381 445
382 383
382 391
382 439
383 384
383 391
383 392
383 393
383 433
383 439
383 440
383 447
384 393
385 386
385 394
385 395
386 387
386 395
386 441
387 388
387 395
387 396
387 397
387 435
387 441
387 442
387 443
387 449
388 389
388 397
388 443
389 390
389 397
389 398
389 399
389 437
389 443
389 444
389 445
389 451
390 391
390 399
390 445
391 392
391 399
391 400
391 401
391 439
391 445
391 446
391 447
391 453
392 393
392 401
392 447
393 401
393 402
394 395
395 396
395 403
395 404
395 441
395 448
395 449
396 397
396 404
396 449
397 398
397 404
397 405
397 406
397 443
397 449
397 450
397 451
397 456
398 399
398 406
398 451
399 400
399 406
399 407
399 408
399 445
399 451
399 452
399 453
399 458
400 401
400 408
400 453
401 402
401 408
401 409
401 447
401 453
401 454
403 404
404 405
404 410
404 411
404 449
404 455
404 456
405 406
405 411
405 456
406 407
406 411
406 412
406 413
406 451
406 456
406 457
406 458
407 408
407 413
407 458
408 409
408 413
408 414
408 453
408 458
408 459
410 411
411 412
412 413
413 414
415 416
415 417
416 417
416 418
416 419
416 420
417 418
417 425
417 426
417 427
417 428
417 460
417 461
417 462
418 420
418 428
418 461
419 420
419 421
420 421
420 422
420 428
420 429
420 430
420 461
420 464
420 465
420 466
421 422
421 423
421 424
422 424
422 430
422 466
423 424
424 430
424 431
424 432
424 433
424 466
424 468
424 469
425 426
426 427
426 434
426 435
427 428
427 435
427 462
428 429
428 435
428 436
428 437
428 461
428 462
428 463
428 465
428 471
429 430
429 437
429 465
430 431
430 437
430 438
430 439
430 465
430 466
430 467
430 469
430 473
431 433
431 439
431 469
432 433
433 439
433 440
434 435
434 441
435 436
435 441
435 442
435 443
435 462
435 470
435 471
435 475
436 437
436 443
436 471
437 438
437 443
437 444
437 445
437 465
437 471
437 472
437 473
437 477
438 439
438 445
438 473
439 440
439 445
439 446
439 447
439 469
439 473
439 474
439 479
440 447
441 442
441 448
441 449
442 443
442 449
442 475
443 444
443 449
443 450
443 451
443 471
443 475
443 476
443 477
443 481
444 445
444 451
444 477
445 446
445 451
445 452
445 453
445 473
445 477
445 478
445 479
445 483
446 447
446 453
446 479
447 453
447 454
448 449
449 450
449 455
449 456
449 475
449 480
449 481
450 451
450 456
450 481
451 452
451 456
451 457
451 458
451 477
451 481
451 482
451 483
452 453
452 458
452 483
453 454
453 458
453 459
453 479
453 483
453 484
455 456
456 457
457 458
458 459
460 461
460 462
461 462
461 463
461 464
461 465
462 463
462 470
462 471
463 465
463 471
464 465
464 466
465 466
465 467
465 471
465 472
465 473
466 467
466 468
466 469
467 469
467 473
468 469
469 473
469 474
470 471
470 475
471 472
471 475
471 476
471 477
472 473
472 477
473 474
473 477
473 478
473 479
474 479
475 476
475 480
475 481
476 477
476 481
477 478
477 481
477 482
477 483
478 479
478 483
479 483
479 484
480 481
481 482
482 483
483 484

SURFACE_TRIANGLES
453 484 479
478 479 483
446 453 479
477 483 482
477 478 483
451 483 452
477 482 481
476 477 481
450 481 451
449 475 480
449 481 450
473 479 478
473 474 479
473 478 477
471 477 476
470 471 475
435 470 475
435 475 442
465 473 472
465 467 473
465 472 471
463 465 471
466 469 467
466 468 469
424 431 469
465 466 467
464 466 465
420 466 464
420 422 466
461 464 465
461 463 462
417 462 427
453 459 458
452 453 458
407 458 408
400 408 453
451 458 457
406 458 407
406 456 457
404 455 456
404 449 455
401 454 447
446 447 453
400 453 401
392 401 447
441 442 449
439 447 446
439 440 447
383 447 440
383 392 447
435 442 441
434 435 441
377 434 441
433 440 439
383 440 433
431 433 439
373 383 433
377 426 434
426 427 435
424 433 431
424 432 433
364 432 424
362 364 424
357 426 367
355 424 423
355 423 421
355 362 424
420 421 422
351 353 421
416 419 420
351 419 416
416 418 417
348 415 417
348 416 415
407 408 413
343 412 413
406 412 411
343 411 412
405 406 411
341 410 411
401 409 408
340 409 401
339 408 340
332 340 401
357 417 425
335 404 341
395 404 403
334 403 404
479 484 483
334 395 403
395 396 404
334 404 335
326 395 334
333 401 402
332 401 333
324 333 393
467 469 473
395 441 448
348 349 416
325 385 394
385 386 395
325 395 326
316 385 325
475 476 481
383 393 392
383 384 393
315 393 384
451 452 458
406 407 413
442 475 449
377 386 385
307 385 316
375 384 383
315 384 375
306 315 375
404 456 405
333 402 393
307 366 376
386 441 395
297 366 307
364 374 375
305 375 374
295 305 364
364 433 432
475 481 480
451 481 482
357 367 366
296 365 366
288 357 296
355 364 362
294 363 355
294 295 364
286 294 355
460 461 462
401 453 454
421 423 424
128 217 216
431 439 469
104 186 188
176 188 177
345 414 408
104 188 187
176 187 188
76 154 140
24 34 26
167 179 178
88 167 97
86 95 176
124 128 125
393 402 401
79 156 167
447 454 453
106 107 108
417 426 425
63 129 128
142 143 144
392 393 401
263 333 264
1 5 4
247 307 316
345 413 414
19 29 75
79 167 88
41 42 43
20 22 30
12 18 14
87 88 97
153 165 166
12 16 18
86 165 153
415 416 417
46 49 48
376 377 385
8 9 12
406 413 412
237 306 305
97 167 178
166 246 237
167 168 179
142 144 157
59 63 60
285 355 354
131 219 132
42 97 98
203 274 275
67 132 143
30 40 41
76 140 139
63 139 129
63 138 139
45 106 109
395 448 449
191 266 200
67 143 141
97 189 107
142 157 156
42 105 106
424 468 466
67 131 132
226 295 294
377 441 386
340 408 409
52 131 130
79 142 156
179 256 257
63 128 127
124 127 128
63 127 124
52 67 54
219 287 288
87 97 96
122 124 125
166 255 246
57 60 124
201 273 203
417 427 426
203 205 204
450 451 456
408 458 459
281 352 350
325 394 395
34 44 46
52 115 117
52 116 115
49 113 114
449 450 456
357 425 426
49 111 113
47 111 49
1 10 5
109 110 111
45 111 47
43 106 45
18 62 59
0 4 2
107 191 200
52 53 116
22 78 87
97 178 179
343 413 344
439 474 469
190 266 191
400 401 408
408 459 453
128 129 217
4 65 66
274 343 275
141 143 142
424 469 468
51 57 53
469 474 473
4 5 51
366 367 377
36 46 38
296 357 365
0 1 4
385 395 394
44 45 46
49 104 103
263 340 332
30 42 40
9 21 24
77 86 153
41 43 45
28 38 29
3 21 9
2 6 22
105 107 106
14 18 59
435 462 470
452 483 453
97 180 190
76 139 138
26 38 28
210 277 279
107 198 199
26 34 36
51 56 57
79 88 87
18 76 64
76 77 153
51 53 52
12 13 17
5 10 51
97 190 189
366 377 376
1 3 9
9 26 13
257 326 334
56 59 57
4 51 50
110 199 202
152 153 154
20 30 21
10 12 14
107 189 190
10 14 59
34 46 36
339 345 408
197 271 263
66 67 68
255 333 324
217 294 286
46 47 49
471 472 477
66 68 79
21 34 24
1 2 3
17 29 19
342 411 343
18 75 74
97 179 180
17 19 18
198 200 199
0 2 1
39 49 94
107 190 191
45 47 46
38 49 39
2 20 21
63 76 138
4 50 52
4 67 65
12 17 16
9 13 12
17 26 28
439 446 479
75 77 76
165 176 166
2 21 3
353 355 421
418 420 461
114 195 197
217 225 294
348 417 358
116 122 118
273 343 274
41 45 44
29 85 75
228 296 297
2 4 6
305 374 364
86 94 95
204 205 207
29 38 39
22 32 30
255 264 333
1 9 8
200 273 201
420 464 461
281 283 352
34 41 44
404 411 410
30 41 31
157 228 238
275 345 276
462 463 471
153 166 155
68 142 79
13 26 17
4 66 6
106 110 109
18 63 62
237 246 315
104 187 176
65 67 66
38 48 49
216 217 285
4 54 67
347 351 349
30 32 42
203 273 274
426 435 434
6 66 22
110 112 111
427 462 435
270 339 340
341 411 342
42 107 105
52 117 119
350 352 351
45 109 111
453 483 484
406 457 458
408 414 413
18 74 76
270 345 339
121 124 122
59 62 63
53 57 116
275 343 344
22 66 78
405 456 406
66 79 78
218 287 219
21 30 31
76 153 152
347 350 351
116 121 122
75 85 86
180 257 190
21 31 34
208 277 210
106 108 110
86 176 165
22 87 32
219 296 227
122 214 212
18 64 63
94 103 104
94 104 95
349 351 416
449 480 481
29 94 85
272 341 273
29 39 94
63 64 76
117 210 119
416 420 418
42 96 97
67 130 131
9 24 26
210 279 287
396 449 404
57 59 60
1 8 10
16 17 18
153 155 154
471 476 475
17 28 29
49 103 94
49 102 104
107 200 198
441 449 448
257 325 326
102 114 104
76 152 154
200 266 272
104 114 196
451 457 456
104 196 197
179 247 256
256 325 257
114 197 196
107 199 108
199 200 201
108 199 110
199 201 203
52 119 131
199 203 202
110 204 112
110 202 204
395 449 396
112 204 114
114 204 206
114 206 207
204 207 206
116 118 117
114 207 195
117 118 209
40 42 41
117 208 210
166 176 177
122 212 209
122 125 214
49 114 102
95 104 176
255 324 315
125 128 214
128 216 214
119 210 131
131 218 219
186 263 188
115 116 117
168 247 179
417 461 460
74 75 76
42 98 107
129 139 217
139 140 226
139 225 217
154 236 226
139 226 225
132 219 143
26 36 38
143 227 228
10 56 51
226 305 295
273 342 343
50 51 52
265 334 266
296 366 297
357 358 417
351 421 419
348 357 356
140 154 226
285 354 352
154 155 237
154 237 236
144 228 157
118 122 209
18 19 75
179 257 180
417 418 461
52 130 67
364 373 433
373 375 383
97 107 98
157 247 168
78 79 87
157 238 247
143 219 227
277 346 348
294 364 363
156 157 167
85 94 86
281 350 347
315 324 393
104 197 186
166 177 255
186 197 263
422 424 466
472 473 477
341 404 410
157 168 167
307 376 385
419 421 420
57 124 121
219 288 296
207 276 270
367 426 377
177 188 255
188 264 255
188 263 264
117 209 208
461 465 463
190 257 265
305 306 375
190 265 266
155 166 237
60 63 124
462 471 470
227 296 228
57 121 116
212 214 281
195 270 197
197 270 271
357 366 365
200 272 273
32 87 42
203 275 205
195 207 270
205 275 207
451 482 483
207 275 276
208 209 277
31 41 34
209 278 277
355 363 364
287 356 357
209 212 281
209 281 278
214 283 281
214 216 285
270 276 345
214 285 283
217 286 285
275 344 345
439 479 474
210 287 218
67 142 68
364 375 373
236 237 305
225 226 294
352 354 355
277 278 347
283 285 352
8 12 10
449 456 455
344 413 345
111 112 114
273 341 342
226 236 305
247 325 256
270 340 271
228 307 238
228 297 307
404 405 411
111 114 113
42 87 96
143 228 144
421 424 422
348 358 357
237 315 306
238 307 247
246 255 315
247 316 325
202 203 204
131 210 218
75 86 77
4 52 54
263 332 333
257 334 265
266 334 335
417 460 462
10 59 56
266 341 272
67 141 142
2 22 20
263 271 340
277 348 279
277 347 346
346 347 348
347 349 348
42 106 43
278 281 347
266 335 341
38 46 48
351 352 353
285 286 355
352 355 353
279 348 287
287 357 288
287 348 356
