# CentVoxTetrahedralizerHybrid tetrahedral mesh
# Detection mode: HYBRID
# Grid: 8^3
# Merge block size: 1
# Protection layers: 1
# Smoothed: Yes
# Vertices: 295
# Tetrahedra: 660

VERTICES
-0.983880 -0.350328 -1.808934
-0.631111 -0.350328 -1.808934
-0.983880 0.002441 -1.808934
-0.631111 0.002441 -1.808934
-0.983880 -0.350328 -1.456166
-0.631111 -0.350328 -1.456166
-0.983880 0.002441 -1.456166
-0.631111 0.002441 -1.456166
-0.983880 0.355209 -1.808934
-0.631111 0.355209 -1.808934
-0.983880 0.355209 -1.456166
-0.631111 0.355209 -1.456166
-0.983880 0.707978 -1.808934
-0.631111 0.707978 -1.808934
-0.983880 0.707978 -1.456166
-0.631111 0.707978 -1.456166
-0.983880 -0.350328 -1.103397
-0.631111 -0.350328 -1.103397
-0.983880 0.002441 -1.103397
-0.631111 0.002441 -1.103397
-1.336648 0.002441 -1.456166
-1.336648 0.355209 -1.456166
-1.336648 0.002441 -1.103397
-1.336648 0.355209 -1.103397
-0.983880 0.355209 -1.103397
-0.631111 0.355209 -1.103397
-0.983880 0.707978 -1.103397
-0.631111 0.707978 -1.103397
-0.983880 1.060746 -1.456166
-0.631111 1.060746 -1.456166
-0.983880 1.060746 -1.103397
-0.631111 1.060746 -1.103397
-0.983880 -0.703096 -1.103397
-0.631111 -0.703096 -1.103397
-0.983880 -0.703096 -0.750629
-0.631111 -0.703096 -0.750629
-0.983880 -0.350328 -0.750629
-0.631111 -0.350328 -0.750629
-0.278343 -0.703096 -1.103397
-0.278343 -0.350328 -1.103397
-0.278343 -0.703096 -0.750629
-0.278343 -0.350328 -0.750629
-0.983880 0.002441 -0.750629
-0.631111 0.002441 -0.750629
-1.336648 0.002441 -0.750629
-1.336648 0.355209 -0.750629
-0.983880 0.355209 -0.750629
-0.631111 0.355209 -0.750629
-0.278343 0.002441 -1.103397
-0.278343 0.355209 -1.103397
-0.278343 0.002441 -0.750629
-0.278343 0.355209 -0.750629
-0.983880 0.707978 -0.750629
-0.631111 0.707978 -0.750629
-1.336648 0.707978 -1.103397
-1.336648 1.060746 -1.103397
-1.336648 0.707978 -0.750629
-1.336648 1.060746 -0.750629
-0.983880 1.060746 -0.750629
-0.631111 1.060746 -0.750629
-0.631111 -1.055865 -0.750629
-0.278343 -1.055865 -0.750629
-0.631111 -1.055865 -0.397860
-0.278343 -1.055865 -0.397860
-0.631111 -0.703096 -0.397860
-0.278343 -0.703096 -0.397860
0.074426 -1.055865 -0.750629
0.074426 -0.703096 -0.750629
0.074426 -1.055865 -0.397860
0.074426 -0.703096 -0.397860
-0.983880 -0.703096 -0.397860
-0.983880 -0.350328 -0.397860
-0.631111 -0.350328 -0.397860
-1.336648 -0.350328 -0.750629
-1.336648 -0.350328 -0.397860
-1.336648 0.002441 -0.397860
-0.983880 0.002441 -0.397860
-0.631111 0.002441 -0.397860
-0.278343 -0.350328 -0.397860
-0.278343 0.002441 -0.397860
-1.336648 0.355209 -0.397860
-0.983880 0.355209 -0.397860
-0.631111 0.355209 -0.397860
-0.278343 0.355209 -0.397860
0.074426 0.002441 -0.750629
0.074426 0.355209 -0.750629
0.074426 0.002441 -0.397860
0.074426 0.355209 -0.397860
-0.983880 0.707978 -0.397860
-0.631111 0.707978 -0.397860
-0.278343 0.707978 -0.750629
-0.278343 0.707978 -0.397860
0.074426 0.707978 -0.750629
0.074426 0.707978 -0.397860
-0.983880 1.060746 -0.397860
-0.631111 1.060746 -0.397860
-0.278343 1.060746 -0.750629
-0.278343 1.060746 -0.397860
-0.278343 -1.408633 -0.397860
0.074426 -1.408633 -0.397860
-0.278343 -1.408633 -0.045092
0.074426 -1.408633 -0.045092
-0.278343 -1.055865 -0.045092
0.074426 -1.055865 -0.045092
0.427194 -1.408633 -0.397860
0.427194 -1.055865 -0.397860
0.427194 -1.408633 -0.045092
0.427194 -1.055865 -0.045092
-0.631111 -1.055865 -0.045092
-0.631111 -0.703096 -0.045092
-0.278343 -0.703096 -0.045092
0.074426 -0.703096 -0.045092
0.427194 -0.703096 -0.397860
0.427194 -0.703096 -0.045092
-1.336648 -0.350328 -0.045092
-0.983880 -0.350328 -0.045092
-1.336648 0.002441 -0.045092
-0.983880 0.002441 -0.045092
-0.631111 -0.350328 -0.045092
-0.631111 0.002441 -0.045092
-0.278343 -0.350328 -0.045092
-0.278343 0.002441 -0.045092
0.074426 -0.350328 -0.397860
0.074426 -0.350328 -0.045092
0.074426 0.002441 -0.045092
0.427194 -0.350328 -0.397860
0.427194 0.002441 -0.397860
0.427194 -0.350328 -0.045092
0.427194 0.002441 -0.045092
0.779963 -0.350328 -0.397860
0.779963 0.002441 -0.397860
0.779963 -0.350328 -0.045092
0.779963 0.002441 -0.045092
1.132731 -0.350328 -0.397860
1.132731 0.002441 -0.397860
1.132731 -0.350328 -0.045092
1.132731 0.002441 -0.045092
-1.336648 0.355209 -0.045092
-0.983880 0.355209 -0.045092
-0.631111 0.355209 -0.045092
-0.278343 0.355209 -0.045092
0.074426 0.355209 -0.045092
0.427194 0.355209 -0.397860
0.427194 0.355209 -0.045092
0.779963 0.355209 -0.397860
0.779963 0.355209 -0.045092
1.132731 0.355209 -0.397860
1.132731 0.355209 -0.045092
-0.983880 0.707978 -0.045092
-0.631111 0.707978 -0.045092
-0.278343 0.707978 -0.045092
0.074426 0.707978 -0.045092
0.427194 0.707978 -0.397860
0.427194 0.707978 -0.045092
-0.983880 1.060746 -0.045092
-0.631111 1.060746 -0.045092
-0.278343 1.060746 -0.045092
0.074426 1.060746 -0.397860
0.074426 1.060746 -0.045092
-0.278343 -1.408633 0.307677
0.074426 -1.408633 0.307677
-0.278343 -1.055865 0.307677
0.074426 -1.055865 0.307677
0.427194 -1.408633 0.307677
0.427194 -1.055865 0.307677
-0.631111 -1.055865 0.307677
-0.631111 -0.703096 0.307677
-0.278343 -0.703096 0.307677
0.074426 -0.703096 0.307677
0.427194 -0.703096 0.307677
0.779963 -1.055865 -0.045092
0.779963 -0.703096 -0.045092
0.779963 -1.055865 0.307677
0.779963 -0.703096 0.307677
1.132731 -1.055865 -0.045092
1.132731 -0.703096 -0.045092
1.132731 -1.055865 0.307677
1.132731 -0.703096 0.307677
-0.983880 -0.703096 -0.045092
-0.983880 -0.703096 0.307677
-0.983880 -0.350328 0.307677
-0.631111 -0.350328 0.307677
-0.278343 -0.350328 0.307677
0.074426 -0.350328 0.307677
0.427194 -0.350328 0.307677
0.779963 -0.350328 0.307677
1.132731 -0.350328 0.307677
-1.336648 -0.350328 0.307677
-1.336648 0.002441 0.307677
-0.983880 0.002441 0.307677
-0.631111 0.002441 0.307677
-0.278343 0.002441 0.307677
0.074426 0.002441 0.307677
0.427194 0.002441 0.307677
0.779963 0.002441 0.307677
1.132731 0.002441 0.307677
-0.983880 0.355209 0.307677
-0.631111 0.355209 0.307677
-0.278343 0.355209 0.307677
0.074426 0.355209 0.307677
0.427194 0.355209 0.307677
0.779963 0.355209 0.307677
1.132731 0.355209 0.307677
-1.336648 0.707978 -0.045092
-1.336648 0.355209 0.307677
-1.336648 0.707978 0.307677
-0.983880 0.707978 0.307677
-0.631111 0.707978 0.307677
-0.278343 0.707978 0.307677
0.074426 0.707978 0.307677
0.427194 0.707978 0.307677
-0.983880 1.060746 0.307677
-0.631111 1.060746 0.307677
-0.278343 1.060746 0.307677
0.074426 1.060746 0.307677
0.427194 1.060746 -0.045092
0.427194 1.060746 0.307677
-0.278343 1.413515 -0.045092
0.074426 1.413515 -0.045092
-0.278343 1.413515 0.307677
0.074426 1.413515 0.307677
-0.278343 -1.408633 0.660445
0.074426 -1.408633 0.660445
-0.278343 -1.055865 0.660445
0.074426 -1.055865 0.660445
0.427194 -1.408633 0.660445
0.427194 -1.055865 0.660445
-0.631111 -1.055865 0.660445
-0.631111 -0.703096 0.660445
-0.278343 -0.703096 0.660445
0.074426 -0.703096 0.660445
0.427194 -0.703096 0.660445
0.779963 -1.055865 0.660445
0.779963 -0.703096 0.660445
1.132731 -1.055865 0.660445
1.132731 -0.703096 0.660445
1.485500 -1.055865 0.307677
1.485500 -0.703096 0.307677
1.485500 -1.055865 0.660445
1.485500 -0.703096 0.660445
-0.983880 -0.703096 0.660445
-0.983880 -0.350328 0.660445
-0.631111 -0.350328 0.660445
-0.278343 -0.350328 0.660445
0.074426 -0.350328 0.660445
0.427194 -0.350328 0.660445
0.779963 -0.350328 0.660445
1.132731 -0.350328 0.660445
-1.336648 -0.350328 0.660445
-1.336648 0.002441 0.660445
-0.983880 0.002441 0.660445
-0.631111 0.002441 0.660445
-0.278343 0.002441 0.660445
0.074426 0.002441 0.660445
0.427194 0.002441 0.660445
0.779963 0.002441 0.660445
1.132731 0.002441 0.660445
1.485500 -0.350328 0.307677
1.485500 0.002441 0.307677
1.485500 -0.350328 0.660445
1.485500 0.002441 0.660445
-0.983880 0.355209 0.660445
-0.631111 0.355209 0.660445
-0.278343 0.355209 0.660445
0.074426 0.355209 0.660445
-0.983880 0.707978 0.660445
-0.631111 0.707978 0.660445
-0.278343 0.707978 0.660445
0.074426 0.707978 0.660445
-0.983880 1.060746 0.660445
-0.631111 1.060746 0.660445
-0.278343 1.060746 0.660445
0.779963 -1.055865 1.013214
1.132731 -1.055865 1.013214
0.779963 -0.703096 1.013214
1.132731 -0.703096 1.013214
-0.278343 -0.703096 1.013214
0.074426 -0.703096 1.013214
-0.278343 -0.350328 1.013214
0.074426 -0.350328 1.013214
0.427194 -0.703096 1.013214
0.427194 -0.350328 1.013214
0.779963 -0.350328 1.013214
1.132731 -0.350328 1.013214
1.485500 -0.703096 1.013214
1.485500 -0.350328 1.013214
-0.631111 -0.350328 1.013214
-0.631111 0.002441 1.013214
-0.278343 0.002441 1.013214
0.074426 0.002441 1.013214
-0.631111 0.355209 1.013214
-0.278343 0.355209 1.013214
0.074426 0.355209 1.013214
-0.631111 0.707978 1.013214
-0.278343 0.707978 1.013214

TETRAHEDRA
0 1 2 4
1 3 2 7
1 2 4 7
1 4 5 7
2 4 7 6
2 3 9 7
2 9 8 10
2 6 7 10
9 7 11 10
2 7 9 10
8 9 12 10
9 13 12 15
9 12 10 15
9 10 11 15
12 10 15 14
4 5 7 17
4 7 6 18
4 16 17 18
7 17 19 18
4 17 7 18
20 6 10 18
20 10 21 23
20 22 18 23
10 18 24 23
20 18 10 23
6 7 10 18
7 11 10 25
7 10 18 25
7 18 19 25
10 18 25 24
10 11 15 25
10 15 14 26
10 24 25 26
15 25 27 26
10 25 15 26
14 15 28 26
15 29 28 31
15 28 26 31
15 26 27 31
28 26 31 30
32 33 17 35
32 17 16 36
32 34 35 36
17 35 37 36
32 35 17 36
33 38 17 35
38 39 17 41
38 17 35 41
38 35 40 41
17 35 41 37
16 17 18 36
17 19 18 43
17 18 36 43
17 36 37 43
18 36 43 42
22 18 23 44
18 24 23 46
18 23 44 46
18 44 42 46
23 44 46 45
18 19 25 43
18 25 24 46
18 42 43 46
25 43 47 46
18 43 25 46
19 48 25 43
48 49 25 51
48 25 43 51
48 43 50 51
25 43 51 47
24 25 26 46
25 27 26 53
25 26 46 53
25 46 47 53
26 46 53 52
54 26 55 56
26 30 55 58
26 55 56 58
26 56 52 58
55 56 58 57
26 27 31 53
26 31 30 58
26 52 53 58
31 53 59 58
26 53 31 58
60 61 35 62
61 40 35 65
61 35 62 65
61 62 63 65
35 62 65 64
61 66 67 68
61 67 40 65
61 63 68 65
67 68 69 65
61 68 67 65
34 35 36 70
35 37 36 72
35 36 70 72
35 70 64 72
36 70 72 71
73 36 44 74
36 42 44 76
36 44 74 76
36 74 71 76
44 74 76 75
36 37 43 72
36 43 42 76
36 71 72 76
43 72 77 76
36 72 43 76
37 41 43 72
41 50 43 79
41 43 72 79
41 72 78 79
43 72 79 77
44 42 46 76
44 46 45 80
44 75 76 80
46 76 81 80
44 76 46 80
42 43 46 76
43 47 46 82
43 46 76 82
43 76 77 82
46 76 82 81
43 50 51 79
43 51 47 82
43 77 79 82
51 79 83 82
43 79 51 82
50 84 51 79
84 85 51 87
84 51 79 87
84 79 86 87
51 79 87 83
46 47 53 82
46 53 52 88
46 81 82 88
53 82 89 88
46 82 53 88
47 51 53 82
51 90 53 91
51 53 82 91
51 82 83 91
53 82 91 89
51 85 92 87
51 92 90 91
51 83 87 91
92 87 93 91
51 87 92 91
52 53 58 88
53 59 58 95
53 58 88 95
53 88 89 95
58 88 95 94
53 90 96 91
53 96 59 95
53 89 91 95
96 91 97 95
53 91 96 95
98 99 68 101
98 68 63 102
98 100 101 102
68 101 103 102
98 101 68 102
99 104 68 101
104 105 68 107
104 68 101 107
104 101 106 107
68 101 107 103
62 63 65 102
62 65 64 109
62 108 102 109
65 102 110 109
62 102 65 109
63 68 65 102
68 69 65 111
68 65 102 111
68 102 103 111
65 102 111 110
68 105 112 107
68 112 69 111
68 103 107 111
112 107 113 111
68 107 112 111
74 71 76 115
74 76 75 116
74 114 115 116
76 115 117 116
74 115 76 116
71 72 76 115
72 77 76 119
72 76 115 119
72 115 118 119
76 115 119 117
72 78 79 120
72 79 77 119
72 118 120 119
79 120 121 119
72 120 79 119
78 122 79 120
122 86 79 124
122 79 120 124
122 120 123 124
79 120 124 121
122 125 126 127
122 126 86 124
122 123 127 124
126 127 128 124
122 127 126 124
125 129 126 127
129 130 126 132
129 126 127 132
129 127 131 132
126 127 132 128
129 133 134 135
129 134 130 132
129 131 135 132
134 135 136 132
129 135 134 132
75 76 80 116
76 81 80 138
76 80 116 138
76 116 117 138
80 116 138 137
76 77 82 119
76 82 81 138
76 117 119 138
82 119 139 138
76 119 82 138
77 79 82 119
79 83 82 140
79 82 119 140
79 119 121 140
82 119 140 139
79 86 87 124
79 87 83 140
79 121 124 140
87 124 141 140
79 124 87 140
86 126 87 124
126 142 87 143
126 87 124 143
126 124 128 143
87 124 143 141
126 130 144 132
126 144 142 143
126 128 132 143
144 132 145 143
126 132 144 143
130 134 144 132
134 146 144 147
134 144 132 147
134 132 136 147
144 132 147 145
81 82 88 138
82 89 88 149
82 88 138 149
82 138 139 149
88 138 149 148
82 83 91 140
82 91 89 149
82 139 140 149
91 140 150 149
82 140 91 149
83 87 91 140
87 93 91 151
87 91 140 151
87 140 141 151
91 140 151 150
87 142 152 143
87 152 93 151
87 141 143 151
152 143 153 151
87 143 152 151
88 89 95 149
88 95 94 154
88 148 149 154
95 149 155 154
88 149 95 154
89 91 95 149
91 97 95 156
91 95 149 156
91 149 150 156
95 149 156 155
91 93 157 151
91 157 97 156
91 150 151 156
157 151 158 156
91 151 157 156
100 101 102 159
101 103 102 162
101 102 159 162
101 159 160 162
102 159 162 161
101 106 107 163
101 107 103 162
101 160 163 162
107 163 164 162
101 163 107 162
108 102 109 165
102 110 109 167
102 109 165 167
102 165 161 167
109 165 167 166
102 103 111 162
102 111 110 167
102 161 162 167
111 162 168 167
102 162 111 167
103 107 111 162
107 113 111 169
107 111 162 169
107 162 164 169
111 162 169 168
107 170 171 172
107 171 113 169
107 164 172 169
171 172 173 169
107 172 171 169
170 174 171 172
174 175 171 177
174 171 172 177
174 172 176 177
171 172 177 173
178 109 115 179
109 118 115 181
109 115 179 181
109 179 166 181
115 179 181 180
109 110 120 167
109 120 118 181
109 166 167 181
120 167 182 181
109 167 120 181
111 113 127 169
111 127 123 183
111 168 169 183
127 169 184 183
111 169 127 183
113 171 127 169
171 131 127 185
171 127 169 185
171 169 173 185
127 169 185 184
171 175 135 177
171 135 131 185
171 173 177 185
135 177 186 185
171 177 135 185
114 115 116 187
115 117 116 189
115 116 187 189
115 187 180 189
116 187 189 188
115 118 119 181
115 119 117 189
115 180 181 189
119 181 190 189
115 181 119 189
118 120 119 181
120 121 119 191
120 119 181 191
120 181 182 191
119 181 191 190
120 123 124 183
120 124 121 191
120 182 183 191
124 183 192 191
120 183 124 191
123 127 124 183
127 128 124 193
127 124 183 193
127 183 184 193
124 183 193 192
127 131 132 185
127 132 128 193
127 184 185 193
132 185 194 193
127 185 132 193
131 135 132 185
135 136 132 195
135 132 185 195
135 185 186 195
132 185 195 194
117 119 138 189
119 139 138 197
119 138 189 197
119 189 190 197
138 189 197 196
119 121 140 191
119 140 139 197
119 190 191 197
140 191 198 197
119 191 140 197
121 124 140 191
124 141 140 199
124 140 191 199
124 191 192 199
140 191 199 198
124 128 143 193
124 143 141 199
124 192 193 199
143 193 200 199
124 193 143 199
128 132 143 193
132 145 143 201
132 143 193 201
132 193 194 201
143 193 201 200
132 136 147 195
132 147 145 201
132 194 195 201
147 195 202 201
132 195 147 201
137 138 203 204
138 148 203 206
138 203 204 206
138 204 196 206
203 204 206 205
138 139 149 197
138 149 148 206
138 196 197 206
149 197 207 206
138 197 149 206
139 140 149 197
140 150 149 208
140 149 197 208
140 197 198 208
149 197 208 207
140 141 151 199
140 151 150 208
140 198 199 208
151 199 209 208
140 199 151 208
141 143 151 199
143 153 151 210
143 151 199 210
143 199 200 210
151 199 210 209
148 149 154 206
149 155 154 212
149 154 206 212
149 206 207 212
154 206 212 211
149 150 156 208
149 156 155 212
149 207 208 212
156 208 213 212
149 208 156 212
150 151 156 208
151 158 156 214
151 156 208 214
151 208 209 214
156 208 214 213
151 153 215 210
151 215 158 214
151 209 210 214
215 210 216 214
151 210 215 214
156 158 218 214
156 218 217 219
156 213 214 219
218 214 220 219
156 214 218 219
159 160 162 222
159 162 161 223
159 221 222 223
162 222 224 223
159 222 162 223
160 163 162 222
163 164 162 226
163 162 222 226
163 222 225 226
162 222 226 224
165 161 167 223
165 167 166 228
165 227 223 228
167 223 229 228
165 223 167 228
161 162 167 223
162 168 167 230
162 167 223 230
162 223 224 230
167 223 230 229
162 164 169 226
162 169 168 230
162 224 226 230
169 226 231 230
162 226 169 230
164 172 169 226
172 173 169 233
172 169 226 233
172 226 232 233
169 226 233 231
172 176 177 234
172 177 173 233
172 232 234 233
177 234 235 233
172 234 177 233
176 236 177 234
236 237 177 239
236 177 234 239
236 234 238 239
177 234 239 235
179 166 181 228
179 181 180 241
179 240 228 241
181 228 242 241
179 228 181 241
166 167 181 228
167 182 181 243
167 181 228 243
167 228 229 243
181 228 243 242
167 168 183 230
167 183 182 243
167 229 230 243
183 230 244 243
167 230 183 243
168 169 183 230
169 184 183 245
169 183 230 245
169 230 231 245
183 230 245 244
169 173 185 233
169 185 184 245
169 231 233 245
185 233 246 245
169 233 185 245
173 177 185 233
177 186 185 247
177 185 233 247
177 233 235 247
185 233 247 246
187 180 189 241
187 189 188 249
187 248 241 249
189 241 250 249
187 241 189 249
180 181 189 241
181 190 189 251
181 189 241 251
181 241 242 251
189 241 251 250
181 182 191 243
181 191 190 251
181 242 243 251
191 243 252 251
181 243 191 251
182 183 191 243
183 192 191 253
183 191 243 253
183 243 244 253
191 243 253 252
184 185 193 245
185 194 193 255
185 193 245 255
185 245 246 255
193 245 255 254
185 186 195 247
185 195 194 255
185 246 247 255
195 247 256 255
185 247 195 255
186 257 195 247
257 258 195 260
257 195 247 260
257 247 259 260
195 247 260 256
189 190 197 251
189 197 196 261
189 250 251 261
197 251 262 261
189 251 197 261
190 191 197 251
191 198 197 263
191 197 251 263
191 251 252 263
197 251 263 262
191 192 199 253
191 199 198 263
191 252 253 263
199 253 264 263
191 253 199 263
196 197 206 261
197 207 206 266
197 206 261 266
197 261 262 266
206 261 266 265
197 198 208 263
197 208 207 266
197 262 263 266
208 263 267 266
197 263 208 266
198 199 208 263
199 209 208 268
199 208 263 268
199 263 264 268
208 263 268 267
206 207 212 266
206 212 211 269
206 265 266 269
212 266 270 269
206 266 212 269
207 208 212 266
208 213 212 271
208 212 266 271
208 266 267 271
212 266 271 270
232 234 233 272
234 235 233 275
234 233 272 275
234 272 273 275
233 272 275 274
229 230 243 276
230 244 243 279
230 243 276 279
230 276 277 279
243 276 279 278
230 231 245 280
230 245 244 279
230 277 280 279
245 280 281 279
230 280 245 279
233 235 247 275
233 247 246 282
233 274 275 282
247 275 283 282
233 275 247 282
235 239 247 275
239 259 247 285
239 247 275 285
239 275 284 285
247 275 285 283
242 243 251 286
243 252 251 288
243 251 286 288
243 286 278 288
251 286 288 287
243 244 253 279
243 253 252 288
243 278 279 288
253 279 289 288
243 279 253 288
251 252 263 288
251 263 262 290
251 287 288 290
263 288 291 290
251 288 263 290
252 253 263 288
253 264 263 292
253 263 288 292
253 288 289 292
263 288 292 291
262 263 266 290
263 267 266 294
263 266 290 294
263 290 291 294
266 290 294 293

EDGES
0 1
0 2
0 4
1 2
1 3
1 4
1 5
1 7
2 3
2 4
2 6
2 7
2 8
2 9
2 10
3 7
3 9
4 5
4 6
4 7
4 16
4 17
4 18
5 7
5 17
6 7
6 10
6 18
6 20
7 9
7 10
7 11
7 17
7 18
7 19
7 25
8 9
8 10
8 12
9 10
9 11
9 12
9 13
9 15
10 11
10 12
10 14
10 15
10 18
10 20
10 21
10 23
10 24
10 25
10 26
11 15
11 25
12 13
12 14
12 15
13 15
14 15
14 26
14 28
15 25
15 26
15 27
15 28
15 29
15 31
16 17
16 18
16 32
16 36
17 18
17 19
17 32
17 33
17 35
17 36
17 37
17 38
17 39
17 41
17 43
18 19
18 20
18 22
18 23
18 24
18 25
18 36
18 42
18 43
18 44
18 46
19 25
19 43
19 48
20 21
20 22
20 23
21 23
22 23
22 44
23 24
23 44
23 45
23 46
24 25
24 26
24 46
25 26
25 27
25 43
25 46
25 47
25 48
25 49
25 51
25 53
26 27
26 28
26 30
26 31
26 46
26 52
26 53
26 54
26 55
26 56
26 58
27 31
27 53
28 29
28 30
28 31
29 31
30 31
30 55
30 58
31 53
31 58
31 59
32 33
32 34
32 35
32 36
33 35
33 38
34 35
34 36
34 70
35 36
35 37
35 38
35 40
35 41
35 60
35 61
35 62
35 64
35 65
35 70
35 72
36 37
36 42
36 43
36 44
36 70
36 71
36 72
36 73
36 74
36 76
37 41
37 43
37 72
38 39
38 40
38 41
39 41
40 41
40 61
40 65
40 67
41 43
41 50
41 72
41 78
41 79
42 43
42 44
42 46
42 76
43 46
43 47
43 48
43 50
43 51
43 72
43 76
43 77
43 79
43 82
44 45
44 46
44 73
44 74
44 75
44 76
44 80
45 46
45 80
46 47
46 52
46 53
46 76
46 80
46 81
46 82
46 88
47 51
47 53
47 82
48 49
48 50
48 51
49 51
50 51
50 79
50 84
51 53
51 79
51 82
51 83
51 84
51 85
51 87
51 90
51 91
51 92
52 53
52 56
52 58
52 88
53 58
53 59
53 82
53 88
53 89
53 90
53 91
53 95
53 96
54 55
54 56
55 56
55 57
55 58
56 57
56 58
57 58
58 59
58 88
58 94
58 95
59 95
59 96
60 61
60 62
61 62
61 63
61 65
61 66
61 67
61 68
62 63
62 64
62 65
62 102
62 108
62 109
63 65
63 68
63 98
63 102
64 65
64 70
64 72
64 109
65 67
65 68
65 69
65 102
65 109
65 110
65 111
66 67
66 68
67 68
67 69
68 69
68 98
68 99
68 101
68 102
68 103
68 104
68 105
68 107
68 111
68 112
69 111
69 112
70 71
70 72
71 72
71 74
71 76
71 115
72 76
72 77
72 78
72 79
72 115
72 118
72 119
72 120
73 74
74 75
74 76
74 114
74 115
74 116
75 76
75 80
75 116
76 77
76 80
76 81
76 82
76 115
76 116
76 117
76 119
76 138
77 79
77 82
77 119
78 79
78 120
78 122
79 82
79 83
79 84
79 86
79 87
79 119
79 120
79 121
79 122
79 124
79 140
80 81
80 116
80 137
80 138
81 82
81 88
81 138
82 83
82 88
82 89
82 91
82 119
82 138
82 139
82 140
82 149
83 87
83 91
83 140
84 85
84 86
84 87
85 87
85 92
86 87
86 122
86 124
86 126
87 91
87 92
87 93
87 124
87 126
87 140
87 141
87 142
87 143
87 151
87 152
88 89
88 94
88 95
88 138
88 148
88 149
88 154
89 91
89 95
89 149
90 91
90 92
90 96
91 92
91 93
91 95
91 96
91 97
91 140
91 149
91 150
91 151
91 156
91 157
92 93
93 151
93 152
93 157
94 95
94 154
95 96
95 97
95 149
95 154
95 155
95 156
96 97
97 156
97 157
98 99
98 100
98 101
98 102
99 101
99 104
100 101
100 102
100 159
101 102
101 103
101 104
101 106
101 107
101 159
101 160
101 162
101 163
102 103
102 108
102 109
102 110
102 111
102 159
102 161
102 162
102 165
102 167
103 107
103 111
103 162
104 105
104 106
104 107
105 107
105 112
106 107
106 163
107 111
107 112
107 113
107 162
107 163
107 164
107 169
107 170
107 171
107 172
108 109
108 165
109 110
109 115
109 118
109 120
109 165
109 166
109 167
109 178
109 179
109 181
110 111
110 120
110 167
111 112
111 113
111 123
111 127
111 162
111 167
111 168
111 169
111 183
112 113
113 127
113 169
113 171
114 115
114 116
114 187
115 116
115 117
115 118
115 119
115 178
115 179
115 180
115 181
115 187
115 189
116 117
116 137
116 138
116 187
116 188
116 189
117 119
117 138
117 189
118 119
118 120
118 181
119 120
119 121
119 138
119 139
119 140
119 181
119 189
119 190
119 191
119 197
120 121
120 122
120 123
120 124
120 167
120 181
120 182
120 183
120 191
121 124
121 140
121 191
122 123
122 124
122 125
122 126
122 127
123 124
123 127
123 183
124 126
124 127
124 128
124 140
124 141
124 143
124 183
124 191
124 192
124 193
124 199
125 126
125 127
125 129
126 127
126 128
126 129
126 130
126 132
126 142
126 143
126 144
127 128
127 129
127 131
127 132
127 169
127 171
127 183
127 184
127 185
127 193
128 132
128 143
128 193
129 130
129 131
129 132
129 133
129 134
129 135
130 132
130 134
130 144
131 132
131 135
131 171
131 185
132 134
132 135
132 136
132 143
132 144
132 145
132 147
132 185
132 193
132 194
132 195
132 201
133 134
133 135
134 135
134 136
134 144
134 146
134 147
135 136
135 171
135 175
135 177
135 185
135 186
135 195
136 147
136 195
137 138
137 203
137 204
138 139
138 148
138 149
138 189
138 196
138 197
138 203
138 204
138 206
139 140
139 149
139 197
140 141
140 149
140 150
140 151
140 191
140 197
140 198
140 199
140 208
141 143
141 151
141 199
142 143
142 144
142 152
143 144
143 145
143 151
143 152
143 153
143 193
143 199
143 200
143 201
143 210
144 145
144 146
144 147
145 147
145 201
146 147
147 195
147 201
147 202
148 149
148 154
148 203
148 206
149 150
149 154
149 155
149 156
149 197
149 206
149 207
149 208
149 212
150 151
150 156
150 208
151 152
151 153
151 156
151 157
151 158
151 199
151 208
151 209
151 210
151 214
151 215
152 153
153 210
153 215
154 155
154 206
154 211
154 212
155 156
155 212
156 157
156 158
156 208
156 212
156 213
156 214
156 217
156 218
156 219
157 158
158 214
158 215
158 218
159 160
159 161
159 162
159 221
159 222
159 223
160 162
160 163
160 222
161 162
161 165
161 167
161 223
162 163
162 164
162 167
162 168
162 169
162 222
162 223
162 224
162 226
162 230
163 164
163 222
163 225
163 226
164 169
164 172
164 226
165 166
165 167
165 223
165 227
165 228
166 167
166 179
166 181
166 228
167 168
167 181
167 182
167 183
167 223
167 228
167 229
167 230
167 243
168 169
168 183
168 230
169 171
169 172
169 173
169 183
169 184
169 185
169 226
169 230
169 231
169 233
169 245
170 171
170 172
170 174
171 172
171 173
171 174
171 175
171 177
171 185
172 173
172 174
172 176
172 177
172 226
172 232
172 233
172 234
173 177
173 185
173 233
174 175
174 176
174 177
175 177
176 177
176 234
176 236
177 185
177 186
177 233
177 234
177 235
177 236
177 237
177 239
177 247
178 179
179 180
179 181
179 228
179 240
179 241
180 181
180 187
180 189
180 241
181 182
181 189
181 190
181 191
181 228
181 241
181 242
181 243
181 251
182 183
182 191
182 243
183 184
183 191
183 192
183 193
183 230
183 243
183 244
183 245
183 253
184 185
184 193
184 245
185 186
185 193
185 194
185 195
185 233
185 245
185 246
185 247
185 255
186 195
186 247
186 257
187 188
187 189
187 241
187 248
187 249
188 189
188 249
189 190
189 196
189 197
189 241
189 249
189 250
189 251
189 261
190 191
190 197
190 251
191 192
191 197
191 198
191 199
191 243
191 251
191 252
191 253
191 263
192 193
192 199
192 253
193 194
193 199
193 200
193 201
193 245
193 254
193 255
194 195
194 201
194 255
195 201
195 202
195 247
195 255
195 256
195 257
195 258
195 260
196 197
196 204
196 206
196 261
197 198
197 206
197 207
197 208
197 251
197 261
197 262
197 263
197 266
198 199
198 208
198 263
199 200
199 208
199 209
199 210
199 253
199 263
199 264
199 268
200 201
200 210
201 202
203 204
203 205
203 206
204 205
204 206
205 206
206 207
206 211
206 212
206 261
206 265
206 266
206 269
207 208
207 212
207 266
208 209
208 212
208 213
208 214
208 263
208 266
208 267
208 268
208 271
209 210
209 214
209 268
210 214
210 215
210 216
211 212
211 269
212 213
212 266
212 269
212 270
212 271
213 214
213 219
213 271
214 215
214 216
214 218
214 219
214 220
215 216
217 218
217 219
218 219
218 220
219 220
221 222
221 223
222 223
222 224
222 225
222 226
223 224
223 227
223 228
223 229
223 230
224 226
224 230
225 226
226 230
226 231
226 232
226 233
227 228
228 229
228 240
228 241
228 242
228 243
229 230
229 243
229 276
230 231
230 243
230 244
230 245
230 276
230 277
230 279
230 280
231 233
231 245
231 280
232 233
232 234
232 272
233 234
233 235
233 245
233 246
233 247
233 272
233 274
233 275
233 282
234 235
234 236
234 238
234 239
234 272
234 273
234 275
235 239
235 247
235 275
236 237
236 238
236 239
237 239
238 239
239 247
239 259
239 275
239 284
239 285
240 241
241 242
241 248
241 249
241 250
241 251
242 243
242 251
242 286
243 244
243 251
243 252
243 253
243 276
243 278
243 279
243 286
243 288
244 245
244 253
244 279
245 246
245 254
245 255
245 279
245 280
245 281
246 247
246 255
246 282
247 255
247 256
247 257
247 259
247 260
247 275
247 282
247 283
247 285
248 249
249 250
250 251
250 261
251 252
251 261
251 262
251 263
251 286
251 287
251 288
251 290
252 253
252 263
252 288
253 263
253 264
253 279
253 288
253 289
253 292
254 255
255 256
256 260
257 258
257 259
257 260
258 260
259 260
259 285
261 262
261 265
261 266
262 263
262 266
262 290
263 264
263 266
263 267
263 268
263 288
263 290
263 291
263 292
263 294
264 268
264 292
265 266
265 269
266 267
266 269
266 270
266 271
266 290
266 293
266 294
267 268
267 271
267 294
269 270
270 271
272 273
272 274
272 275
273 275
274 275
274 282
275 282
275 283
275 284
275 285
276 277
276 278
276 279
277 279
277 280
278 279
278 286
278 288
279 280
279 281
279 288
279 289
280 281
282 283
283 285
284 285
286 287
286 288
287 288
287 290
288 289
288 290
288 291
288 292
289 292
290 291
290 293
290 294
291 292
291 294
293 294

SURFACE_TRIANGLES
290 294 293
266 290 293
290 291 294
263 267 294
288 292 291
263 291 292
288 289 292
253 292 289
263 292 264
266 293 294
253 264 292
251 287 290
279 289 288
253 289 279
243 278 286
242 286 251
275 285 283
275 284 285
247 285 259
235 239 275
235 247 239
274 275 282
233 282 246
245 279 281
245 281 280
277 280 279
230 280 277
230 231 280
276 277 279
230 277 276
232 234 272
263 294 291
212 270 271
266 267 271
265 266 269
211 269 212
263 264 268
239 247 259
208 268 209
199 209 268
266 270 269
261 266 265
206 261 265
199 264 253
192 199 253
266 271 270
189 261 196
247 260 256
247 257 259
257 258 260
195 258 257
195 255 256
234 275 273
246 247 255
194 255 195
193 254 255
241 251 250
241 249 248
187 248 249
177 247 235
177 186 247
231 233 245
183 244 245
229 276 243
167 182 183
167 183 168
228 229 243
228 242 241
179 240 241
179 228 240
179 241 180
166 228 179
234 239 235
275 283 282
177 235 239
236 239 238
177 239 237
177 237 236
172 234 232
208 213 271
262 290 266
189 249 250
226 232 233
172 232 226
176 177 236
224 226 230
208 271 267
223 230 229
223 224 230
223 229 228
223 228 227
165 223 227
165 228 166
161 223 165
222 226 224
163 226 225
241 242 251
163 225 222
163 164 226
160 163 222
221 222 223
159 222 221
159 223 161
250 251 261
214 220 219
251 262 261
214 218 220
213 214 219
156 213 219
156 219 217
156 217 218
156 218 158
210 216 214
210 215 216
209 210 214
183 253 244
158 214 215
244 253 279
153 215 210
208 214 213
208 209 214
86 126 122
276 279 278
44 80 45
199 200 210
109 115 118
257 260 259
25 53 47
111 113 112
74 114 116
151 158 215
74 116 75
127 129 131
195 256 260
72 120 118
226 233 231
35 64 65
222 224 223
104 105 107
194 195 201
245 246 255
63 68 98
122 126 125
1 3 7
122 127 123
58 95 59
222 225 226
143 210 200
247 283 285
108 165 109
232 272 233
51 53 90
186 195 257
100 159 102
46 88 52
46 80 81
165 227 228
84 87 86
79 84 86
51 85 84
266 294 267
80 138 81
116 187 188
50 84 79
134 136 135
158 218 214
58 88 94
70 72 71
45 80 46
263 268 267
91 93 92
38 39 41
2 4 6
195 260 258
174 175 177
288 291 290
122 125 127
87 152 142
239 259 285
30 55 58
41 79 78
203 205 206
41 50 79
35 62 64
37 41 72
37 43 41
72 78 120
71 115 74
68 105 104
15 29 31
90 96 91
68 99 98
187 241 248
247 282 283
51 90 92
44 74 75
84 85 87
36 71 74
95 97 96
28 31 29
36 44 42
138 196 204
62 109 64
36 70 71
36 74 73
35 64 70
233 272 274
68 112 105
35 37 72
35 72 64
184 245 193
17 38 33
143 201 145
183 193 192
241 250 249
32 34 36
18 42 44
87 92 93
32 35 34
2 10 8
17 33 32
26 30 28
102 165 108
15 31 27
26 55 30
104 107 106
26 54 55
55 56 57
15 28 29
14 28 15
110 120 167
19 25 48
287 288 290
31 59 53
87 93 152
98 101 100
17 41 39
27 31 53
10 26 14
116 117 138
111 168 183
34 35 70
7 25 19
115 180 187
7 19 17
101 163 160
109 120 110
239 284 275
38 41 40
206 269 211
109 165 166
7 11 25
40 67 61
143 152 153
0 4 2
47 53 51
16 17 32
78 79 122
20 22 23
28 30 31
229 230 276
23 45 46
2 6 10
236 237 239
46 81 88
98 100 102
69 111 112
1 2 3
105 112 107
62 102 108
40 65 67
17 37 41
208 267 268
18 36 42
172 174 176
48 51 50
4 17 16
85 92 87
9 12 13
144 147 146
2 8 9
43 48 50
53 59 96
0 2 1
10 24 26
15 27 25
14 26 28
33 38 35
3 9 7
71 72 115
9 13 15
0 1 4
25 27 53
18 22 20
214 216 215
137 138 204
10 23 24
2 9 3
278 279 288
24 46 26
10 20 21
272 275 274
5 7 17
4 18 6
10 21 23
199 268 264
59 95 96
172 176 234
113 127 171
62 108 109
11 15 25
1 5 4
245 255 254
56 58 57
170 171 174
6 18 20
12 15 13
34 70 36
10 14 12
22 44 23
4 5 17
52 58 56
41 43 50
159 221 223
44 73 74
4 16 18
25 47 51
154 206 211
193 255 194
61 68 63
35 60 62
36 73 44
16 32 36
17 39 38
74 115 114
188 249 189
98 99 101
35 61 60
35 38 40
25 49 48
35 40 41
234 235 275
35 41 37
233 274 282
16 36 18
183 192 253
125 129 127
17 19 43
17 43 37
228 241 240
116 189 117
64 72 70
79 86 122
23 46 24
180 241 187
68 104 99
183 184 193
218 219 220
120 182 167
26 56 54
65 110 111
107 112 113
148 203 206
48 49 51
72 118 115
25 51 49
55 57 58
62 63 102
107 171 170
26 46 52
107 164 163
212 271 213
19 48 43
54 56 55
101 106 163
137 204 203
65 69 67
136 147 195
30 58 31
31 58 59
60 61 62
7 9 11
1 7 5
20 23 21
107 113 171
193 200 199
35 65 40
61 63 62
247 256 255
135 136 195
8 12 9
61 67 66
61 66 68
90 91 92
234 236 238
261 262 266
44 75 80
247 259 260
176 236 234
278 288 286
125 126 129
126 130 129
68 69 112
134 146 147
272 273 275
171 175 174
129 134 133
251 290 262
193 245 254
145 201 147
129 133 135
133 134 135
129 130 134
120 122 123
251 286 287
101 104 106
91 96 97
75 116 80
126 144 130
114 187 116
80 116 137
80 137 138
86 87 126
87 142 126
26 52 56
116 138 137
231 245 280
41 78 72
147 202 195
192 193 199
66 67 68
193 194 201
6 20 10
154 211 212
151 215 153
95 155 156
239 285 284
189 250 261
126 142 144
142 143 144
117 189 138
143 145 144
130 144 134
134 144 146
144 145 147
135 175 171
228 243 242
51 92 85
91 97 157
88 138 148
23 44 45
78 122 120
196 261 206
100 101 159
93 151 152
18 44 22
242 243 286
151 153 152
142 152 143
183 245 184
226 231 230
88 154 94
234 273 272
95 154 155
109 166 179
286 288 287
91 157 93
65 109 110
95 156 97
279 280 281
97 156 157
151 157 158
156 158 157
204 206 205
101 160 159
102 159 161
67 69 68
106 107 163
94 154 95
102 161 165
50 51 84
110 167 111
111 167 168
63 98 102
154 212 155
107 170 172
107 172 164
88 148 154
170 174 172
65 111 69
174 177 176
109 178 115
156 212 213
109 179 178
99 104 101
115 178 179
115 179 180
109 118 120
129 135 131
111 123 127
111 183 123
93 157 151
195 202 201
127 131 171
159 160 222
135 177 175
64 109 65
9 15 11
111 127 113
135 186 177
114 115 187
244 279 245
35 40 61
116 188 189
233 246 245
120 123 183
212 269 270
120 183 182
134 147 136
243 276 278
135 195 186
246 282 247
164 172 226
138 189 196
32 33 35
148 206 154
143 200 201
131 135 171
193 201 200
12 14 15
58 94 95
147 201 202
137 203 138
138 203 148
8 10 12
196 206 204
203 204 205
53 96 90
81 138 88
217 219 218
143 153 210
199 210 209
234 238 239
186 257 247
52 88 58
155 212 156
206 265 269
187 249 188
