# CentVoxTetrahedralizerHybrid tetrahedral mesh
# Detection mode: HYBRID
# Grid: 8^3
# Merge block size: 1
# Protection layers: 1
# Smoothed: Yes
# Vertices: 221
# Tetrahedra: 485

VERTICES
-1.439142 0.555019 -2.053387
-0.995134 0.555019 -2.053387
-1.439142 0.999027 -2.053387
-0.995134 0.999027 -2.053387
-1.439142 0.555019 -1.609379
-0.995134 0.555019 -1.609379
-1.439142 0.999027 -1.609379
-0.995134 0.999027 -1.609379
-0.551126 0.555019 -2.053387
-0.551126 0.999027 -2.053387
-0.551126 0.555019 -1.609379
-0.551126 0.999027 -1.609379
-0.995134 -0.777006 -1.609379
-0.551126 -0.777006 -1.609379
-0.995134 -0.332997 -1.609379
-0.551126 -0.332997 -1.609379
-0.995134 -0.777006 -1.165371
-0.551126 -0.777006 -1.165371
-0.995134 -0.332997 -1.165371
-0.551126 -0.332997 -1.165371
-0.995134 0.111011 -1.609379
-0.551126 0.111011 -1.609379
-0.995134 0.111011 -1.165371
-0.551126 0.111011 -1.165371
-0.995134 0.555019 -1.165371
-0.551126 0.555019 -1.165371
-1.439142 0.555019 -1.165371
-1.439142 0.999027 -1.165371
-0.995134 0.999027 -1.165371
-0.551126 0.999027 -1.165371
-0.995134 -0.777006 -0.721363
-0.551126 -0.777006 -0.721363
-0.995134 -0.332997 -0.721363
-0.551126 -0.332997 -0.721363
-0.107117 -0.777006 -1.165371
-0.107117 -0.332997 -1.165371
-0.107117 -0.777006 -0.721363
-0.107117 -0.332997 -0.721363
-1.439142 -0.332997 -1.165371
-1.439142 0.111011 -1.165371
-1.439142 -0.332997 -0.721363
-1.439142 0.111011 -0.721363
-0.995134 0.111011 -0.721363
-0.551126 0.111011 -0.721363
-1.439142 0.555019 -0.721363
-0.995134 0.555019 -0.721363
-0.551126 0.555019 -0.721363
-0.995134 0.999027 -0.721363
-0.551126 0.999027 -0.721363
-0.995134 1.443036 -1.165371
-0.551126 1.443036 -1.165371
-0.995134 1.443036 -0.721363
-0.551126 1.443036 -0.721363
-0.551126 -1.221014 -0.721363
-0.107117 -1.221014 -0.721363
-0.551126 -1.221014 -0.277354
-0.107117 -1.221014 -0.277354
-0.551126 -0.777006 -0.277354
-0.107117 -0.777006 -0.277354
0.336891 -1.221014 -0.721363
0.336891 -0.777006 -0.721363
0.336891 -1.221014 -0.277354
0.336891 -0.777006 -0.277354
-0.995134 -0.777006 -0.277354
-0.995134 -0.332997 -0.277354
-0.551126 -0.332997 -0.277354
-0.107117 -0.332997 -0.277354
-1.439142 -0.332997 -0.277354
-1.439142 0.111011 -0.277354
-0.995134 0.111011 -0.277354
-0.551126 0.111011 -0.277354
-0.107117 0.111011 -0.721363
-0.107117 0.111011 -0.277354
-1.439142 0.555019 -0.277354
-0.995134 0.555019 -0.277354
-0.551126 0.555019 -0.277354
-0.107117 0.555019 -0.721363
-0.107117 0.555019 -0.277354
-1.439142 0.999027 -0.721363
-1.439142 0.999027 -0.277354
-0.995134 0.999027 -0.277354
-0.551126 0.999027 -0.277354
-0.107117 0.999027 -0.721363
-0.107117 0.999027 -0.277354
-1.439142 1.443036 -0.721363
-1.439142 1.443036 -0.277354
-0.995134 1.443036 -0.277354
-0.551126 1.443036 -0.277354
-0.995134 -1.221014 -0.277354
-0.995134 -1.221014 0.166654
-0.551126 -1.221014 0.166654
-0.995134 -0.777006 0.166654
-0.551126 -0.777006 0.166654
-0.107117 -1.221014 0.166654
-0.107117 -0.777006 0.166654
0.336891 -1.221014 0.166654
0.336891 -0.777006 0.166654
-1.439142 -0.777006 -0.277354
-1.439142 -0.777006 0.166654
-1.439142 -0.332997 0.166654
-0.995134 -0.332997 0.166654
-0.551126 -0.332997 0.166654
-0.107117 -0.332997 0.166654
0.336891 -0.332997 -0.277354
0.336891 -0.332997 0.166654
-1.439142 0.111011 0.166654
-0.995134 0.111011 0.166654
-0.551126 0.111011 0.166654
-0.107117 0.111011 0.166654
0.336891 0.111011 -0.277354
0.336891 0.111011 0.166654
-1.439142 0.555019 0.166654
-0.995134 0.555019 0.166654
-0.551126 0.555019 0.166654
-0.107117 0.555019 0.166654
0.336891 0.555019 -0.277354
0.336891 0.555019 0.166654
-0.995134 0.999027 0.166654
-0.551126 0.999027 0.166654
-0.107117 0.999027 0.166654
0.336891 0.999027 -0.277354
0.336891 0.999027 0.166654
-1.439142 0.999027 0.166654
-1.439142 1.443036 0.166654
-0.995134 1.443036 0.166654
-0.551126 1.443036 0.166654
-0.107117 1.443036 -0.277354
-0.107117 1.443036 0.166654
-0.551126 -1.221014 0.610662
-0.107117 -1.221014 0.610662
-0.551126 -0.777006 0.610662
-0.107117 -0.777006 0.610662
0.336891 -1.221014 0.610662
0.336891 -0.777006 0.610662
0.780899 -1.221014 0.166654
0.780899 -0.777006 0.166654
0.780899 -1.221014 0.610662
0.780899 -0.777006 0.610662
1.224907 -1.221014 0.166654
1.224907 -0.777006 0.166654
1.224907 -1.221014 0.610662
1.224907 -0.777006 0.610662
1.668916 -1.221014 0.166654
1.668916 -0.777006 0.166654
1.668916 -1.221014 0.610662
1.668916 -0.777006 0.610662
-1.439142 -0.777006 0.610662
-0.995134 -0.777006 0.610662
-1.439142 -0.332997 0.610662
-0.995134 -0.332997 0.610662
-0.551126 -0.332997 0.610662
-0.107117 -0.332997 0.610662
0.336891 -0.332997 0.610662
0.780899 -0.332997 0.166654
0.780899 -0.332997 0.610662
1.224907 -0.332997 0.166654
1.224907 -0.332997 0.610662
1.668916 -0.332997 0.166654
1.668916 -0.332997 0.610662
2.112924 -0.777006 0.166654
2.112924 -0.332997 0.166654
2.112924 -0.777006 0.610662
2.112924 -0.332997 0.610662
-1.439142 0.111011 0.610662
-0.995134 0.111011 0.610662
-0.551126 0.111011 0.610662
-0.107117 0.111011 0.610662
0.336891 0.111011 0.610662
0.780899 0.111011 0.166654
0.780899 0.111011 0.610662
-1.439142 0.555019 0.610662
-0.995134 0.555019 0.610662
-0.551126 0.555019 0.610662
-0.107117 0.555019 0.610662
0.336891 0.555019 0.610662
0.780899 0.555019 0.166654
0.780899 0.555019 0.610662
-0.995134 0.999027 0.610662
-0.551126 0.999027 0.610662
-0.107117 0.999027 0.610662
0.336891 0.999027 0.610662
-0.551126 -0.777006 1.054670
-0.107117 -0.777006 1.054670
-0.551126 -0.332997 1.054670
-0.107117 -0.332997 1.054670
0.336891 -0.777006 1.054670
0.336891 -0.332997 1.054670
0.780899 -0.777006 1.054670
1.224907 -0.777006 1.054670
0.780899 -0.332997 1.054670
1.224907 -0.332997 1.054670
1.668916 -0.777006 1.054670
1.668916 -0.332997 1.054670
2.112924 -0.777006 1.054670
2.112924 -0.332997 1.054670
-0.551126 0.111011 1.054670
-0.107117 0.111011 1.054670
0.336891 0.111011 1.054670
0.780899 0.111011 1.054670
1.224907 0.111011 0.610662
1.224907 0.111011 1.054670
1.668916 0.111011 0.610662
1.668916 0.111011 1.054670
-0.551126 0.555019 1.054670
-0.107117 0.555019 1.054670
0.336891 0.555019 1.054670
0.780899 0.555019 1.054670
1.224907 0.555019 0.610662
1.224907 0.555019 1.054670
-0.551126 0.999027 1.054670
-0.107117 0.999027 1.054670
0.336891 0.999027 1.054670
0.336891 -0.332997 1.498679
0.780899 -0.332997 1.498679
0.336891 0.111011 1.498679
0.780899 0.111011 1.498679
1.224907 -0.332997 1.498679
1.224907 0.111011 1.498679
0.336891 0.555019 1.498679
0.780899 0.555019 1.498679
1.224907 0.555019 1.498679

TETRAHEDRA
0 1 3 5
0 3 2 6
0 4 5 6
3 5 7 6
0 5 3 6
1 8 3 5
8 9 3 11
8 3 5 11
8 5 10 11
3 5 11 7
12 13 14 16
13 15 14 19
13 14 16 19
13 16 17 19
14 16 19 18
14 15 21 19
14 21 20 22
14 18 19 22
21 19 23 22
14 19 21 22
20 21 5 22
21 10 5 25
21 5 22 25
21 22 23 25
5 22 25 24
4 5 6 26
5 7 6 28
5 6 26 28
5 26 24 28
6 26 28 27
5 10 11 25
5 11 7 28
5 24 25 28
11 25 29 28
5 25 11 28
16 17 19 31
16 19 18 32
16 30 31 32
19 31 33 32
16 31 19 32
17 34 19 31
34 35 19 37
34 19 31 37
34 31 36 37
19 31 37 33
38 18 22 32
38 22 39 41
38 40 32 41
22 32 42 41
38 32 22 41
18 19 22 32
19 23 22 43
19 22 32 43
19 32 33 43
22 32 43 42
39 22 26 41
22 24 26 45
22 26 41 45
22 41 42 45
26 41 45 44
22 23 25 43
22 25 24 45
22 42 43 45
25 43 46 45
22 43 25 45
24 25 28 45
25 29 28 48
25 28 45 48
25 45 46 48
28 45 48 47
28 29 50 48
28 50 49 51
28 47 48 51
50 48 52 51
28 48 50 51
53 54 31 55
54 36 31 58
54 31 55 58
54 55 56 58
31 55 58 57
54 59 60 61
54 60 36 58
54 56 61 58
60 61 62 58
54 61 60 58
30 31 32 63
31 33 32 65
31 32 63 65
31 63 57 65
32 63 65 64
31 36 37 58
31 37 33 65
31 57 58 65
37 58 66 65
31 58 37 65
40 32 41 67
32 42 41 69
32 41 67 69
32 67 64 69
41 67 69 68
32 33 43 65
32 43 42 69
32 64 65 69
43 65 70 69
32 65 43 69
33 37 43 65
37 71 43 72
37 43 65 72
37 65 66 72
43 65 72 70
41 42 45 69
41 45 44 73
41 68 69 73
45 69 74 73
41 69 45 73
42 43 45 69
43 46 45 75
43 45 69 75
43 69 70 75
45 69 75 74
43 71 76 72
43 76 46 75
43 70 72 75
76 72 77 75
43 72 76 75
44 45 78 73
45 47 78 80
45 78 73 80
45 73 74 80
78 73 80 79
45 46 48 75
45 48 47 80
45 74 75 80
48 75 81 80
45 75 48 80
46 76 48 75
76 82 48 83
76 48 75 83
76 75 77 83
48 75 83 81
78 47 51 80
78 51 84 85
78 79 80 85
51 80 86 85
78 80 51 85
47 48 51 80
48 52 51 87
48 51 80 87
48 80 81 87
51 80 87 86
88 55 63 89
55 57 63 92
55 63 89 92
55 89 90 92
63 89 92 91
55 56 58 93
55 58 57 92
55 90 93 92
58 93 94 92
55 93 58 92
56 61 58 93
61 62 58 96
61 58 93 96
61 93 95 96
58 93 96 94
97 63 67 98
63 64 67 100
63 67 98 100
63 98 91 100
67 98 100 99
63 57 65 92
63 65 64 100
63 91 92 100
65 92 101 100
63 92 65 100
57 58 65 92
58 66 65 102
58 65 92 102
58 92 94 102
65 92 102 101
58 62 103 96
58 103 66 102
58 94 96 102
103 96 104 102
58 96 103 102
67 64 69 100
67 69 68 105
67 99 100 105
69 100 106 105
67 100 69 105
64 65 69 100
65 70 69 107
65 69 100 107
65 100 101 107
69 100 107 106
65 66 72 102
65 72 70 107
65 101 102 107
72 102 108 107
65 102 72 107
66 103 72 102
103 109 72 110
103 72 102 110
103 102 104 110
72 102 110 108
68 69 73 105
69 74 73 112
69 73 105 112
69 105 106 112
73 105 112 111
69 70 75 107
69 75 74 112
69 106 107 112
75 107 113 112
69 107 75 112
70 72 75 107
72 77 75 114
72 75 107 114
72 107 108 114
75 107 114 113
72 109 115 110
72 115 77 114
72 108 110 114
115 110 116 114
72 110 115 114
74 75 80 112
75 81 80 118
75 80 112 118
75 112 113 118
80 112 118 117
75 77 83 114
75 83 81 118
75 113 114 118
83 114 119 118
75 114 83 118
77 115 83 114
115 120 83 121
115 83 114 121
115 114 116 121
83 114 121 119
79 80 85 122
80 86 85 124
80 85 122 124
80 122 117 124
85 122 124 123
80 81 87 118
80 87 86 124
80 117 118 124
87 118 125 124
80 118 87 124
81 83 87 118
83 126 87 127
83 87 118 127
83 118 119 127
87 118 127 125
90 93 92 128
93 94 92 131
93 92 128 131
93 128 129 131
92 128 131 130
93 95 96 132
93 96 94 131
93 129 132 131
96 132 133 131
93 132 96 131
95 134 96 132
134 135 96 137
134 96 132 137
134 132 136 137
96 132 137 133
134 138 139 140
134 139 135 137
134 136 140 137
139 140 141 137
134 140 139 137
138 142 139 140
142 143 139 145
142 139 140 145
142 140 144 145
139 140 145 141
98 91 100 147
98 100 99 148
98 146 147 148
100 147 149 148
98 147 100 148
91 92 100 147
92 101 100 150
92 100 147 150
92 147 130 150
100 147 150 149
92 94 102 131
92 102 101 150
92 130 131 150
102 131 151 150
92 131 102 150
94 96 102 131
96 104 102 152
96 102 131 152
96 131 133 152
102 131 152 151
96 135 153 137
96 153 104 152
96 133 137 152
153 137 154 152
96 137 153 152
135 139 153 137
139 155 153 156
139 153 137 156
139 137 141 156
153 137 156 154
139 143 157 145
139 157 155 156
139 141 145 156
157 145 158 156
139 145 157 156
143 159 157 145
159 160 157 162
159 157 145 162
159 145 161 162
157 145 162 158
99 100 105 148
100 106 105 164
100 105 148 164
100 148 149 164
105 148 164 163
100 101 107 150
100 107 106 164
100 149 150 164
107 150 165 164
100 150 107 164
101 102 107 150
102 108 107 166
102 107 150 166
102 150 151 166
107 150 166 165
102 104 110 152
102 110 108 166
102 151 152 166
110 152 167 166
102 152 110 166
104 153 110 152
153 168 110 169
153 110 152 169
153 152 154 169
110 152 169 167
105 106 112 164
105 112 111 170
105 163 164 170
112 164 171 170
105 164 112 170
106 107 112 164
107 113 112 172
107 112 164 172
107 164 165 172
112 164 172 171
107 108 114 166
107 114 113 172
107 165 166 172
114 166 173 172
107 166 114 172
108 110 114 166
110 116 114 174
110 114 166 174
110 166 167 174
114 166 174 173
110 168 175 169
110 175 116 174
110 167 169 174
175 169 176 174
110 169 175 174
112 113 118 172
112 118 117 177
112 171 172 177
118 172 178 177
112 172 118 177
113 114 118 172
114 119 118 179
114 118 172 179
114 172 173 179
118 172 179 178
114 116 121 174
114 121 119 179
114 173 174 179
121 174 180 179
114 174 121 179
130 131 150 181
131 151 150 184
131 150 181 184
131 181 182 184
150 181 184 183
131 133 152 185
131 152 151 184
131 182 185 184
152 185 186 184
131 185 152 184
137 141 156 188
137 156 154 189
137 187 188 189
156 188 190 189
137 188 156 189
141 145 156 188
145 158 156 192
145 156 188 192
145 188 191 192
156 188 192 190
145 161 162 193
145 162 158 192
145 191 193 192
162 193 194 192
145 193 162 192
150 151 166 184
150 166 165 195
150 183 184 195
166 184 196 195
150 184 166 195
151 152 166 184
152 167 166 197
152 166 184 197
152 184 186 197
166 184 197 196
152 154 169 189
152 169 167 197
152 186 189 197
169 189 198 197
152 189 169 197
154 156 169 189
156 199 169 200
156 169 189 200
156 189 190 200
169 189 200 198
156 158 201 192
156 201 199 200
156 190 192 200
201 192 202 200
156 192 201 200
165 166 172 195
166 173 172 204
166 172 195 204
166 195 196 204
172 195 204 203
166 167 174 197
166 174 173 204
166 196 197 204
174 197 205 204
166 197 174 204
167 169 174 197
169 176 174 206
169 174 197 206
169 197 198 206
174 197 206 205
169 199 207 200
169 207 176 206
169 198 200 206
207 200 208 206
169 200 207 206
172 173 179 204
172 179 178 209
172 203 204 209
179 204 210 209
172 204 179 209
173 174 179 204
174 180 179 211
174 179 204 211
174 204 205 211
179 204 211 210
186 189 197 212
189 198 197 215
189 197 212 215
189 212 213 215
197 212 215 214
189 190 200 216
189 200 198 215
189 213 216 215
200 216 217 215
189 216 200 215
197 198 206 215
197 206 205 218
197 214 215 218
206 215 219 218
197 215 206 218
198 200 206 215
200 208 206 220
200 206 215 220
200 215 217 220
206 215 220 219

EDGES
0 1
0 2
0 3
0 4
0 5
0 6
1 3
1 5
1 8
2 3
2 6
3 5
3 6
3 7
3 8
3 9
3 11
4 5
4 6
4 26
5 6
5 7
5 8
5 10
5 11
5 20
5 21
5 22
5 24
5 25
5 26
5 28
6 7
6 26
6 27
6 28
7 11
7 28
8 9
8 10
8 11
9 11
10 11
10 21
10 25
11 25
11 28
11 29
12 13
12 14
12 16
13 14
13 15
13 16
13 17
13 19
14 15
14 16
14 18
14 19
14 20
14 21
14 22
15 19
15 21
16 17
16 18
16 19
16 30
16 31
16 32
17 19
17 31
17 34
18 19
18 22
18 32
18 38
19 21
19 22
19 23
19 31
19 32
19 33
19 34
19 35
19 37
19 43
20 21
20 22
21 22
21 23
21 25
22 23
22 24
22 25
22 26
22 32
22 38
22 39
22 41
22 42
22 43
22 45
23 25
23 43
24 25
24 26
24 28
24 45
25 28
25 29
25 43
25 45
25 46
25 48
26 27
26 28
26 39
26 41
26 44
26 45
27 28
28 29
28 45
28 47
28 48
28 49
28 50
28 51
29 48
29 50
30 31
30 32
30 63
31 32
31 33
31 34
31 36
31 37
31 53
31 54
31 55
31 57
31 58
31 63
31 65
32 33
32 38
32 40
32 41
32 42
32 43
32 63
32 64
32 65
32 67
32 69
33 37
33 43
33 65
34 35
34 36
34 37
35 37
36 37
36 54
36 58
36 60
37 43
37 58
37 65
37 66
37 71
37 72
38 39
38 40
38 41
39 41
40 41
40 67
41 42
41 44
41 45
41 67
41 68
41 69
41 73
42 43
42 45
42 69
43 45
43 46
43 65
43 69
43 70
43 71
43 72
43 75
43 76
44 45
44 73
44 78
45 46
45 47
45 48
45 69
45 73
45 74
45 75
45 78
45 80
46 48
46 75
46 76
47 48
47 51
47 78
47 80
48 50
48 51
48 52
48 75
48 76
48 80
48 81
48 82
48 83
48 87
49 50
49 51
50 51
50 52
51 52
51 78
51 80
51 84
51 85
51 86
51 87
52 87
53 54
53 55
54 55
54 56
54 58
54 59
54 60
54 61
55 56
55 57
55 58
55 63
55 88
55 89
55 90
55 92
55 93
56 58
56 61
56 93
57 58
57 63
57 65
57 92
58 60
58 61
58 62
58 65
58 66
58 92
58 93
58 94
58 96
58 102
58 103
59 60
59 61
60 61
60 62
61 62
61 93
61 95
61 96
62 96
62 103
63 64
63 65
63 67
63 88
63 89
63 91
63 92
63 97
63 98
63 100
64 65
64 67
64 69
64 100
65 66
65 69
65 70
65 72
65 92
65 100
65 101
65 102
65 107
66 72
66 102
66 103
67 68
67 69
67 97
67 98
67 99
67 100
67 105
68 69
68 73
68 105
69 70
69 73
69 74
69 75
69 100
69 105
69 106
69 107
69 112
70 72
70 75
70 107
71 72
71 76
72 75
72 76
72 77
72 102
72 103
72 107
72 108
72 109
72 110
72 114
72 115
73 74
73 78
73 79
73 80
73 105
73 111
73 112
74 75
74 80
74 112
75 76
75 77
75 80
75 81
75 83
75 107
75 112
75 113
75 114
75 118
76 77
76 82
76 83
77 83
77 114
77 115
78 79
78 80
78 84
78 85
79 80
79 85
79 122
80 81
80 85
80 86
80 87
80 112
80 117
80 118
80 122
80 124
81 83
81 87
81 118
82 83
83 87
83 114
83 115
83 118
83 119
83 120
83 121
83 126
83 127
84 85
85 86
85 122
85 123
85 124
86 87
86 124
87 118
87 124
87 125
87 126
87 127
88 89
89 90
89 91
89 92
90 92
90 93
90 128
91 92
91 98
91 100
91 147
92 93
92 94
92 100
92 101
92 102
92 128
92 130
92 131
92 147
92 150
93 94
93 95
93 96
93 128
93 129
93 131
93 132
94 96
94 102
94 131
95 96
95 132
95 134
96 102
96 103
96 104
96 131
96 132
96 133
96 134
96 135
96 137
96 152
96 153
97 98
98 99
98 100
98 146
98 147
98 148
99 100
99 105
99 148
100 101
100 105
100 106
100 107
100 147
100 148
100 149
100 150
100 164
101 102
101 107
101 150
102 103
102 104
102 107
102 108
102 110
102 131
102 150
102 151
102 152
102 166
103 104
103 109
103 110
104 110
104 152
104 153
105 106
105 111
105 112
105 148
105 163
105 164
105 170
106 107
106 112
106 164
107 108
107 112
107 113
107 114
107 150
107 164
107 165
107 166
107 172
108 110
108 114
108 166
109 110
109 115
110 114
110 115
110 116
110 152
110 153
110 166
110 167
110 168
110 169
110 174
110 175
111 112
111 170
112 113
112 117
112 118
112 164
112 170
112 171
112 172
112 177
113 114
113 118
113 172
114 115
114 116
114 118
114 119
114 121
114 166
114 172
114 173
114 174
114 179
115 116
115 120
115 121
116 121
116 174
116 175
117 118
117 122
117 124
117 177
118 119
118 124
118 125
118 127
118 172
118 177
118 178
118 179
119 121
119 127
119 179
120 121
121 174
121 179
121 180
122 123
122 124
123 124
124 125
125 127
126 127
128 129
128 130
128 131
129 131
129 132
130 131
130 147
130 150
130 181
131 132
131 133
131 150
131 151
131 152
131 181
131 182
131 184
131 185
132 133
132 134
132 136
132 137
133 137
133 152
133 185
134 135
134 136
134 137
134 138
134 139
134 140
135 137
135 139
135 153
136 137
136 140
137 139
137 140
137 141
137 152
137 153
137 154
137 156
137 187
137 188
137 189
138 139
138 140
138 142
139 140
139 141
139 142
139 143
139 145
139 153
139 155
139 156
139 157
140 141
140 142
140 144
140 145
141 145
141 156
141 188
142 143
142 144
142 145
143 145
143 157
143 159
144 145
145 156
145 157
145 158
145 159
145 161
145 162
145 188
145 191
145 192
145 193
146 147
146 148
147 148
147 149
147 150
148 149
148 163
148 164
149 150
149 164
150 151
150 164
150 165
150 166
150 181
150 183
150 184
150 195
151 152
151 166
151 184
152 153
152 154
152 166
152 167
152 169
152 184
152 185
152 186
152 189
152 197
153 154
153 155
153 156
153 168
153 169
154 156
154 169
154 189
155 156
155 157
156 157
156 158
156 169
156 188
156 189
156 190
156 192
156 199
156 200
156 201
157 158
157 159
157 160
157 162
158 162
158 192
158 201
159 160
159 161
159 162
160 162
161 162
161 193
162 192
162 193
162 194
163 164
163 170
164 165
164 170
164 171
164 172
165 166
165 172
165 195
166 167
166 172
166 173
166 174
166 184
166 195
166 196
166 197
166 204
167 169
167 174
167 197
168 169
168 175
169 174
169 175
169 176
169 189
169 197
169 198
169 199
169 200
169 206
169 207
170 171
171 172
171 177
172 173
172 177
172 178
172 179
172 195
172 203
172 204
172 209
173 174
173 179
173 204
174 175
174 176
174 179
174 180
174 197
174 204
174 205
174 206
174 211
175 176
176 206
176 207
177 178
178 179
178 209
179 180
179 204
179 209
179 210
179 211
180 211
181 182
181 183
181 184
182 184
182 185
183 184
183 195
184 185
184 186
184 195
184 196
184 197
185 186
186 189
186 197
186 212
187 188
187 189
188 189
188 190
188 191
188 192
189 190
189 197
189 198
189 200
189 212
189 213
189 215
189 216
190 192
190 200
190 216
191 192
191 193
192 193
192 194
192 200
192 201
192 202
193 194
195 196
195 203
195 204
196 197
196 204
197 198
197 204
197 205
197 206
197 212
197 214
197 215
197 218
198 200
198 206
198 215
199 200
199 201
199 207
200 201
200 202
200 206
200 207
200 208
200 215
200 216
200 217
200 220
201 202
203 204
203 209
204 205
204 209
204 210
204 211
205 206
205 211
205 218
206 207
206 208
206 215
206 218
206 219
206 220
207 208
208 220
209 210
210 211
212 213
212 214
212 215
213 215
213 216
214 215
214 218
215 216
215 217
215 218
215 219
215 220
216 217
217 220
218 219
219 220

SURFACE_TRIANGLES
215 220 219
206 219 220
206 218 219
205 218 206
200 217 216
189 190 216
212 215 214
197 212 214
189 213 212
186 212 197
186 189 212
204 211 210
204 205 211
212 213 215
203 204 209
17 19 34
83 87 126
187 188 189
172 209 178
73 105 111
41 67 68
139 155 157
103 109 110
72 109 103
55 56 93
32 63 64
105 170 111
22 26 24
134 140 136
164 171 170
24 28 26
93 95 132
67 98 99
165 195 172
174 205 206
62 103 96
63 91 98
87 127 126
72 76 77
54 59 61
13 19 17
191 193 192
89 92 91
25 46 43
63 89 91
89 90 92
156 201 158
169 175 176
55 89 88
55 88 63
32 40 38
51 85 86
24 45 28
68 105 73
51 87 52
51 84 85
48 81 83
76 83 77
99 148 105
58 66 103
46 48 76
71 76 72
96 153 135
179 209 210
5 20 22
150 181 183
73 80 79
45 78 47
14 18 22
40 67 41
132 134 136
43 76 71
161 162 193
6 28 7
16 32 18
188 192 190
200 220 217
37 72 66
37 43 71
15 21 19
83 120 115
130 181 150
47 78 51
63 67 64
146 147 148
188 190 189
51 78 84
34 37 36
140 142 144
169 176 207
44 73 78
93 132 129
179 210 211
32 64 67
30 63 32
96 103 104
16 30 32
158 192 162
31 36 54
67 105 68
26 28 27
36 58 60
6 27 28
131 185 182
6 26 27
56 61 93
156 199 201
22 38 39
0 5 4
134 138 140
143 157 159
197 214 218
5 24 26
200 208 220
55 63 57
74 112 80
83 121 120
31 57 63
5 10 21
4 26 6
3 7 11
128 129 131
19 23 43
31 55 57
41 73 44
5 22 24
1 8 5
23 25 43
63 98 97
18 38 22
73 74 80
11 28 29
21 25 23
98 148 99
38 40 41
0 3 1
5 21 20
34 35 37
8 11 10
182 185 184
12 14 13
19 43 33
48 83 82
16 31 30
0 4 6
214 215 218
206 220 208
31 34 36
178 209 179
7 28 11
25 48 46
10 25 21
189 216 213
139 143 142
28 50 29
5 8 10
184 185 186
14 20 21
19 33 37
0 6 2
3 9 8
159 160 162
33 43 37
19 37 35
2 6 3
78 79 85
13 17 16
199 207 200
104 110 153
133 137 152
61 96 95
13 14 15
73 112 74
183 184 195
12 13 16
121 180 174
103 110 104
22 39 26
11 29 25
184 197 196
14 16 18
14 21 15
14 22 20
118 125 124
13 15 19
76 82 83
55 90 89
63 97 67
118 119 127
59 60 61
119 179 121
73 79 78
55 93 90
110 115 116
63 88 89
17 34 31
25 29 48
83 126 127
95 96 134
38 41 39
197 218 205
145 191 188
51 86 87
37 71 72
215 217 220
142 145 144
37 66 58
96 104 153
162 192 194
3 11 9
26 39 41
28 47 51
19 35 34
200 207 208
122 124 123
50 51 52
26 41 44
26 44 45
48 87 81
28 45 47
29 50 48
19 21 23
137 154 152
24 26 45
105 163 170
153 156 155
174 211 205
28 51 49
215 219 218
49 51 50
48 50 52
10 11 25
184 196 195
53 54 55
31 53 55
54 56 55
54 60 59
67 99 105
60 62 61
215 216 217
28 49 50
48 82 76
90 93 128
96 135 134
78 85 84
163 164 170
213 216 215
67 97 98
117 118 124
192 201 202
153 154 156
157 162 160
1 3 8
145 159 161
32 67 40
137 188 187
30 31 63
72 115 109
109 115 110
31 54 53
118 177 178
0 2 3
66 72 103
168 175 169
93 129 128
61 62 96
115 120 121
134 139 138
115 121 116
83 119 121
79 80 122
79 122 85
87 124 125
85 124 86
131 133 185
80 117 122
85 123 124
116 174 175
86 124 87
81 87 83
112 177 117
83 127 119
87 125 127
118 127 125
188 191 192
90 128 92
128 131 130
145 193 191
129 132 131
195 204 203
61 95 93
95 134 132
154 169 156
44 78 45
134 135 139
41 68 73
140 145 141
136 140 137
131 182 181
179 211 180
137 140 141
138 142 140
142 143 145
184 186 197
54 61 56
140 144 145
58 62 60
0 1 5
98 147 146
117 124 122
98 146 148
12 16 14
204 210 209
152 154 189
147 149 148
16 17 31
91 92 147
130 150 147
147 150 149
156 158 157
72 77 115
132 137 133
135 153 139
139 153 155
155 156 157
139 157 143
48 52 87
118 178 179
143 159 145
169 207 199
157 160 159
159 162 161
157 158 162
112 170 171
91 147 98
148 149 164
105 148 163
111 170 112
148 164 163
3 6 7
121 179 180
153 168 169
149 150 164
150 165 164
174 206 176
110 168 153
196 197 204
58 103 62
153 169 154
174 180 211
36 37 58
164 165 172
164 172 171
36 60 54
162 194 193
152 189 186
138 139 142
152 186 185
43 46 76
110 175 168
4 5 26
110 116 175
8 9 11
117 177 118
112 171 177
172 178 177
118 179 119
73 111 112
92 130 147
116 121 174
77 83 115
172 203 209
130 131 181
181 182 184
181 184 183
133 152 185
190 200 216
137 141 188
174 176 175
137 189 154
137 187 189
141 145 188
18 32 38
80 112 117
145 161 193
192 193 194
150 195 165
206 208 207
150 183 195
92 128 130
132 136 137
156 169 199
171 172 177
158 201 192
199 200 201
190 192 200
192 202 200
195 196 204
172 195 203
197 205 204
176 206 207
131 132 133
85 122 123
200 202 201
