VERTICES
-1.03259 -1.05422 -0.553933
-1.04895 -1.02936 -1.02936
-1.03259 -0.553933 -1.05422
-0.589885 -1.05422 -1.05422
-0.534269 -0.55 -1.1
-0.0261198 -1.04242 -1.04242
-1.09017 -0.553933 -0.553933
-1.08427 -0.55 0
-1.08427 0 -0.55
-0.534269 -1.1 -0.55
-0.55 -1.08427 0
-1.04242 -1.04242 0
-1.05658 -1.04399 0.551573
0 -1.06854 0
-0.0157312 -1.08427 0.55
-1.02152 -1.03719 1.03719
-0.564158 -1.09371 0.551573
-0.514441 -1.04399 1.04399
-1.1 -0.55 0.55
-1.06854 0 0
-1.05658 -0.551573 1.04399
-0.564158 -0.551573 1.09371
-0.55 0 1.08427
-0.0157312 -0.55 1.08427
-0.564158 0.551573 -1.09371
-0.55 0 -1.08427
-0.0157312 0.55 -1.08427
-1.1 0.55 -0.55
-1.04242 0 -1.04242
-1.08427 0.55 0
-1.05658 0.551573 -1.04399
-0.514441 1.04399 -1.04399
-1.02152 1.03719 -1.03719
-1.05658 1.04399 -0.551573
-0.564158 1.09371 -0.551573
-0.0157312 1.08427 -0.55
-1.08427 0 0.55
-1.04242 0 1.04242
-1.09017 0.553933 0.553933
-1.04242 1.04242 0
-1.04895 1.02936 1.02936
-1.03259 1.05422 0.553933
-1.03259 0.553933 1.05422
0 0 1.06854
-0.534269 0.55 1.1
-0.55 1.08427 0
-0.534269 1.1 0.55
-0.0261198 1.04242 1.04242
-0.589885 1.05422 1.05422
0.564158 -1.09371 -0.551573
0.0157312 -1.08427 -0.55
0.55 -1.08427 0
0.0157312 -0.55 -1.08427
0 0 -1.06854
0.514441 -1.04399 -1.04399
1.05658 -0.551573 -1.04399
1.05658 -1.04399 -0.551573
1.02152 -1.03719 -1.03719
0.564158 -0.551573 -1.09371
1.1 -0.55 -0.55
1.08427 -0.55 0
0.534269 -1.1 0.55
1.04242 -1.04242 0
1.03259 -1.05422 0.553933
0.0261198 -1.04242 1.04242
0.589885 -1.05422 1.05422
1.04895 -1.02936 1.02936
1.06854 0 0
1.08427 0 0.55
1.09017 -0.553933 0.553933
0.534269 -0.55 1.1
1.03259 -0.553933 1.05422
1.04242 0 1.04242
0.534269 0.55 -1.1
0.55 0 -1.08427
1.03259 0.553933 -1.05422
1.04242 0 -1.04242
1.08427 0 -0.55
1.09017 0.553933 -0.553933
0.0261198 1.04242 -1.04242
0.589885 1.05422 -1.05422
1.04895 1.02936 -1.02936
0.534269 1.1 -0.55
0.55 1.08427 0
1.03259 1.05422 -0.553933
1.04242 1.04242 0
0 1.06854 0
0.0157312 1.08427 0.55
1.08427 0.55 0
1.1 0.55 0.55
1.05658 1.04399 0.551573
0.55 0 1.08427
0.0157312 0.55 1.08427
0.514441 1.04399 1.04399
0.564158 0.551573 1.09371
1.05658 0.551573 1.04399
1.02152 1.03719 1.03719
0.564158 1.09371 0.551573
-0.886695 -0.228321 -0.945612
-0.946445 0.893683 -0.228331
0.946445 0.228331 0.893683
-0.946445 0.228331 -0.893683
-0.946445 -0.228331 0.893683
-0.946445 -0.893683 0.228331
0.946445 0.893683 0.228331
0.946445 -0.893683 -0.228331
0.946445 -0.228331 -0.893683
0.886695 0.228321 -0.945612
TETRAHEDRA
1 6 3 2
7 50 52 13
60 14 23 13
21 12 16 15
46 39 29 41
16 18 7 103
62 61 60 51
31 34 24 35
72 95 89 100
53 82 78 26
50 7 6 9
34 31 24 32
46 47 44 87
49 56 55 59
50 60 77 67
78 77 67 53
6 1 3 0
18 21 14 23
26 31 24 35
2 3 4 6
24 53 26 8
89 94 97 87
35 29 8 19
39 29 27 99
36 18 21 102
9 3 4 5
6 52 50 4
50 9 4 5
81 78 80 75
3 9 4 6
9 3 0 6
16 21 15 17
27 34 33 99
25 52 6 4
6 25 4 98
50 13 67 52
27 26 24 35
75 78 73 107
27 29 34 99
39 27 33 99
89 95 94 100
34 27 24 35
40 38 48 42
20 18 37 102
56 49 55 57
19 46 29 38
89 94 68 100
33 34 24 32
55 59 76 106
26 27 24 8
34 27 33 24
24 27 30 101
89 68 72 100
27 33 24 30
24 33 32 30
41 48 38 46
38 40 48 41
37 18 36 102
72 70 68 71
78 80 75 73
20 21 18 102
26 19 35 8
34 29 86 45
27 26 35 8
29 35 8 27
35 29 19 86
48 46 47 44
26 35 82 79
39 46 29 45
36 23 43 21
16 21 17 14
46 41 29 38
12 21 20 15
21 12 20 18
16 12 18 103
35 29 86 34
14 51 60 61
52 19 53 6
23 60 13 67
42 44 36 38
70 72 68 91
48 42 38 44
48 38 46 44
37 44 36 42
25 28 4 98
66 69 65 71
92 93 94 87
68 23 67 69
78 81 80 84
23 60 67 69
9 11 7 0
7 18 14 23
88 85 83 104
21 17 14 23
11 7 18 103
36 87 43 19
44 37 36 22
36 46 87 19
90 83 85 104
11 18 12 103
23 67 13 43
28 2 4 98
12 21 16 18
11 9 7 10
92 47 93 87
0 7 9 6
85 89 90 104
23 36 18 21
23 36 7 18
43 36 21 22
36 23 7 19
14 60 23 69
13 49 50 60
16 13 10 7
13 19 7 14
69 65 71 70
65 69 61 70
21 16 18 14
18 16 7 14
13 19 23 43
92 22 87 43
49 58 55 57
76 77 75 107
19 7 14 23
43 94 68 92
13 19 14 23
22 92 87 44
44 47 92 87
76 74 77 107
50 10 7 9
74 78 77 107
92 89 94 68
94 93 97 87
17 14 23 64
69 66 65 63
49 56 59 105
76 59 77 106
64 65 61 70
78 75 77 107
63 65 69 61
58 77 59 106
55 58 59 106
55 74 58 106
77 58 74 106
46 22 36 87
49 54 58 57
62 56 51 105
76 75 73 107
60 62 51 105
51 56 49 105
49 60 51 105
13 60 50 67
51 14 60 13
14 64 61 70
14 23 64 70
23 91 68 43
50 7 52 6
69 23 14 70
23 68 70 69
26 31 35 79
89 92 94 87
84 88 82 78
87 22 36 43
53 78 74 26
36 44 22 46
28 8 2 98
90 89 97 104
13 19 43 86
89 88 97 104
97 83 90 104
14 69 70 61
88 87 68 89
83 26 53 86
83 53 88 86
95 94 96 90
95 89 94 90
97 88 83 104
94 96 90 97
94 93 96 97
89 94 90 97
27 24 8 101
45 87 29 86
68 71 70 69
27 8 28 101
87 19 86 43
67 13 53 52
74 26 78 73
89 92 87 68
60 59 62 105
85 82 88 83
22 87 46 44
19 26 35 86
19 46 87 29
29 87 19 86
25 6 8 98
63 60 61 69
25 8 28 98
13 86 67 53
58 53 77 74
52 19 13 53
88 87 89 97
60 49 59 105
62 59 56 105
50 54 5 52
14 60 69 61
50 49 54 52
12 10 11 103
7 11 10 103
16 10 12 103
80 82 79 73
10 16 7 103
82 26 79 73
80 78 82 73
91 23 68 70
43 94 91 68
16 13 7 14
37 22 20 102
88 89 85 104
61 62 60 63
87 88 68 67
23 68 67 43
37 36 22 102
36 46 19 38
20 22 21 102
36 21 22 102
84 80 78 82
88 53 67 86
28 25 30 101
8 25 28 101
36 44 46 38
35 83 26 82
50 6 4 9
30 25 24 101
49 54 52 58
43 13 86 67
82 88 53 78
87 88 86 97
74 76 77 106
28 30 27 101
8 24 25 101
19 26 86 53
13 49 60 51
76 74 55 106
72 91 95 100
77 67 53 52
4 50 5 52
10 50 7 13
77 50 67 52
87 43 86 67
88 53 78 67
53 82 26 83
52 7 19 6
92 87 68 67
43 92 68 67
92 43 87 67
87 88 67 86
88 86 97 83
83 35 26 86
26 78 73 82
13 19 86 53
26 19 8 53
52 25 6 53
82 85 88 84
82 88 83 53
78 53 74 77
52 7 13 19
6 25 8 53
19 6 8 53
72 68 91 100
36 23 19 43
95 91 94 100
58 53 52 77
94 91 68 100
39 33 45 99
24 53 8 25
29 39 45 99
45 33 34 99
34 29 45 99
78 74 73 107
60 49 50 59
60 50 77 59
58 49 55 59
74 76 73 107
4 2 6 98
87 45 29 46
77 50 52 59
50 49 52 59
52 49 58 59
77 52 58 59
6 2 8 98
27 29 35 34
EDGES
0 1
0 3
0 6
0 7
0 9
0 11
1 2
1 3
1 6
2 3
2 4
2 6
2 8
2 28
2 98
3 4
3 5
3 6
3 9
4 5
4 6
4 9
4 25
4 28
4 50
4 52
4 98
5 9
5 50
5 52
5 54
6 7
6 8
6 9
6 19
6 25
6 50
6 52
6 53
6 98
7 9
7 10
7 11
7 13
7 14
7 16
7 18
7 19
7 23
7 36
7 50
7 52
7 103
8 19
8 24
8 25
8 26
8 27
8 28
8 29
8 35
8 53
8 98
8 101
9 10
9 11
9 50
10 11
10 12
10 13
10 16
10 50
10 103
11 12
11 18
11 103
12 15
12 16
12 18
12 20
12 21
12 103
13 14
13 16
13 19
13 23
13 43
13 49
13 50
13 51
13 52
13 53
13 60
13 67
13 86
14 16
14 17
14 18
14 19
14 21
14 23
14 51
14 60
14 61
14 64
14 69
14 70
15 16
15 17
15 20
15 21
16 17
16 18
16 21
16 103
17 21
17 23
17 64
18 20
18 21
18 23
18 36
18 37
18 102
18 103
19 23
19 26
19 29
19 35
19 36
19 38
19 43
19 46
19 52
19 53
19 86
19 87
20 21
20 22
20 37
20 102
21 22
21 23
21 36
21 43
21 102
22 36
22 37
22 43
22 44
22 46
22 87
22 92
22 102
23 36
23 43
23 60
23 64
23 67
23 68
23 69
23 70
23 91
24 25
24 26
24 27
24 30
24 31
24 32
24 33
24 34
24 35
24 53
24 101
25 28
25 30
25 52
25 53
25 98
25 101
26 27
26 31
26 35
26 53
26 73
26 74
26 78
26 79
26 82
26 83
26 86
27 28
27 29
27 30
27 33
27 34
27 35
27 39
27 99
27 101
28 30
28 98
28 101
29 34
29 35
29 38
29 39
29 41
29 45
29 46
29 86
29 87
29 99
30 32
30 33
30 101
31 32
31 34
31 35
31 79
32 33
32 34
33 34
33 39
33 45
33 99
34 35
34 45
34 86
34 99
35 79
35 82
35 83
35 86
36 37
36 38
36 42
36 43
36 44
36 46
36 87
36 102
37 42
37 44
37 102
38 40
38 41
38 42
38 44
38 46
38 48
39 41
39 45
39 46
39 99
40 41
40 42
40 48
41 46
41 48
42 44
42 48
43 67
43 68
43 86
43 87
43 91
43 92
43 94
44 46
44 47
44 48
44 87
44 92
45 46
45 86
45 87
45 99
46 47
46 48
46 87
47 48
47 87
47 92
47 93
49 50
49 51
49 52
49 54
49 55
49 56
49 57
49 58
49 59
49 60
49 105
50 52
50 54
50 59
50 60
50 67
50 77
51 56
51 60
51 61
51 62
51 105
52 53
52 54
52 58
52 59
52 67
52 77
53 58
53 67
53 74
53 77
53 78
53 82
53 83
53 86
53 88
54 57
54 58
55 56
55 57
55 58
55 59
55 74
55 76
55 106
56 57
56 59
56 62
56 105
57 58
58 59
58 74
58 77
58 106
59 60
59 62
59 76
59 77
59 105
59 106
60 61
60 62
60 63
60 67
60 69
60 77
60 105
61 62
61 63
61 64
61 65
61 69
61 70
62 63
62 105
63 65
63 66
63 69
64 65
64 70
65 66
65 69
65 70
65 71
66 69
66 71
67 68
67 69
67 77
67 78
67 86
67 87
67 88
67 92
68 69
68 70
68 71
68 72
68 87
68 88
68 89
68 91
68 92
68 94
68 100
69 70
69 71
70 71
70 72
70 91
71 72
72 89
72 91
72 95
72 100
73 74
73 75
73 76
73 78
73 79
73 80
73 82
73 107
74 76
74 77
74 78
74 106
74 107
75 76
75 77
75 78
75 80
75 81
75 107
76 77
76 106
76 107
77 78
77 106
77 107
78 80
78 81
78 82
78 84
78 88
78 107
79 80
79 82
80 81
80 82
80 84
81 84
82 83
82 84
82 85
82 88
83 85
83 86
83 88
83 90
83 97
83 104
84 85
84 88
85 88
85 89
85 90
85 104
86 87
86 88
86 97
87 88
87 89
87 92
87 93
87 94
87 97
88 89
88 97
88 104
89 90
89 92
89 94
89 95
89 97
89 100
89 104
90 94
90 95
90 96
90 97
90 104
91 94
91 95
91 100
92 93
92 94
93 94
93 96
93 97
94 95
94 96
94 97
94 100
95 96
95 100
96 97
97 104
SURFACE_TRIANGLES
0 1 3
0 1 6
0 3 9
0 6 7
0 7 11
0 9 11
1 2 3
1 2 6
2 3 4
2 4 28
2 6 8
2 8 28
3 4 5
3 5 9
4 5 52
4 25 28
4 25 52
5 9 50
5 50 54
5 52 54
6 7 19
6 8 19
7 11 18
7 18 36
7 19 36
8 19 29
8 27 28
8 27 29
9 10 11
9 10 50
10 11 12
10 12 16
10 13 16
10 13 50
11 12 18
12 15 16
12 15 20
12 18 20
13 14 16
13 14 51
13 49 50
13 49 51
14 16 17
14 17 64
14 51 61
14 61 64
15 16 17
15 17 21
15 20 21
17 21 23
17 23 64
18 20 37
18 36 37
19 29 38
19 36 38
20 21 22
20 22 37
21 22 43
21 23 43
22 37 44
22 43 92
22 44 92
23 43 91
23 64 70
23 70 91
24 25 30
24 25 53
24 26 31
24 26 53
24 30 32
24 31 32
25 28 30
25 52 53
26 31 79
26 53 74
26 73 74
26 73 79
27 28 30
27 29 39
27 30 33
27 33 39
29 38 41
29 39 41
30 32 33
31 32 34
31 34 35
31 35 79
32 33 34
33 34 45
33 39 45
34 35 86
34 45 86
35 79 82
35 82 83
35 83 86
36 37 42
36 38 42
37 42 44
38 40 41
38 40 42
39 41 46
39 45 46
40 41 48
40 42 48
41 46 48
42 44 48
43 91 94
43 92 94
44 47 48
44 47 92
45 46 87
45 86 87
46 47 48
46 47 87
47 87 93
47 92 93
49 50 54
49 51 56
49 54 57
49 56 57
51 56 62
51 61 62
52 53 58
52 54 58
53 58 74
54 57 58
55 56 57
55 56 59
55 57 58
55 58 74
55 59 76
55 74 76
56 59 62
59 60 62
59 60 77
59 76 77
60 62 63
60 63 69
60 67 69
60 67 77
61 62 63
61 63 65
61 64 65
63 65 66
63 66 69
64 65 70
65 66 71
65 70 71
66 69 71
67 68 69
67 68 88
67 77 78
67 78 88
68 69 71
68 71 72
68 72 89
68 88 89
70 71 72
70 72 91
72 89 95
72 91 95
73 74 76
73 75 76
73 75 80
73 79 80
75 76 77
75 77 78
75 78 81
75 80 81
78 81 84
78 84 88
79 80 82
80 81 84
80 82 84
82 83 85
82 84 85
83 85 90
83 86 97
83 90 97
84 85 88
85 88 89
85 89 90
86 87 97
87 93 97
89 90 95
90 95 96
90 96 97
91 94 95
92 93 94
93 94 96
93 96 97
94 95 96
