# Voxel-based tetrahedral mesh
# Grid: 12×12×12
# Vertices: 99
# Tetrahedra: 200

VERTICES
-0.260559 -0.260559 -1.302795
0.000000 -0.260559 -1.302795
-0.260559 0.000000 -1.302795
0.000000 0.000000 -1.302795
-0.260559 -0.260559 -1.042236
0.000000 -0.260559 -1.042236
-0.260559 0.000000 -1.042236
0.000000 0.000000 -1.042236
0.260559 -0.260559 -1.302795
0.260559 0.000000 -1.302795
0.260559 -0.260559 -1.042236
0.260559 0.000000 -1.042236
-0.260559 0.260559 -1.302795
0.000000 0.260559 -1.302795
-0.260559 0.260559 -1.042236
0.000000 0.260559 -1.042236
0.260559 0.260559 -1.302795
0.260559 0.260559 -1.042236
-0.260559 -0.260559 -0.781677
0.000000 -0.260559 -0.781677
-0.260559 0.000000 -0.781677
0.000000 0.000000 -0.781677
0.260559 -0.260559 -0.781677
0.260559 0.000000 -0.781677
-0.260559 0.260559 -0.781677
0.000000 0.260559 -0.781677
0.260559 0.260559 -0.781677
-0.260559 -0.260559 -0.521118
0.000000 -0.260559 -0.521118
-0.260559 0.000000 -0.521118
0.000000 0.000000 -0.521118
0.260559 -0.260559 -0.521118
0.260559 0.000000 -0.521118
-0.260559 0.260559 -0.521118
0.000000 0.260559 -0.521118
0.260559 0.260559 -0.521118
-0.260559 -0.260559 -0.260559
0.000000 -0.260559 -0.260559
-0.260559 0.000000 -0.260559
0.000000 0.000000 -0.260559
0.260559 -0.260559 -0.260559
0.260559 0.000000 -0.260559
-0.260559 0.260559 -0.260559
0.000000 0.260559 -0.260559
0.260559 0.260559 -0.260559
-0.260559 -0.260559 0.000000
0.000000 -0.260559 0.000000
-0.260559 0.000000 0.000000
0.000000 0.000000 0.000000
0.260559 -0.260559 0.000000
0.260559 0.000000 0.000000
-0.260559 0.260559 0.000000
0.000000 0.260559 0.000000
0.260559 0.260559 0.000000
-0.260559 -0.260559 0.260559
0.000000 -0.260559 0.260559
-0.260559 0.000000 0.260559
0.000000 0.000000 0.260559
0.260559 -0.260559 0.260559
0.260559 0.000000 0.260559
-0.260559 0.260559 0.260559
0.000000 0.260559 0.260559
0.260559 0.260559 0.260559
-0.260559 -0.260559 0.521118
0.000000 -0.260559 0.521118
-0.260559 0.000000 0.521118
0.000000 0.000000 0.521118
0.260559 -0.260559 0.521118
0.260559 0.000000 0.521118
-0.260559 0.260559 0.521118
0.000000 0.260559 0.521118
0.260559 0.260559 0.521118
-0.260559 -0.260559 0.781677
0.000000 -0.260559 0.781677
-0.260559 0.000000 0.781677
0.000000 0.000000 0.781677
0.260559 -0.260559 0.781677
0.260559 0.000000 0.781677
-0.260559 0.260559 0.781677
0.000000 0.260559 0.781677
0.260559 0.260559 0.781677
-0.260559 -0.260559 1.042236
0.000000 -0.260559 1.042236
-0.260559 0.000000 1.042236
0.000000 0.000000 1.042236
0.260559 -0.260559 1.042236
0.260559 0.000000 1.042236
-0.260559 0.260559 1.042236
0.000000 0.260559 1.042236
0.260559 0.260559 1.042236
-0.260559 -0.260559 1.302795
0.000000 -0.260559 1.302795
-0.260559 0.000000 1.302795
0.000000 0.000000 1.302795
0.260559 -0.260559 1.302795
0.260559 0.000000 1.302795
-0.260559 0.260559 1.302795
0.000000 0.260559 1.302795
0.260559 0.260559 1.302795

TETRAHEDRA
0 1 3 5
0 3 2 6
0 4 5 6
3 5 7 6
0 5 3 6
1 8 3 5
8 9 3 11
8 3 5 11
8 5 10 11
3 5 11 7
2 3 12 6
3 13 12 15
3 12 6 15
3 6 7 15
12 6 15 14
3 9 16 11
3 16 13 15
3 7 11 15
16 11 17 15
3 11 16 15
4 5 6 18
5 7 6 21
5 6 18 21
5 18 19 21
6 18 21 20
5 10 11 22
5 11 7 21
5 19 22 21
11 22 23 21
5 22 11 21
6 7 15 21
6 15 14 24
6 20 21 24
15 21 25 24
6 21 15 24
7 11 15 21
11 17 15 26
11 15 21 26
11 21 23 26
15 21 26 25
18 19 21 28
18 21 20 29
18 27 28 29
21 28 30 29
18 28 21 29
19 22 21 28
22 23 21 32
22 21 28 32
22 28 31 32
21 28 32 30
20 21 24 29
21 25 24 34
21 24 29 34
21 29 30 34
24 29 34 33
21 23 26 32
21 26 25 34
21 30 32 34
26 32 35 34
21 32 26 34
27 28 29 36
28 30 29 39
28 29 36 39
28 36 37 39
29 36 39 38
28 31 32 40
28 32 30 39
28 37 40 39
32 40 41 39
28 40 32 39
29 30 34 39
29 34 33 42
29 38 39 42
34 39 43 42
29 39 34 42
30 32 34 39
32 35 34 44
32 34 39 44
32 39 41 44
34 39 44 43
36 37 39 46
36 39 38 47
36 45 46 47
39 46 48 47
36 46 39 47
37 40 39 46
40 41 39 50
40 39 46 50
40 46 49 50
39 46 50 48
38 39 42 47
39 43 42 52
39 42 47 52
39 47 48 52
42 47 52 51
39 41 44 50
39 44 43 52
39 48 50 52
44 50 53 52
39 50 44 52
45 46 47 54
46 48 47 57
46 47 54 57
46 54 55 57
47 54 57 56
46 49 50 58
46 50 48 57
46 55 58 57
50 58 59 57
46 58 50 57
47 48 52 57
47 52 51 60
47 56 57 60
52 57 61 60
47 57 52 60
48 50 52 57
50 53 52 62
50 52 57 62
50 57 59 62
52 57 62 61
54 55 57 64
54 57 56 65
54 63 64 65
57 64 66 65
54 64 57 65
55 58 57 64
58 59 57 68
58 57 64 68
58 64 67 68
57 64 68 66
56 57 60 65
57 61 60 70
57 60 65 70
57 65 66 70
60 65 70 69
57 59 62 68
57 62 61 70
57 66 68 70
62 68 71 70
57 68 62 70
63 64 65 72
64 66 65 75
64 65 72 75
64 72 73 75
65 72 75 74
64 67 68 76
64 68 66 75
64 73 76 75
68 76 77 75
64 76 68 75
65 66 70 75
65 70 69 78
65 74 75 78
70 75 79 78
65 75 70 78
66 68 70 75
68 71 70 80
68 70 75 80
68 75 77 80
70 75 80 79
72 73 75 82
72 75 74 83
72 81 82 83
75 82 84 83
72 82 75 83
73 76 75 82
76 77 75 86
76 75 82 86
76 82 85 86
75 82 86 84
74 75 78 83
75 79 78 88
75 78 83 88
75 83 84 88
78 83 88 87
75 77 80 86
75 80 79 88
75 84 86 88
80 86 89 88
75 86 80 88
81 82 83 90
82 84 83 93
82 83 90 93
82 90 91 93
83 90 93 92
82 85 86 94
82 86 84 93
82 91 94 93
86 94 95 93
82 94 86 93
83 84 88 93
83 88 87 96
83 92 93 96
88 93 97 96
83 93 88 96
84 86 88 93
86 89 88 98
86 88 93 98
86 93 95 98
88 93 98 97

EDGES
0 1
0 2
0 3
0 4
0 5
0 6
1 3
1 5
1 8
2 3
2 6
2 12
3 5
3 6
3 7
3 8
3 9
3 11
3 12
3 13
3 15
3 16
4 5
4 6
4 18
5 6
5 7
5 8
5 10
5 11
5 18
5 19
5 21
5 22
6 7
6 12
6 14
6 15
6 18
6 20
6 21
6 24
7 11
7 15
7 21
8 9
8 10
8 11
9 11
9 16
10 11
10 22
11 15
11 16
11 17
11 21
11 22
11 23
11 26
12 13
12 14
12 15
13 15
13 16
14 15
14 24
15 16
15 17
15 21
15 24
15 25
15 26
16 17
17 26
18 19
18 20
18 21
18 27
18 28
18 29
19 21
19 22
19 28
20 21
20 24
20 29
21 22
21 23
21 24
21 25
21 26
21 28
21 29
21 30
21 32
21 34
22 23
22 28
22 31
22 32
23 26
23 32
24 25
24 29
24 33
24 34
25 26
25 34
26 32
26 34
26 35
27 28
27 29
27 36
28 29
28 30
28 31
28 32
28 36
28 37
28 39
28 40
29 30
29 33
29 34
29 36
29 38
29 39
29 42
30 32
30 34
30 39
31 32
31 40
32 34
32 35
32 39
32 40
32 41
32 44
33 34
33 42
34 35
34 39
34 42
34 43
34 44
35 44
36 37
36 38
36 39
36 45
36 46
36 47
37 39
37 40
37 46
38 39
38 42
38 47
39 40
39 41
39 42
39 43
39 44
39 46
39 47
39 48
39 50
39 52
40 41
40 46
40 49
40 50
41 44
41 50
42 43
42 47
42 51
42 52
43 44
43 52
44 50
44 52
44 53
45 46
45 47
45 54
46 47
46 48
46 49
46 50
46 54
46 55
46 57
46 58
47 48
47 51
47 52
47 54
47 56
47 57
47 60
48 50
48 52
48 57
49 50
49 58
50 52
50 53
50 57
50 58
50 59
50 62
51 52
51 60
52 53
52 57
52 60
52 61
52 62
53 62
54 55
54 56
54 57
54 63
54 64
54 65
55 57
55 58
55 64
56 57
56 60
56 65
57 58
57 59
57 60
57 61
57 62
57 64
57 65
57 66
57 68
57 70
58 59
58 64
58 67
58 68
59 62
59 68
60 61
60 65
60 69
60 70
61 62
61 70
62 68
62 70
62 71
63 64
63 65
63 72
64 65
64 66
64 67
64 68
64 72
64 73
64 75
64 76
65 66
65 69
65 70
65 72
65 74
65 75
65 78
66 68
66 70
66 75
67 68
67 76
68 70
68 71
68 75
68 76
68 77
68 80
69 70
69 78
70 71
70 75
70 78
70 79
70 80
71 80
72 73
72 74
72 75
72 81
72 82
72 83
73 75
73 76
73 82
74 75
74 78
74 83
75 76
75 77
75 78
75 79
75 80
75 82
75 83
75 84
75 86
75 88
76 77
76 82
76 85
76 86
77 80
77 86
78 79
78 83
78 87
78 88
79 80
79 88
80 86
80 88
80 89
81 82
81 83
81 90
82 83
82 84
82 85
82 86
82 90
82 91
82 93
82 94
83 84
83 87
83 88
83 90
83 92
83 93
83 96
84 86
84 88
84 93
85 86
85 94
86 88
86 89
86 93
86 94
86 95
86 98
87 88
87 96
88 89
88 93
88 96
88 97
88 98
89 98
90 91
90 92
90 93
91 93
91 94
92 93
92 96
93 94
93 95
93 96
93 97
93 98
94 95
95 98
96 97
97 98

SURFACE_TRIANGLES
93 95 98
86 89 98
83 92 96
88 98 89
82 85 94
90 93 92
83 90 92
90 91 93
92 93 96
81 90 83
77 80 86
74 83 78
76 85 82
76 77 86
73 76 82
72 81 83
72 82 81
72 83 74
70 79 80
68 80 77
68 71 80
69 78 70
65 78 69
86 95 94
68 77 76
64 67 76
64 73 72
93 97 96
62 71 68
61 70 62
60 69 70
58 67 64
78 87 88
58 59 68
54 64 63
54 65 56
54 55 64
52 61 62
65 72 74
52 62 53
50 53 62
79 88 80
47 56 60
51 60 52
80 88 89
50 59 58
46 58 55
49 50 58
46 49 58
45 46 54
88 97 98
19 22 28
12 15 13
86 98 95
11 16 17
18 19 28
67 68 76
22 31 28
44 53 50
63 72 65
44 52 53
91 94 93
15 26 17
18 29 20
5 8 10
88 96 97
6 20 24
33 42 34
54 63 65
11 23 22
6 24 14
22 32 31
65 74 78
24 33 34
59 62 68
60 70 61
63 64 72
5 10 22
6 18 20
2 6 12
14 24 15
11 26 23
64 76 73
50 62 59
8 11 10
1 8 5
78 83 87
3 16 9
1 3 8
82 91 90
0 5 4
37 40 46
10 11 22
76 86 85
32 44 41
11 17 26
5 22 19
34 43 44
0 4 6
8 9 11
81 82 90
18 27 29
0 2 3
0 6 2
80 89 86
52 60 61
15 24 25
3 13 16
46 55 54
3 9 8
40 49 46
2 12 3
27 28 36
70 80 71
15 25 26
78 88 79
3 12 13
24 34 25
0 3 1
27 36 29
28 31 40
70 78 79
18 28 27
85 86 94
9 16 11
38 47 42
13 15 16
34 44 35
12 14 15
29 36 38
4 18 6
6 14 12
83 96 87
32 35 44
4 5 18
29 42 33
20 29 24
25 34 26
24 29 33
23 26 32
26 35 32
55 58 64
47 54 56
26 34 35
29 38 42
28 37 36
0 1 5
36 47 38
31 32 40
28 40 37
36 45 47
32 41 40
62 70 71
42 47 51
43 52 44
87 96 88
34 42 43
60 65 69
5 19 18
36 37 46
72 73 82
93 98 97
58 68 67
36 46 45
82 94 91
40 41 50
56 65 60
40 50 49
42 52 43
47 60 51
15 17 16
93 94 95
22 23 32
42 51 52
41 44 50
45 54 47
