VERTICES
-0.369386 -0.180776 -1.31243
-0.363387 -0.174778 -1.49504
-0.367998 -0.179388 -1.12243
-0.392491 -0.00416512 -1.32998
-0.388326 0 -1.13721
-0.388326 0 -0.948599
-0.198328 -0.198328 -1.32998
-0.194163 -0.194162 -0.948599
-0.194163 -0.194162 -1.13721
-0.198328 -0.00416512 -1.52415
-0.00555349 0 -1.51998
-0.180777 -0.180776 -1.50104
-0.00555349 -0.194162 -1.32582
-0.367998 -0.179388 -0.933825
-0.388326 0 -0.75999
-0.367998 -0.179388 -0.556607
-0.388326 0 -0.571381
-0.388326 0 -0.194163
-0.388326 0 -0.382772
-0.194163 -0.194162 -0.382772
-0.194163 -0.194162 -0.194163
-0.194163 -0.194162 -0.571381
-0.194163 -0.194162 -0.75999
-0.367998 -0.179388 -0.179388
-0.367998 -0.179388 -0.745216
-0.367998 -0.179388 -0.367998
-0.367998 -0.179388 0.00922084
-0.194163 -0.194162 0.371665
-0.367998 -0.179388 0.19783
-0.194163 -0.194162 -0.00555349
-0.194163 -0.194162 0.183056
-0.194163 -0.194162 0.560274
-0.367998 -0.179388 0.575049
-0.372163 -0.183553 1.3399
-0.195551 -0.183553 1.49618
-0.194163 -0.194162 0.748883
-0.194163 -0.199716 1.32026
-0.194163 -0.194162 0.937492
-0.194163 -0.194162 1.1261
-0.388326 0 0.748883
-0.388326 0 0.371665
-0.388326 0 0.560274
-0.388326 0 -0.00555349
-0.388326 0 0.183056
-0.367998 -0.179388 0.38644
-0.388326 0 0.937492
-0.368692 0 1.50035
-0.367998 -0.179388 0.952267
-0.367998 -0.179388 0.763658
-0.367998 -0.179388 1.14088
-0.363387 -0.174778 1.50196
-0.189997 -0.00138837 1.52206
-0.373551 0.0182453 -1.50521
-0.372163 0.175917 -1.32721
-0.367998 0.179388 -1.13165
-0.195551 0.175917 -1.50382
-0.363387 0.181693 -1.49504
0 0.179388 -1.49965
-0.367998 0.179388 -0.943046
-0.367998 0.179388 -0.377219
-0.367998 0.179388 -0.188609
-0.367998 0.179388 -0.754437
-0.367998 0.179388 -0.565828
0 0.188609 -1.13165
0 0.188609 -0.188609
-0.194163 0.194162 -1.13165
-0.195551 0.196245 -1.32721
-0.194163 0.194162 -0.943046
0 0.194162 -1.32582
0 0.188609 -0.943046
0 0.188609 -0.754437
-0.194163 0.194162 -0.565828
-0.194163 0.194162 -0.377219
-0.194163 0.194162 -0.188609
0 0.188609 0
-0.194163 0.194162 -0.754437
0 0.188609 -0.565828
0 0.188609 -0.377219
-0.367998 0.179388 0.188609
-0.388326 0 1.1261
-0.367998 0.179388 0.377219
-0.390409 0.00138837 1.32165
-0.367998 0.179388 1.13166
-0.370303 0.174778 1.49504
-0.367998 0.179388 0.565828
-0.367998 0.179388 0
-0.367998 0.179388 0.754437
-0.367998 0.179388 0.943046
-0.364527 0.183553 1.32721
-0.208243 0.183553 1.50382
-0.194163 0.194162 1.13166
0 0.188609 0.565828
0 0.188609 0.377219
0 0.188609 0.188609
0 0.188609 1.13166
-0.00922084 0.179388 1.49965
0 0.188609 0.754437
0 0.188609 0.943046
-0.194163 0.194162 0.377219
-0.194163 0.194162 0
-0.194163 0.194162 0.188609
-0.194163 0.194162 0.565828
-0.194163 0.194162 0.754437
-0.194163 0.194162 0.943046
-0.188609 0.199716 1.32582
0.188609 -0.199716 -1.32582
0 -0.188609 -0.754437
0.194163 -0.194162 -0.943046
0.194163 -0.194162 -0.754437
0.194163 -0.194162 -0.565828
0.194163 -0.194162 0
0 -0.188609 -0.943046
0.00922084 -0.179388 -1.49965
0 -0.188609 -1.13165
0 -0.188609 0
0 -0.188609 -0.188609
0 -0.188609 -0.565828
0 -0.188609 -0.377219
0.194163 -0.194162 -1.13165
0.208243 -0.183553 -1.50382
0.364527 -0.183553 -1.32721
0.194163 -0.194162 -0.377219
0.367998 -0.179388 -0.377219
0.194163 -0.194162 -0.188609
0.367998 -0.179388 -1.13165
0.370303 -0.174778 -1.49504
0.390409 -0.00138837 -1.32165
0.367998 -0.179388 -0.943046
0.367998 -0.179388 -0.754437
0.367998 -0.179388 -0.565828
0.367998 -0.179388 -0.188609
0 -0.188609 0.188609
0 -0.188609 0.565828
0 -0.188609 0.377219
0.194163 -0.194162 0.188609
0.194163 -0.194162 0.377219
0.194163 -0.194162 0.565828
0 -0.188609 0.754437
0 -0.188609 0.943046
0 -0.194162 1.32582
0.194163 -0.194162 0.943046
0.195551 -0.196245 1.32721
0.194163 -0.194162 0.754437
0.194163 -0.194162 1.13166
0.367998 -0.179388 0.943046
0.367998 -0.179388 0.565828
0.367998 -0.179388 0.754437
0.367998 -0.179388 0
0.367998 -0.179388 0.188609
0.367998 -0.179388 0.377219
0 -0.188609 1.13166
0 -0.179388 1.49965
0.195551 -0.175917 1.50382
0.363387 -0.181693 1.49504
0.367998 -0.179388 1.13166
0.372163 -0.175917 1.32721
0.373551 -0.0182453 1.50521
0.189997 0.00138837 -1.52206
0.363387 0.174778 -1.50196
0.367998 0.179388 -0.763658
0.368692 0 -1.50035
0.388326 0 -1.1261
0.388326 0 -0.937492
0.367998 0.179388 -0.38644
0.367998 0.179388 -0.00922084
0.388326 0 -0.371665
0.388326 0 -0.748883
0.388326 0 -0.560274
0.388326 0 -0.183056
0.388326 0 0.00555349
0.195551 0.183553 -1.49618
0.194163 0.199716 -1.32026
0.194163 0.194162 -1.1261
0.372163 0.183553 -1.3399
0.367998 0.179388 -1.14088
0.367998 0.179388 -0.952267
0.194163 0.194162 -0.748883
0.194163 0.194162 -0.371665
0.194163 0.194162 -0.183056
0.194163 0.194162 -0.560274
0.194163 0.194162 -0.937492
0.367998 0.179388 -0.19783
0.367998 0.179388 -0.575049
0.367998 0.179388 0.556607
0.194163 0.194162 0.194163
0.194163 0.194162 0.75999
0.194163 0.194162 0.00555349
0.194163 0.194162 0.571381
0.194163 0.194162 0.382772
0.388326 0 0.571381
0.388326 0 0.75999
0.388326 0 0.382772
0.367998 0.179388 0.179388
0.388326 0 0.194163
0.367998 0.179388 0.367998
0.367998 0.179388 0.745216
0.180777 0.180776 1.50104
0.00555349 0 1.51998
0.198328 0.00416512 1.52415
0.00555349 0.194162 1.32582
0.194163 0.194162 1.13721
0.194163 0.194162 0.948599
0.198328 0.198328 1.32998
0.388326 0 0.948599
0.388326 0 1.13721
0.392491 0.00416512 1.32998
0.367998 0.179388 0.933825
0.363387 0.174778 1.49504
0.367998 0.179388 1.12243
0.369386 0.180776 1.31243
0.102555 0 0.00277675
0.102555 0 -1.12888
0.102555 0 0.945823
-0.102555 0 1.12888
0.102555 0 0.379996
-0.102555 0 0.75166
0.102555 0 -0.563051
-0.102555 0 -0.191386
-0.102555 0 0.185832
-0.102555 0 -0.757214
TETRAHEDRA
0 6 3 4
42 23 29 26
73 64 74 217
3 65 66 53
9 68 57 55
177 76 179 216
92 100 93 218
17 60 99 73
136 146 190 142
13 22 7 5
40 80 101 98
121 116 117 216
5 58 75 67
87 90 45 103
143 200 204 212
22 5 14 219
37 103 45 213
43 28 30 27
168 121 177 165
36 81 49 33
71 77 72 216
133 27 214 218
77 71 76 216
45 47 48 37
168 186 210 169
131 134 210 214
108 111 106 219
123 121 117 217
30 133 131 218
77 76 177 216
191 148 134 193
41 84 102 101
118 12 113 211
117 21 19 216
18 60 73 59
203 201 185 212
132 142 136 215
187 132 91 214
142 132 137 215
191 187 183 188
185 91 187 215
127 118 162 124
173 174 171 126
68 9 66 55
40 84 101 80
89 88 104 81
123 117 115 217
96 185 212 215
70 176 216 219
79 37 45 213
104 36 81 213
24 21 22 14
31 40 27 44
21 16 19 71
169 184 192 186
173 171 170 157
66 6 3 9
79 45 90 213
31 137 132 215
210 74 217 218
187 191 214 188
37 138 35 215
164 178 181 168
1 6 11 9
6 0 8 4
0 2 8 4
66 9 52 55
3 65 4 6
6 65 4 8
6 1 3 9
29 30 131 218
13 22 5 14
97 103 102 215
98 91 101 214
14 62 71 61
91 98 92 214
28 26 43 30
22 7 5 219
24 21 16 15
5 75 14 219
62 14 71 16
142 144 203 140
28 43 40 27
21 22 14 219
25 23 20 17
2 13 7 5
4 54 67 65
23 29 20 17
21 16 15 19
41 86 102 84
98 43 100 218
91 92 187 214
4 58 67 54
81 83 89 88
106 116 216 219
190 136 142 187
31 132 27 214
77 19 72 216
6 1 0 3
141 150 139 213
8 2 7 4
43 29 218 30
60 18 73 17
43 29 26 42
18 59 73 72
180 69 111 219
19 25 20 17
3 66 9 52
65 8 7 4
7 2 5 4
1 3 9 52
12 9 66 68
9 12 66 6
9 12 6 11
169 184 186 210
199 94 202 213
177 123 178 217
67 4 65 7
15 25 19 18
114 29 131 218
95 89 104 51
7 106 111 219
58 4 67 5
104 90 199 213
5 61 75 58
65 3 54 53
3 66 52 53
65 3 4 54
66 56 52 53
56 66 52 55
104 79 213 81
25 19 18 17
75 5 67 219
42 29 17 217
61 5 75 14
23 42 29 17
142 190 185 212
72 62 71 16
98 92 214 218
16 15 19 18
77 64 72 217
184 134 193 214
43 98 40 218
202 94 200 213
48 32 39 35
85 17 99 42
121 109 116 216
180 108 166 176
19 18 17 217
166 179 216 167
104 82 79 88
86 41 102 39
161 172 126 211
13 24 22 14
21 24 16 14
14 61 71 75
72 16 71 19
72 62 16 59
59 16 72 18
143 150 141 213
82 104 79 90
188 184 191 214
31 39 32 35
199 141 139 213
19 21 71 216
80 43 98 40
43 78 98 100
191 134 135 214
35 45 48 37
139 38 36 213
199 90 94 213
87 39 103 45
103 37 45 215
17 85 99 60
45 82 79 90
47 79 49 38
141 199 202 213
196 198 202 207
187 191 189 214
94 97 212 213
37 150 138 213
143 205 141 155
150 38 139 213
39 87 103 86
31 39 35 215
162 118 107 211
88 79 104 81
179 182 163 167
94 103 97 213
187 92 188 214
98 31 27 214
197 36 51 213
143 200 212 213
83 81 89 46
95 197 199 196
111 7 69 211
203 200 201 212
151 36 197 139
157 158 173 160
200 94 212 213
205 200 141 202
96 97 102 215
133 30 27 218
91 31 101 214
69 67 65 211
65 63 69 211
45 35 215 37
63 65 66 211
32 44 41 31
66 68 63 211
43 80 98 78
190 187 195 189
39 86 103 102
113 6 8 211
40 98 31 27
111 8 7 211
84 40 101 41
7 67 5 219
7 69 67 219
42 78 100 85
108 106 216 219
101 40 31 41
203 200 208 201
81 36 49 38
65 3 66 6
42 85 100 99
116 21 216 219
155 141 156 205
44 28 40 27
70 176 179 216
21 117 116 216
101 40 98 31
45 82 90 87
79 81 49 38
105 124 161 118
51 50 33 34
203 185 190 212
81 36 38 213
50 51 33 46
177 178 77 217
106 109 108 216
71 72 19 216
51 95 197 199
31 39 215 41
79 37 47 45
136 133 132 214
206 203 185 190
152 139 151 198
104 89 81 51
81 89 46 51
197 36 213 139
36 33 34 51
36 104 81 51
81 46 33 51
36 81 33 51
134 184 210 214
71 14 75 219
103 94 90 213
99 93 100 218
36 151 197 34
36 34 197 51
31 101 41 215
35 138 137 215
107 108 180 219
133 136 135 214
93 74 210 218
104 95 51 199
27 132 133 214
191 184 193 214
101 91 96 215
117 177 121 216
135 189 191 214
45 35 39 215
206 203 201 185
104 79 90 213
197 51 199 213
117 77 19 217
203 142 140 212
29 114 217 218
156 141 198 205
200 205 141 143
141 153 156 152
194 183 188 191
8 65 7 211
77 178 64 217
180 69 63 211
39 103 45 215
124 118 162 161
172 68 171 211
173 157 160 126
105 12 118 211
130 123 169 168
161 180 211 162
198 199 139 197
153 141 156 155
12 6 113 211
184 194 191 193
8 111 113 211
63 172 180 211
111 107 180 219
180 108 176 219
200 205 209 202
170 171 10 157
141 152 156 198
175 162 159 180
190 187 185 195
183 195 187 189
184 194 188 191
212 138 213 215
109 122 165 121
168 186 164 178
144 142 203 146
176 108 216 219
43 29 42 218
143 204 205 154
179 76 70 216
198 139 141 152
184 93 210 214
14 71 16 219
31 40 44 41
204 143 140 154
204 144 154 140
136 132 187 214
198 205 202 207
43 40 27 218
195 206 185 190
166 179 182 176
199 198 141 202
172 171 126 211
42 100 43 218
79 37 213 38
208 206 203 201
110 193 169 210
38 150 37 213
121 177 165 216
199 139 197 213
205 209 202 207
204 144 140 203
141 200 143 213
36 104 51 213
65 6 211 8
174 175 172 161
99 42 29 218
149 135 189 191
146 136 190 145
204 208 200 209
137 138 212 215
198 156 205 207
31 91 132 214
126 171 105 211
161 180 172 211
203 200 212 204
198 199 141 139
21 16 71 219
93 74 184 210
199 198 202 196
134 184 193 210
136 187 189 214
97 212 213 215
139 151 198 197
193 110 134 210
141 198 205 202
184 169 192 193
200 205 204 209
177 179 163 165
200 205 143 204
143 205 155 154
200 203 208 204
64 178 210 217
74 64 210 217
145 136 190 189
69 176 70 219
134 149 191 135
37 103 213 215
107 113 111 211
200 141 202 213
39 31 32 41
138 37 213 215
142 137 212 215
179 166 182 167
77 117 19 216
77 177 117 216
150 143 212 213
185 142 212 215
146 142 203 190
148 110 193 147
97 96 212 215
51 104 199 213
27 98 214 218
7 111 69 219
177 179 165 216
67 4 7 5
21 116 22 219
79 81 38 213
109 165 167 216
187 191 183 189
37 79 47 38
121 123 177 217
103 39 102 215
131 133 214 218
164 192 186 169
107 118 113 211
29 43 26 30
191 148 149 134
179 163 165 167
167 108 109 216
187 142 185 215
96 102 101 215
35 137 31 215
132 136 187 215
103 97 213 215
166 107 108 180
182 176 159 166
102 41 101 215
168 122 130 121
110 123 115 210
136 142 187 215
138 150 212 213
92 93 214 218
12 66 6 211
21 71 216 219
106 7 22 219
68 12 10 211
10 12 157 211
192 194 184 193
147 110 193 169
74 186 184 210
187 142 190 185
190 136 187 189
132 187 91 215
145 189 135 136
135 149 189 145
18 73 17 217
137 140 142 212
108 107 111 219
73 18 72 217
96 201 97 212
114 20 29 217
76 71 75 219
115 114 210 217
166 107 180 162
100 92 98 218
9 68 10 57
134 191 193 214
186 64 178 210
168 177 178 181
110 115 114 210
74 64 186 210
100 42 99 218
71 76 216 219
143 138 150 212
165 179 167 216
147 123 169 130
12 11 10 112
90 45 103 213
171 57 10 68
114 131 134 210
134 110 114 210
108 166 176 216
57 171 10 170
70 75 67 219
75 70 76 219
173 171 157 126
20 19 17 217
123 115 210 217
110 148 193 134
123 169 168 210
168 186 178 210
123 168 178 210
177 77 117 217
200 97 201 212
158 157 173 170
108 129 167 109
181 177 163 165
118 162 161 211
16 21 14 219
143 204 140 212
185 201 96 212
69 70 67 219
69 7 67 211
19 72 18 217
78 42 100 43
69 180 111 211
171 174 172 126
172 174 161 126
166 180 176 159
9 12 11 10
12 157 105 112
188 93 184 214
29 20 17 217
199 198 196 197
45 35 48 39
157 126 105 119
107 180 162 211
169 184 210 193
65 67 7 211
126 125 119 160
135 134 131 214
42 99 29 217
157 12 105 211
41 102 39 215
118 127 162 107
114 131 210 218
177 117 121 217
91 31 132 215
140 137 138 212
167 128 129 108
12 10 157 112
109 106 116 216
108 167 166 216
92 93 188 214
63 68 172 211
12 9 68 10
142 203 190 212
166 179 176 216
107 128 166 108
176 69 180 219
123 147 169 110
171 157 126 105
167 128 108 166
135 131 133 214
140 204 203 212
138 143 140 212
94 97 200 212
98 101 31 214
66 12 68 211
74 99 73 217
10 171 211 157
10 171 68 211
165 109 121 216
76 70 216 219
180 161 175 162
105 161 126 211
96 91 185 215
157 105 112 119
189 135 136 214
6 65 211 66
107 111 180 211
22 116 106 219
19 77 72 217
20 114 115 217
168 121 123 177
177 123 168 178
210 131 214 218
93 210 214 218
30 43 27 218
168 122 121 165
171 157 105 211
74 99 217 218
17 99 42 217
99 17 73 217
178 123 210 217
19 115 117 217
64 73 72 217
115 19 20 217
122 109 165 129
72 16 19 18
129 109 165 167
157 160 126 119
161 120 105 126
121 130 168 123
166 180 159 162
126 105 119 120
40 98 27 218
128 107 166 127
161 180 175 172
127 107 166 162
99 29 217 218
169 123 110 210
31 91 101 215
105 161 211 118
125 126 119 120
168 177 181 165
93 99 74 218
124 105 161 120
114 210 217 218
186 168 164 169
EDGES
0 1
0 2
0 3
0 4
0 6
0 8
1 3
1 6
1 9
1 11
1 52
2 4
2 5
2 7
2 8
2 13
3 4
3 6
3 9
3 52
3 53
3 54
3 65
3 66
4 5
4 6
4 7
4 8
4 54
4 58
4 65
4 67
5 7
5 13
5 14
5 22
5 58
5 61
5 67
5 75
5 219
6 8
6 9
6 11
6 12
6 65
6 66
6 113
6 211
7 8
7 13
7 22
7 65
7 67
7 69
7 106
7 111
7 211
7 219
8 65
8 111
8 113
8 211
9 10
9 11
9 12
9 52
9 55
9 57
9 66
9 68
10 11
10 12
10 57
10 68
10 112
10 157
10 170
10 171
10 211
11 12
11 112
12 66
12 68
12 105
12 112
12 113
12 118
12 157
12 211
13 14
13 22
13 24
14 16
14 21
14 22
14 24
14 61
14 62
14 71
14 75
14 219
15 16
15 18
15 19
15 21
15 24
15 25
16 18
16 19
16 21
16 24
16 59
16 62
16 71
16 72
16 219
17 18
17 19
17 20
17 23
17 25
17 29
17 42
17 60
17 73
17 85
17 99
17 217
18 19
18 25
18 59
18 60
18 72
18 73
18 217
19 20
19 21
19 25
19 71
19 72
19 77
19 115
19 117
19 216
19 217
20 23
20 25
20 29
20 114
20 115
20 217
21 22
21 24
21 71
21 116
21 117
21 216
21 219
22 24
22 106
22 116
22 219
23 25
23 26
23 29
23 42
26 28
26 29
26 30
26 42
26 43
27 28
27 30
27 31
27 40
27 43
27 44
27 98
27 132
27 133
27 214
27 218
28 30
28 40
28 43
28 44
29 30
29 42
29 43
29 99
29 114
29 131
29 217
29 218
30 43
30 131
30 133
30 218
31 32
31 35
31 39
31 40
31 41
31 44
31 91
31 98
31 101
31 132
31 137
31 214
31 215
32 35
32 39
32 41
32 44
32 48
33 34
33 36
33 46
33 49
33 50
33 51
33 81
34 36
34 50
34 51
34 151
34 197
35 37
35 39
35 45
35 48
35 137
35 138
35 215
36 38
36 49
36 51
36 81
36 104
36 139
36 151
36 197
36 213
37 38
37 45
37 47
37 48
37 79
37 103
37 138
37 150
37 213
37 215
38 47
38 49
38 79
38 81
38 139
38 150
38 213
39 41
39 45
39 48
39 86
39 87
39 102
39 103
39 215
40 41
40 43
40 44
40 80
40 84
40 98
40 101
40 218
41 44
41 84
41 86
41 101
41 102
41 215
42 43
42 78
42 85
42 99
42 100
42 217
42 218
43 78
43 80
43 98
43 100
43 218
45 47
45 48
45 79
45 82
45 87
45 90
45 103
45 213
45 215
46 50
46 51
46 81
46 83
46 89
47 48
47 49
47 79
49 79
49 81
50 51
51 81
51 89
51 95
51 104
51 197
51 199
51 213
52 53
52 55
52 56
52 66
53 54
53 56
53 65
53 66
54 58
54 65
54 67
55 56
55 57
55 66
55 68
56 66
57 68
57 170
57 171
58 61
58 67
58 75
59 60
59 62
59 72
59 73
60 73
60 85
60 99
61 62
61 71
61 75
62 71
62 72
63 65
63 66
63 68
63 69
63 172
63 180
63 211
64 72
64 73
64 74
64 77
64 178
64 186
64 210
64 217
65 66
65 67
65 69
65 211
66 68
66 211
67 69
67 70
67 75
67 211
67 219
68 171
68 172
68 211
69 70
69 111
69 176
69 180
69 211
69 219
70 75
70 76
70 176
70 179
70 216
70 219
71 72
71 75
71 76
71 77
71 216
71 219
72 73
72 77
72 216
72 217
73 74
73 99
73 217
74 93
74 99
74 184
74 186
74 210
74 217
74 218
75 76
75 219
76 77
76 177
76 179
76 216
76 219
77 117
77 177
77 178
77 216
77 217
78 80
78 85
78 98
78 100
79 81
79 82
79 88
79 90
79 104
79 213
80 84
80 98
80 101
81 83
81 88
81 89
81 104
81 213
82 87
82 88
82 90
82 104
83 88
83 89
84 86
84 101
84 102
85 99
85 100
86 87
86 102
86 103
87 90
87 103
88 89
88 104
89 95
89 104
90 94
90 103
90 104
90 199
90 213
91 92
91 96
91 98
91 101
91 132
91 185
91 187
91 214
91 215
92 93
92 98
92 100
92 187
92 188
92 214
92 218
93 99
93 100
93 184
93 188
93 210
93 214
93 218
94 97
94 103
94 199
94 200
94 202
94 212
94 213
95 104
95 196
95 197
95 199
96 97
96 101
96 102
96 185
96 201
96 212
96 215
97 102
97 103
97 200
97 201
97 212
97 213
97 215
98 100
98 101
98 214
98 218
99 100
99 217
99 218
100 218
101 102
101 214
101 215
102 103
102 215
103 213
103 215
104 199
104 213
105 112
105 118
105 119
105 120
105 124
105 126
105 157
105 161
105 171
105 211
106 108
106 109
106 111
106 116
106 216
106 219
107 108
107 111
107 113
107 118
107 127
107 128
107 162
107 166
107 180
107 211
107 219
108 109
108 111
108 128
108 129
108 166
108 167
108 176
108 180
108 216
108 219
109 116
109 121
109 122
109 129
109 165
109 167
109 216
110 114
110 115
110 123
110 134
110 147
110 148
110 169
110 193
110 210
111 113
111 180
111 211
111 219
112 119
112 157
113 118
113 211
114 115
114 131
114 134
114 210
114 217
114 218
115 117
115 123
115 210
115 217
116 117
116 121
116 216
116 219
117 121
117 123
117 177
117 216
117 217
118 124
118 127
118 161
118 162
118 211
119 120
119 125
119 126
119 157
119 160
120 124
120 125
120 126
120 161
121 122
121 123
121 130
121 165
121 168
121 177
121 216
121 217
122 129
122 130
122 165
122 168
123 130
123 147
123 168
123 169
123 177
123 178
123 210
123 217
124 127
124 161
124 162
125 126
125 160
126 157
126 160
126 161
126 171
126 172
126 173
126 174
126 211
127 128
127 162
127 166
128 129
128 166
128 167
129 165
129 167
130 147
130 168
130 169
131 133
131 134
131 135
131 210
131 214
131 218
132 133
132 136
132 137
132 142
132 187
132 214
132 215
133 135
133 136
133 214
133 218
134 135
134 148
134 149
134 184
134 191
134 193
134 210
134 214
135 136
135 145
135 149
135 189
135 191
135 214
136 142
136 145
136 146
136 187
136 189
136 190
136 214
136 215
137 138
137 140
137 142
137 212
137 215
138 140
138 143
138 150
138 212
138 213
138 215
139 141
139 150
139 151
139 152
139 197
139 198
139 199
139 213
140 142
140 143
140 144
140 154
140 203
140 204
140 212
141 143
141 150
141 152
141 153
141 155
141 156
141 198
141 199
141 200
141 202
141 205
141 213
142 144
142 146
142 185
142 187
142 190
142 203
142 212
142 215
143 150
143 154
143 155
143 200
143 204
143 205
143 212
143 213
144 146
144 154
144 203
144 204
145 146
145 149
145 189
145 190
146 190
146 203
147 148
147 169
147 193
148 149
148 191
148 193
149 189
149 191
150 212
150 213
151 152
151 197
151 198
152 153
152 156
152 198
153 155
153 156
154 155
154 204
154 205
155 156
155 205
156 198
156 205
156 207
157 158
157 160
157 170
157 171
157 173
157 211
158 160
158 170
158 173
159 162
159 166
159 175
159 176
159 180
159 182
160 173
161 162
161 172
161 174
161 175
161 180
161 211
162 166
162 175
162 180
162 211
163 165
163 167
163 177
163 179
163 181
163 182
164 168
164 169
164 178
164 181
164 186
164 192
165 167
165 168
165 177
165 179
165 181
165 216
166 167
166 176
166 179
166 180
166 182
166 216
167 179
167 182
167 216
168 169
168 177
168 178
168 181
168 186
168 210
169 184
169 186
169 192
169 193
169 210
170 171
170 173
171 172
171 173
171 174
171 211
172 174
172 175
172 180
172 211
173 174
174 175
175 180
176 179
176 180
176 182
176 216
176 219
177 178
177 179
177 181
177 216
177 217
178 181
178 186
178 210
178 217
179 182
179 216
180 211
180 219
183 187
183 188
183 189
183 191
183 194
183 195
184 186
184 188
184 191
184 192
184 193
184 194
184 210
184 214
185 187
185 190
185 195
185 201
185 203
185 206
185 212
185 215
186 192
186 210
187 188
187 189
187 190
187 191
187 195
187 214
187 215
188 191
188 194
188 214
189 190
189 191
189 195
189 214
190 195
190 203
190 206
190 212
191 193
191 194
191 214
192 193
192 194
193 194
193 210
193 214
195 206
196 197
196 198
196 199
196 202
196 207
197 198
197 199
197 213
198 199
198 202
198 205
198 207
199 202
199 213
200 201
200 202
200 203
200 204
200 205
200 208
200 209
200 212
200 213
201 203
201 206
201 208
201 212
202 205
202 207
202 209
202 213
203 204
203 206
203 208
203 212
204 205
204 208
204 209
204 212
205 207
205 209
206 208
207 209
208 209
210 214
210 217
210 218
212 213
212 215
213 215
214 218
216 219
217 218
SURFACE_TRIANGLES
0 1 3
0 1 6
0 2 4
0 2 8
0 3 4
0 6 8
1 3 52
1 6 11
1 9 11
1 9 52
2 4 5
2 5 13
2 7 8
2 7 13
3 4 54
3 52 53
3 53 54
4 5 58
4 54 58
5 13 14
5 14 61
5 58 61
6 8 113
6 11 12
6 12 113
7 8 111
7 13 22
7 22 106
7 106 111
8 111 113
9 10 11
9 10 57
9 52 55
9 55 57
10 11 112
10 57 170
10 112 157
10 157 170
11 12 112
12 105 112
12 105 118
12 113 118
13 14 24
13 22 24
14 16 24
14 16 62
14 61 62
15 16 18
15 16 24
15 18 25
15 19 21
15 19 25
15 21 24
16 18 59
16 59 62
17 18 25
17 18 60
17 23 25
17 23 42
17 42 85
17 60 85
18 59 60
19 20 25
19 20 115
19 21 117
19 115 117
20 23 25
20 23 29
20 29 114
20 114 115
21 22 24
21 22 116
21 116 117
22 106 116
23 26 29
23 26 42
26 28 30
26 28 43
26 29 30
26 42 43
27 28 30
27 28 44
27 30 133
27 31 44
27 31 132
27 132 133
28 40 43
28 40 44
29 30 131
29 114 131
30 131 133
31 32 35
31 32 44
31 35 137
31 132 137
32 35 48
32 39 41
32 39 48
32 41 44
33 34 36
33 34 50
33 36 49
33 46 50
33 46 81
33 49 81
34 36 151
34 50 51
34 51 197
34 151 197
35 37 48
35 37 138
35 137 138
36 38 49
36 38 139
36 139 151
37 38 47
37 38 150
37 47 48
37 138 150
38 47 49
38 139 150
39 41 86
39 45 48
39 45 87
39 86 87
40 41 44
40 41 84
40 43 80
40 80 84
41 84 86
42 43 78
42 78 85
43 78 80
45 47 48
45 47 79
45 79 82
45 82 87
46 50 51
46 51 89
46 81 83
46 83 89
47 49 79
49 79 81
51 89 95
51 95 197
52 53 56
52 55 56
53 54 65
53 56 66
53 65 66
54 58 67
54 65 67
55 56 66
55 57 68
55 66 68
57 68 171
57 170 171
58 61 75
58 67 75
59 60 73
59 62 72
59 72 73
60 73 99
60 85 99
61 62 71
61 71 75
62 71 72
63 65 66
63 65 69
63 66 68
63 68 172
63 69 180
63 172 180
64 72 73
64 72 77
64 73 74
64 74 186
64 77 178
64 178 186
65 67 69
67 69 70
67 70 75
68 171 172
69 70 176
69 176 180
70 75 76
70 76 179
70 176 179
71 72 77
71 75 76
71 76 77
73 74 99
74 93 99
74 93 184
74 184 186
76 77 177
76 177 179
77 177 178
78 80 98
78 85 100
78 98 100
79 81 88
79 82 88
80 84 101
80 98 101
81 83 88
82 87 90
82 88 104
82 90 104
83 88 89
84 86 102
84 101 102
85 99 100
86 87 103
86 102 103
87 90 103
88 89 104
89 95 104
90 94 103
90 94 199
90 104 199
91 92 98
91 92 187
91 96 101
91 96 185
91 98 101
91 185 187
92 93 100
92 93 188
92 98 100
92 187 188
93 99 100
93 184 188
94 97 103
94 97 200
94 199 202
94 200 202
95 104 199
95 196 197
95 196 199
96 97 102
96 97 201
96 101 102
96 185 201
97 102 103
97 200 201
105 112 119
105 118 124
105 119 120
105 120 124
106 108 109
106 108 111
106 109 116
107 108 111
107 108 128
107 111 113
107 113 118
107 118 127
107 127 128
108 109 129
108 128 129
109 116 121
109 121 122
109 122 129
110 114 115
110 114 134
110 115 123
110 123 147
110 134 148
110 147 148
112 119 157
114 131 134
115 117 123
116 117 121
117 121 123
118 124 127
119 120 125
119 125 160
119 157 160
120 124 161
120 125 126
120 126 161
121 122 130
121 123 130
122 129 165
122 130 168
122 165 168
123 130 147
124 127 162
124 161 162
125 126 160
126 160 173
126 161 174
126 173 174
127 128 166
127 162 166
128 129 167
128 166 167
129 165 167
130 147 169
130 168 169
131 133 135
131 134 135
132 133 136
132 136 142
132 137 142
133 135 136
134 135 149
134 148 149
135 136 145
135 145 149
136 142 146
136 145 146
137 138 140
137 140 142
138 140 143
138 143 150
139 141 150
139 141 152
139 151 152
140 142 144
140 143 154
140 144 154
141 143 150
141 143 155
141 152 153
141 153 155
142 144 146
143 154 155
144 146 203
144 154 204
144 203 204
145 146 190
145 149 189
145 189 190
146 190 203
147 148 193
147 169 193
148 149 191
148 191 193
149 189 191
151 152 198
151 197 198
152 153 156
152 156 198
153 155 156
154 155 205
154 204 205
155 156 205
156 198 207
156 205 207
157 158 160
157 158 170
158 160 173
158 170 173
159 162 166
159 162 175
159 166 182
159 175 180
159 176 180
159 176 182
161 162 175
161 174 175
163 165 167
163 165 181
163 167 182
163 177 179
163 177 181
163 179 182
164 168 169
164 168 181
164 169 192
164 178 181
164 178 186
164 186 192
165 168 181
166 167 182
169 192 193
170 171 173
171 172 174
171 173 174
172 174 175
172 175 180
176 179 182
177 178 181
183 187 188
183 187 195
183 188 194
183 189 191
183 189 195
183 191 194
184 186 192
184 188 194
184 192 194
185 187 195
185 195 206
185 201 206
189 190 195
190 195 206
190 203 206
191 193 194
192 193 194
196 197 198
196 198 207
196 199 202
196 202 207
200 201 208
200 202 209
200 208 209
201 206 208
202 207 209
203 204 208
203 206 208
204 205 209
204 208 209
205 207 209
