VERTICES
-0.302238 -0.302238 -1.28573
-0.301333 -0.301333 -1.16189
-0.301333 -0.301333 -1.03896
-0.301333 -0.301333 -0.916018
-0.313678 -0.190741 -1.29717
-0.310963 -0.188026 -1.17152
-0.310963 -0.188026 -0.925648
-0.310963 -0.188026 -0.802711
-0.310963 -0.0650883 -1.29446
-0.310963 -0.188026 -1.04859
-0.307343 -0.0614685 -1.1679
-0.307343 -0.0614685 -0.799091
-0.302238 -0.179301 -1.40867
-0.307343 -0.0614685 -0.922028
-0.301333 -0.0554582 -1.40777
-0.307343 -0.0614685 -1.04497
-0.190741 -0.313678 -1.29717
-0.188026 -0.310963 -1.04859
-0.188026 -0.310963 -0.925648
-0.188026 -0.310963 -0.802711
-0.0650883 -0.310963 -1.29446
-0.188026 -0.310963 -1.17152
-0.0614685 -0.307343 -1.04497
-0.0614685 -0.307343 -0.922028
-0.190741 -0.190741 -1.42011
-0.188026 -0.0650883 -1.4174
-0.0650883 -0.188026 -1.4174
-0.0614685 -0.0614685 -1.41378
-0.179301 -0.302238 -1.40867
-0.298328 -0.298328 -1.40476
-0.0614685 -0.307343 -1.1679
-0.0554582 -0.301333 -1.40777
-0.310963 -0.188026 -0.679774
-0.310963 -0.188026 -0.433899
-0.301333 -0.301333 -0.424269
-0.301333 -0.301333 -0.793081
-0.310963 -0.188026 -0.310963
-0.310963 -0.188026 -0.188026
-0.301333 -0.301333 -0.178396
-0.301333 -0.301333 -0.301333
-0.310963 -0.188026 -0.556836
-0.310963 -0.188026 -0.0650883
-0.307343 -0.0614685 -0.43028
-0.307343 -0.0614685 -0.184406
-0.307343 -0.0614685 -0.553217
-0.307343 -0.0614685 -0.0614685
-0.307343 -0.0614685 -0.676154
-0.307343 -0.0614685 -0.307343
-0.188026 -0.310963 -0.679774
-0.188026 -0.310963 -0.188026
-0.188026 -0.310963 -0.556836
-0.188026 -0.310963 -0.433899
-0.188026 -0.310963 -0.310963
-0.188026 -0.310963 -0.0650883
-0.0614685 -0.307343 -0.799091
-0.0614685 -0.307343 -0.43028
-0.0614685 -0.307343 -0.676154
-0.0614685 -0.307343 -0.553217
-0.0614685 -0.307343 -0.307343
-0.0614685 -0.307343 -0.184406
-0.301333 -0.301333 -0.547206
-0.301333 -0.301333 -0.670144
-0.301333 -0.301333 -0.0554582
-0.0614685 -0.307343 -0.0614685
-0.301333 -0.301333 0.0674788
-0.301333 -0.301333 0.43629
-0.301333 -0.301333 0.559227
-0.301333 -0.301333 0.682164
-0.188026 -0.310963 0.303723
-0.188026 -0.310963 0.42666
-0.188026 -0.310963 0.180786
-0.188026 -0.310963 0.549597
-0.188026 -0.310963 0.0578487
-0.0614685 -0.307343 0.184406
-0.0614685 -0.307343 0.307343
-0.0614685 -0.307343 0.0614685
-0.188026 -0.310963 0.672534
-0.0614685 -0.307343 0.676154
-0.0614685 -0.307343 0.43028
-0.0614685 -0.307343 0.553217
-0.301333 -0.301333 0.805101
-0.301333 -0.301333 0.928038
-0.188026 -0.310963 1.04135
-0.188026 -0.310963 0.918408
-0.304048 -0.304048 1.30364
-0.301333 -0.301333 1.05098
-0.188026 -0.314583 1.29084
-0.188931 -0.304048 1.4055
-0.188026 -0.310963 0.795471
-0.0614685 -0.307343 0.799091
-0.188026 -0.310963 1.16428
-0.0614685 -0.310963 1.29446
-0.0614685 -0.307343 1.04497
-0.0614685 -0.307343 0.922028
-0.0614685 -0.307343 1.1679
-0.0614685 -0.301333 1.40777
-0.310963 -0.188026 0.303723
-0.310963 -0.188026 0.180786
-0.310963 -0.188026 0.672534
-0.310963 -0.188026 0.795471
-0.310963 -0.188026 0.42666
-0.310963 -0.188026 0.0578487
-0.310963 -0.188026 0.549597
-0.307343 -0.0614685 0.676154
-0.307343 -0.0614685 0.0614685
-0.307343 -0.0614685 0.307343
-0.301333 -0.301333 0.190416
-0.307343 -0.0614685 0.184406
-0.307343 -0.0614685 0.799091
-0.307343 -0.0614685 0.553217
-0.301333 -0.301333 0.313353
-0.307343 -0.0614685 0.43028
-0.310963 -0.188026 0.918408
-0.310963 -0.188026 1.04135
-0.307343 -0.0614685 0.922028
-0.307343 -0.0614685 1.04497
-0.314583 -0.188026 1.29084
-0.310963 -0.0614685 1.29446
-0.310963 -0.188026 1.16428
-0.307343 -0.0614685 1.1679
-0.301333 -0.301333 1.17391
-0.298328 -0.298328 1.40927
-0.304048 -0.188931 1.4055
-0.301333 -0.0614685 1.40777
-0.0614685 -0.188026 1.4174
-0.188931 -0.188931 1.41875
-0.0614685 -0.0614685 1.41378
-0.188026 -0.0614685 1.4174
-0.314583 0.184406 -1.29446
-0.310963 0.0578487 -1.29446
-0.310963 0.188026 -1.1679
-0.310963 0.188026 -1.04497
-0.307343 0.0614685 -1.1679
-0.307343 0.0614685 -0.922028
-0.304048 0.197204 -1.41048
-0.307343 0.0614685 -1.04497
-0.188026 0.0578487 -1.4174
-0.188026 0.184406 -1.42102
-0.0614685 0.0614685 -1.41378
-0.0614685 0.188026 -1.4174
-0.304048 0.29907 -1.29536
-0.301333 0.301333 -1.1679
-0.301333 0.0674788 -1.40777
-0.188931 0.29907 -1.41048
-0.310963 0.188026 -0.799091
-0.310963 0.188026 -0.676154
-0.310963 0.188026 -0.553217
-0.310963 0.188026 -0.922028
-0.310963 0.188026 -0.184406
-0.310963 0.188026 -0.0614685
-0.310963 0.188026 -0.43028
-0.310963 0.188026 -0.307343
-0.307343 0.0614685 -0.676154
-0.307343 0.0614685 -0.799091
-0.307343 0.0614685 -0.553217
-0.307343 0.0614685 -0.307343
-0.307343 0.0614685 -0.43028
-0.307343 0.0614685 -0.184406
-0.307343 0.0614685 -0.0614685
-0.301333 0.301333 -0.0614685
-0.301333 0.301333 -1.04497
-0.298328 0.302835 -1.40476
-0.301333 0.301333 -0.922028
-0.301333 0.301333 -0.799091
-0.188931 0.31232 -1.29536
-0.188026 0.310963 -1.1679
-0.188026 0.310963 -0.799091
-0.188026 0.310963 -0.676154
-0.0614685 0.301333 -1.40777
-0.0614685 0.307343 -1.04497
-0.0614685 0.307343 -1.1679
-0.0614685 0.310963 -1.29446
-0.188026 0.310963 -0.922028
-0.188026 0.310963 -1.04497
-0.0614685 0.307343 -0.922028
-0.0614685 0.307343 -0.799091
-0.301333 0.301333 -0.676154
-0.301333 0.301333 -0.43028
-0.301333 0.301333 -0.553217
-0.188026 0.310963 -0.553217
-0.301333 0.301333 -0.307343
-0.301333 0.301333 -0.184406
-0.188026 0.310963 -0.43028
-0.188026 0.310963 -0.307343
-0.0614685 0.307343 -0.553217
-0.0614685 0.307343 -0.43028
-0.188026 0.310963 -0.184406
-0.188026 0.310963 -0.0614685
-0.0614685 0.307343 -0.676154
-0.0614685 0.307343 -0.0614685
-0.0614685 0.307343 -0.307343
-0.0614685 0.307343 -0.184406
-0.307343 0.0614685 0.0614685
-0.310963 0.188026 0.184406
-0.307343 0.0614685 0.307343
-0.307343 0.0614685 0.184406
-0.307343 0.0614685 0.676154
-0.310963 0.188026 0.43028
-0.307343 0.0614685 0.553217
-0.307343 0.0614685 0.43028
-0.307343 0.0614685 1.04497
-0.307343 0.0614685 1.1679
-0.310963 0.0614685 1.29446
-0.301333 0.0614685 1.40777
-0.307343 0.0614685 0.799091
-0.307343 0.0614685 0.922028
-0.310963 0.188026 1.04497
-0.310963 0.188026 1.1679
-0.310963 0.188026 0.0614685
-0.310963 0.188026 0.307343
-0.310963 0.188026 0.553217
-0.301333 0.301333 0.307343
-0.301333 0.301333 0.184406
-0.301333 0.301333 0.0614685
-0.301333 0.301333 0.43028
-0.301333 0.301333 0.553217
-0.310963 0.188026 0.799091
-0.310963 0.188026 0.922028
-0.310963 0.188026 0.676154
-0.31232 0.188931 1.29536
-0.301333 0.301333 0.922028
-0.302835 0.298328 1.40476
-0.301333 0.301333 0.676154
-0.301333 0.301333 1.1679
-0.301333 0.301333 0.799091
-0.301333 0.301333 1.04497
-0.0614685 0.307343 0.676154
-0.0614685 0.307343 0.799091
-0.0614685 0.307343 0.184406
-0.0614685 0.307343 0.553217
-0.0614685 0.307343 0.922028
-0.0614685 0.307343 1.04497
-0.188026 0.0614685 1.4174
-0.0614685 0.0614685 1.41378
-0.184406 0.188026 1.42102
-0.0578487 0.188026 1.4174
-0.29907 0.304048 1.29536
-0.0674788 0.301333 1.40777
-0.29907 0.188931 1.41048
-0.197204 0.304048 1.41048
-0.188026 0.310963 0.307343
-0.0614685 0.307343 0.0614685
-0.0614685 0.307343 0.307343
-0.0614685 0.307343 0.43028
-0.188026 0.310963 0.184406
-0.188026 0.310963 0.0614685
-0.188026 0.310963 0.43028
-0.188026 0.310963 0.553217
-0.188026 0.310963 0.922028
-0.188026 0.310963 1.04497
-0.188026 0.310963 0.799091
-0.188026 0.310963 0.676154
-0.188026 0.310963 1.1679
-0.184406 0.314583 1.29446
-0.0614685 0.307343 1.1679
-0.0578487 0.310963 1.29446
0.0578487 -0.310963 -1.29446
0.0614685 -0.307343 -1.1679
0.184406 -0.314583 -1.29446
0.188026 -0.310963 -1.1679
0.0614685 -0.307343 -0.922028
0.0614685 -0.307343 -1.04497
0.188026 -0.310963 -0.922028
0.188026 -0.310963 -1.04497
0.188026 -0.310963 -0.553217
0.188026 -0.310963 -0.799091
0.188026 -0.310963 -0.43028
0.188026 -0.310963 -0.307343
0.188026 -0.310963 -0.184406
0.188026 -0.310963 -0.676154
0.0614685 -0.307343 -0.0614685
0.188026 -0.310963 -0.0614685
0.197204 -0.304048 -1.41048
0.29907 -0.188931 -1.41048
0.0674788 -0.301333 -1.40777
0.29907 -0.304048 -1.29536
0.0578487 -0.188026 -1.4174
0.184406 -0.188026 -1.42102
0.0614685 -0.0614685 -1.41378
0.188026 -0.0614685 -1.4174
0.0614685 -0.307343 -0.799091
0.0614685 -0.307343 -0.307343
0.0614685 -0.307343 -0.553217
0.0614685 -0.307343 -0.184406
0.0614685 -0.307343 -0.676154
0.0614685 -0.307343 -0.43028
0.301333 -0.301333 -0.922028
0.301333 -0.301333 -0.0614685
0.301333 -0.301333 -1.1679
0.301333 -0.301333 -0.799091
0.302835 -0.298328 -1.40476
0.301333 -0.301333 -1.04497
0.31232 -0.188931 -1.29536
0.310963 -0.188026 -0.922028
0.310963 -0.188026 -1.04497
0.310963 -0.188026 -0.799091
0.301333 -0.301333 -0.676154
0.301333 -0.301333 -0.553217
0.301333 -0.301333 -0.43028
0.301333 -0.301333 -0.184406
0.310963 -0.188026 -0.553217
0.310963 -0.188026 -0.676154
0.301333 -0.301333 -0.307343
0.310963 -0.188026 -0.307343
0.307343 -0.0614685 -0.922028
0.310963 -0.188026 -1.1679
0.307343 -0.0614685 -0.799091
0.307343 -0.0614685 -0.676154
0.301333 -0.0614685 -1.40777
0.310963 -0.0614685 -1.29446
0.307343 -0.0614685 -1.1679
0.307343 -0.0614685 -1.04497
0.307343 -0.0614685 -0.553217
0.307343 -0.0614685 -0.307343
0.310963 -0.188026 -0.43028
0.307343 -0.0614685 -0.43028
0.307343 -0.0614685 -0.184406
0.307343 -0.0614685 -0.0614685
0.310963 -0.188026 -0.0614685
0.310963 -0.188026 -0.184406
0.0614685 -0.307343 0.43028
0.0614685 -0.307343 0.676154
0.0614685 -0.307343 0.184406
0.0614685 -0.307343 0.307343
0.188026 -0.310963 0.43028
0.188026 -0.310963 0.553217
0.0614685 -0.307343 0.0614685
0.0614685 -0.307343 0.553217
0.188026 -0.310963 0.0614685
0.188026 -0.310963 0.184406
0.301333 -0.301333 0.184406
0.301333 -0.301333 0.0614685
0.188026 -0.310963 0.307343
0.188026 -0.310963 0.676154
0.301333 -0.301333 0.553217
0.301333 -0.301333 0.307343
0.0614685 -0.307343 0.922028
0.0614685 -0.307343 1.04497
0.188026 -0.310963 0.799091
0.0614685 -0.307343 0.799091
0.0614685 -0.310963 1.29446
0.0614685 -0.307343 1.1679
0.188026 -0.310963 1.1679
0.0614685 -0.301333 1.40777
0.188026 -0.310963 1.04497
0.188026 -0.310963 0.922028
0.188931 -0.31232 1.29536
0.298328 -0.302835 1.40476
0.301333 -0.301333 0.676154
0.301333 -0.301333 0.799091
0.301333 -0.301333 1.04497
0.301333 -0.301333 1.1679
0.301333 -0.301333 0.43028
0.307343 -0.0614685 0.0614685
0.301333 -0.301333 0.922028
0.307343 -0.0614685 0.553217
0.307343 -0.0614685 0.184406
0.307343 -0.0614685 0.43028
0.307343 -0.0614685 0.676154
0.307343 -0.0614685 0.799091
0.310963 -0.188026 0.0614685
0.307343 -0.0614685 0.307343
0.310963 -0.188026 0.307343
0.310963 -0.188026 0.184406
0.310963 -0.188026 0.676154
0.310963 -0.188026 0.799091
0.310963 -0.188026 0.43028
0.310963 -0.188026 0.553217
0.188931 -0.29907 1.41048
0.301333 -0.0674788 1.40777
0.304048 -0.29907 1.29536
0.304048 -0.197204 1.41048
0.0614685 -0.188026 1.4174
0.0614685 -0.0614685 1.41378
0.188026 -0.184406 1.42102
0.188026 -0.0578487 1.4174
0.307343 -0.0614685 1.04497
0.307343 -0.0614685 1.1679
0.307343 -0.0614685 0.922028
0.310963 -0.0578487 1.29446
0.310963 -0.188026 0.922028
0.310963 -0.188026 1.04497
0.310963 -0.188026 1.1679
0.314583 -0.184406 1.29446
0.188026 0.0614685 -1.4174
0.0614685 0.0614685 -1.41378
0.0614685 0.188026 -1.4174
0.0614685 0.301333 -1.40777
0.301333 0.0614685 -1.40777
0.304048 0.188931 -1.4055
0.188931 0.188931 -1.41875
0.298328 0.298328 -1.40927
0.307343 0.0614685 -1.1679
0.310963 0.0614685 -1.29446
0.310963 0.188026 -1.16428
0.314583 0.188026 -1.29084
0.307343 0.0614685 -1.04497
0.307343 0.0614685 -0.922028
0.310963 0.188026 -0.918408
0.310963 0.188026 -1.04135
0.307343 0.0614685 -0.799091
0.307343 0.0614685 -0.43028
0.307343 0.0614685 -0.307343
0.307343 0.0614685 -0.676154
0.301333 0.301333 -0.190416
0.301333 0.301333 -0.0674788
0.307343 0.0614685 -0.0614685
0.307343 0.0614685 -0.184406
0.307343 0.0614685 -0.553217
0.310963 0.188026 -0.549597
0.310963 0.188026 -0.303723
0.310963 0.188026 -0.180786
0.310963 0.188026 -0.795471
0.310963 0.188026 -0.672534
0.310963 0.188026 -0.42666
0.310963 0.188026 -0.0578487
0.0614685 0.307343 -1.1679
0.0614685 0.307343 -1.04497
0.0614685 0.307343 -0.922028
0.0614685 0.307343 -0.799091
0.0614685 0.310963 -1.29446
0.188026 0.314583 -1.29084
0.188026 0.310963 -0.918408
0.188026 0.310963 -0.795471
0.188931 0.304048 -1.4055
0.188026 0.310963 -1.16428
0.301333 0.301333 -1.17391
0.304048 0.304048 -1.30364
0.301333 0.301333 -0.805101
0.188026 0.310963 -1.04135
0.301333 0.301333 -1.05098
0.301333 0.301333 -0.928038
0.0614685 0.307343 -0.676154
0.0614685 0.307343 -0.307343
0.0614685 0.307343 -0.43028
0.0614685 0.307343 -0.553217
0.0614685 0.307343 -0.0614685
0.0614685 0.307343 -0.184406
0.188026 0.310963 -0.0578487
0.188026 0.310963 -0.180786
0.188026 0.310963 -0.672534
0.188026 0.310963 -0.303723
0.188026 0.310963 -0.549597
0.188026 0.310963 -0.42666
0.301333 0.301333 -0.682164
0.301333 0.301333 -0.43629
0.301333 0.301333 -0.559227
0.301333 0.301333 -0.313353
0.301333 0.301333 0.178396
0.301333 0.301333 0.0554582
0.301333 0.301333 0.670144
0.301333 0.301333 0.793081
0.0614685 0.307343 0.184406
0.0614685 0.307343 0.307343
0.0614685 0.307343 0.43028
0.0614685 0.307343 0.553217
0.0614685 0.307343 0.0614685
0.0614685 0.307343 0.676154
0.188026 0.310963 0.188026
0.188026 0.310963 0.433899
0.188026 0.310963 0.0650883
0.188026 0.310963 0.310963
0.188026 0.310963 0.556836
0.188026 0.310963 0.679774
0.307343 0.0614685 0.0614685
0.307343 0.0614685 0.553217
0.307343 0.0614685 0.307343
0.307343 0.0614685 0.799091
0.307343 0.0614685 0.43028
0.307343 0.0614685 0.676154
0.307343 0.0614685 0.184406
0.310963 0.188026 0.679774
0.310963 0.188026 0.188026
0.301333 0.301333 0.301333
0.310963 0.188026 0.310963
0.310963 0.188026 0.0650883
0.301333 0.301333 0.424269
0.301333 0.301333 0.547206
0.310963 0.188026 0.556836
0.310963 0.188026 0.433899
0.0554582 0.301333 1.40777
0.0614685 0.307343 1.04497
0.179301 0.302238 1.40867
0.0614685 0.307343 0.922028
0.0614685 0.0614685 1.41378
0.0650883 0.188026 1.4174
0.188026 0.0650883 1.4174
0.190741 0.190741 1.42011
0.0614685 0.307343 0.799091
0.0614685 0.307343 1.1679
0.188026 0.310963 1.04859
0.0650883 0.310963 1.29446
0.188026 0.310963 0.925648
0.188026 0.310963 1.17152
0.188026 0.310963 0.802711
0.190741 0.313678 1.29717
0.307343 0.0614685 1.1679
0.301333 0.0554582 1.40777
0.307343 0.0614685 0.922028
0.302238 0.179301 1.40867
0.307343 0.0614685 1.04497
0.310963 0.0650883 1.29446
0.310963 0.188026 0.802711
0.310963 0.188026 1.17152
0.310963 0.188026 1.04859
0.310963 0.188026 0.925648
0.298328 0.298328 1.40476
0.313678 0.190741 1.29717
0.301333 0.301333 0.916018
0.301333 0.301333 1.03896
0.301333 0.301333 1.16189
0.302238 0.302238 1.28573
0 0 0.983497
0 0 -0.245875
0.129875 -0.129875 -0.195298
0 0 0.614685
0 0 -0.860559
0.129875 -0.129875 0.564109
-0.124695 0.188025 1.29446
0 0.0338076 -1.14024
0 0 0.122937
0 0.0676156 0.368811
-0.0563467 -0.0563467 -0.491748
-0.0257115 -0.13092 -1.23735
-0.130299 -0.130299 0.566653
0.130299 0.130299 0.17097
-0.129875 0.129875 0.173514
-0.130299 -0.130299 0.0749045
-0.188025 0.124695 -1.29446
-0.129875 0.129875 -0.296451
0.129875 -0.129875 -0.911136
-0.129875 0.129875 0.665262
0.130299 0.130299 -0.197842
-0.129875 0.129875 -0.911136
0.130299 0.130299 0.662718
-0.129658 -0.129658 -0.194
-0.130299 -0.130299 -0.908592
0.182934 5.55112e-17 -0.209443
0.130299 0.130299 -0.812527
0.188025 -0.124695 1.29446
-2.77556e-17 0.182934 0.651117
0.129875 -0.129875 0.173514
-2.77556e-17 -0.182811 -0.207436
0 -0.182934 0.578254
8.32667e-17 0.182934 0.159369
0.124695 -0.188025 -1.29446
0.130299 0.130299 1.03153
-0.129875 0.129875 0.93292
-0.130299 -0.130299 0.935464
0.129875 -0.129875 1.03407
0.182934 5.55112e-17 1.01993
-0.182934 -2.77556e-17 0.947065
0.182934 0 0.159369
-0.182934 2.77556e-17 -0.896991
0.0319305 -0.128742 -1.06464
2.77556e-17 -0.182934 -0.896991
0.00721514 0.169868 0.491748
-0.279057 -0.114006 1.37193
TETRAHEDRA
503 490 504 546
315 513 514 537
474 470 466 525
106 110 68 96
199 111 105 521
489 507 496 503
489 484 491 518
320 327 517 543
258 305 545 259
121 125 84 122
428 423 398 412
61 35 32 48
344 351 382 342
182 146 179 529
235 234 237 518
56 284 516 522
128 165 528 164
21 4 5 523
171 139 420 519
516 396 519 538
436 438 525 532
377 376 381 549
125 86 87 84
137 168 171 139
50 32 522 48
16 28 24 26
126 233 512 518
4 0 21 5
34 51 60 33
217 204 216 547
307 306 516 538
185 184 522 529
401 410 414 532
436 189 520 544
429 430 399 394
21 30 16 523
315 264 300 314
304 397 530 538
16 28 26 20
521 520 526 544
417 516 519 538
16 4 21 523
164 140 134 128
254 489 518 546
292 305 310 545
520 514 527 542
152 46 11 553
423 418 422 538
311 305 294 554
4 10 5 523
483 512 546 547
388 395 384 393
158 149 208 526
313 315 514 537
27 25 523 528
359 339 512 515
429 430 394 425
401 434 513 532
400 304 306 538
462 471 463 534
149 245 159 213
43 157 158 535
489 484 518 546
190 433 437 532
515 465 517 556
500 496 546 550
252 225 249 206
424 421 386 390
44 32 46 522
224 218 250 216
512 92 548 549
186 180 183 151
379 382 539 377
237 253 255 518
336 339 89 548
505 490 504 509
233 484 126 512
0 1 21 5
467 498 546 550
202 232 203 117
484 373 512 539
505 490 509 492
224 248 220 216
231 230 481 546
474 459 461 521
434 185 522 529
520 513 532 537
516 306 530 538
520 73 527 541
393 394 519 392
56 32 46 536
293 263 262 530
501 485 487 507
174 175 172 533
512 488 534 547
465 471 478 534
12 14 8 25
488 483 227 547
484 373 126 512
95 91 372 343
378 380 376 549
341 94 539 549
257 256 523 545
249 220 217 225
130 165 519 528
311 304 397 530
521 515 524 543
169 418 174 533
60 40 33 50
8 10 523 528
231 254 249 547
126 91 90 94
248 216 250 547
54 18 19 536
56 282 284 522
357 517 521 541
51 60 33 50
189 241 526 544
356 353 541 552
179 185 182 529
492 488 494 546
326 270 520 541
200 114 205 551
115 201 119 551
380 365 338 549
4 12 8 25
438 411 415 532
52 33 36 522
517 468 521 556
105 74 521 524
368 346 374 371
317 406 537 552
100 69 68 524
202 234 232 518
246 197 521 556
10 519 523 528
247 229 531 556
184 152 146 145
293 306 304 530
455 462 534 556
152 153 145 533
485 491 484 518
210 218 198 531
50 32 40 522
83 88 99 548
512 359 515 534
459 476 474 461
521 361 541 552
502 505 492 546
461 474 521 525
83 81 82 112
298 266 303 314
64 106 70 97
206 205 217 547
310 305 311 554
402 313 407 537
197 247 210 556
512 534 540 547
31 256 274 276
396 311 530 554
327 78 79 543
452 456 525 544
133 135 533 553
116 86 84 120
284 56 516 555
471 462 450 478
157 43 47 529
322 332 329 541
274 277 276 545
29 4 24 12
453 459 454 521
273 292 277 272
227 531 540 547
505 509 508 492
539 377 549 550
199 111 521 524
506 495 507 487
316 406 407 537
164 171 170 528
450 462 477 478
353 470 464 552
389 384 395 390
527 63 535 542
403 408 440 538
228 242 526 544
471 465 469 534
154 46 152 522
138 385 519 523
484 512 518 546
6 19 3 18
481 493 489 546
367 358 355 517
318 299 268 319
119 126 512 518
15 519 536 554
108 99 98 524
240 209 193 526
105 74 68 527
307 516 522 538
74 105 521 527
41 62 38 53
339 338 321 517
281 285 55 542
4 0 16 21
163 144 166 167
19 7 3 35
29 4 0 16
100 102 69 524
512 201 518 547
89 76 88 524
406 520 532 537
29 4 16 24
28 29 16 24
176 145 179 178
26 28 31 20
183 186 151 529
145 188 152 533
8 25 136 528
9 1 17 2
396 310 311 519
16 30 20 523
101 107 97 527
47 155 157 529
456 436 525 544
6 9 17 2
357 465 468 517
71 102 65 66
149 187 189 529
263 293 294 530
149 148 187 529
517 515 521 543
56 19 48 536
393 308 309 279
6 18 3 2
18 6 17 2
91 124 372 539
125 121 84 87
191 189 186 529
74 78 521 524
55 58 281 542
130 129 528 132
363 361 356 541
185 179 184 529
464 317 353 552
37 53 38 49
134 164 128 137
300 312 269 264
268 267 281 514
502 469 467 534
20 276 26 523
376 496 500 550
439 410 411 532
519 15 536 553
379 375 501 539
125 90 86 119
189 436 520 532
60 61 40 50
258 272 274 545
484 489 496 546
15 5 10 523
90 119 94 548
501 487 499 507
203 234 202 238
140 165 128 164
451 463 450 471
219 201 207 518
466 361 521 552
37 38 39 49
488 512 534 546
34 36 39 52
103 515 524 531
33 52 34 51
474 458 473 472
122 123 127 557
464 472 475 525
385 384 390 519
327 79 321 543
156 42 44 522
315 266 314 514
7 32 48 536
42 47 522 529
278 384 385 519
19 7 35 48
35 7 32 48
236 207 253 219
397 516 530 538
266 303 314 514
124 126 373 539
114 200 115 551
419 423 440 538
400 306 403 538
165 141 130 173
228 242 244 526
204 108 103 531
479 474 466 521
191 189 513 532
317 520 541 552
78 521 524 543
19 56 54 536
136 14 129 142
489 493 503 546
253 223 207 236
262 265 295 530
345 381 380 549
102 98 71 524
429 417 396 538
520 521 541 552
339 512 515 548
460 475 458 525
385 278 519 523
4 24 12 25
68 78 74 524
79 78 524 543
156 154 150 529
77 71 76 524
315 285 514 522
181 151 186 148
74 73 520 541
478 468 465 556
17 5 523 21
406 316 317 537
98 99 76 524
326 63 75 527
364 358 367 517
131 130 160 173
515 198 521 524
231 230 546 547
283 281 58 542
237 239 253 518
93 337 336 548
456 458 452 525
467 502 534 546
385 390 386 519
327 321 517 543
359 338 339 517
4 16 24 523
146 178 182 179
104 195 107 527
191 183 190 529
14 8 136 129
156 151 155 529
130 141 160 173
73 323 322 541
8 132 10 528
99 88 76 524
358 355 517 534
196 103 109 524
198 111 199 524
322 75 73 527
100 109 102 524
502 494 463 534
462 478 534 556
467 358 359 534
52 59 58 535
107 105 520 526
463 457 455 534
355 465 517 534
73 72 70 527
58 55 522 542
179 178 145 146
353 318 360 541
14 8 25 136
359 378 498 550
245 149 159 187
158 189 513 529
36 49 52 535
422 429 398 538
243 246 521 556
13 11 6 536
364 359 358 517
133 15 135 553
339 336 512 548
336 512 548 549
164 161 134 140
227 483 230 547
171 143 137 164
208 244 193 526
17 22 523 554
108 114 99 548
327 325 320 517
309 277 545 279
279 384 278 519
150 183 151 529
520 107 526 527
125 117 116 557
105 96 68 524
501 486 497 499
113 82 112 548
300 296 297 269
420 139 387 386
434 435 401 522
436 456 189 544
387 421 386 424
111 198 109 524
266 315 285 514
478 459 477 479
445 409 443 442
153 133 533 553
139 138 519 528
141 128 165 130
30 257 523 554
459 476 477 479
30 261 257 554
515 512 531 551
24 27 25 523
217 249 206 547
435 184 188 522
467 359 498 550
280 260 23 555
129 130 528 128
9 17 523 554
185 433 190 529
212 240 211 193
338 359 339 549
161 164 134 143
174 173 169 533
162 166 147 172
512 467 534 546
204 531 547 551
89 515 524 548
390 391 427 389
182 183 150 529
143 164 134 137
168 137 171 143
94 119 512 548
380 381 376 549
501 375 486 539
235 491 518 255
337 93 92 548
139 136 528 137
393 309 392 519
197 199 521 556
256 276 523 545
172 131 160 173
189 158 513 520
128 141 165 140
144 167 145 533
155 151 148 529
18 54 23 536
70 72 101 527
172 131 162 160
278 279 519 545
17 23 22 536
26 16 20 523
25 138 136 528
305 310 545 554
182 183 177 150
248 230 231 547
326 270 63 527
178 146 182 177
402 407 532 537
260 22 23 555
89 88 93 548
147 172 131 162
409 408 443 442
104 107 101 527
147 166 163 144
166 147 163 162
82 83 112 548
429 417 416 519
227 250 251 531
192 520 526 527
438 415 525 532
266 298 264 314
132 8 129 528
396 516 519 530
53 75 63 527
396 397 516 530
192 158 520 527
184 145 188 152
207 206 223 252
229 226 531 540
536 519 516 554
163 144 167 176
434 433 513 532
413 409 446 440
57 55 285 522
186 180 151 181
182 177 146 150
149 245 213 208
230 483 546 547
49 36 37 535
271 283 270 514
145 176 179 167
294 293 304 530
144 167 176 145
306 307 516 530
459 478 462 556
283 268 281 514
325 364 367 517
491 485 495 482
219 221 239 236
183 177 150 180
183 150 151 180
137 171 164 528
91 94 126 539
187 181 186 148
485 491 480 482
247 197 214 246
401 402 410 532
99 88 524 548
149 148 159 187
432 435 522 538
167 179 145 184
92 93 83 548
210 247 531 556
43 37 36 535
496 489 503 546
242 243 240 521
324 323 320 541
158 45 43 535
152 184 146 154
194 105 107 526
145 179 146 184
520 527 535 542
359 358 515 534
267 266 285 514
314 303 313 514
145 167 184 188
396 311 397 530
145 167 188 533
522 513 535 542
277 292 258 272
53 37 38 41
13 9 15 536
317 318 353 541
513 514 520 542
434 401 513 522
411 438 405 439
234 253 239 518
414 408 443 409
113 115 119 548
118 119 90 548
209 194 195 526
502 463 471 534
117 232 127 518
174 175 533 538
186 187 148 529
503 490 546 493
339 77 89 543
327 333 325 517
138 27 385 523
358 467 469 534
13 11 536 553
386 139 138 519
467 359 512 534
515 358 517 534
362 361 363 541
115 113 112 548
491 235 480 255
20 257 256 523
8 4 25 523
238 234 202 219
292 277 258 545
200 205 547 551
407 406 532 537
475 406 464 525
452 228 241 544
96 105 111 524
396 417 519 538
270 326 520 527
262 263 261 530
98 76 67 66
88 99 76 67
361 362 357 541
515 198 531 556
196 218 216 531
479 459 474 521
99 98 76 67
100 69 65 110
198 515 521 556
244 212 208 193
312 307 284 522
307 284 516 530
320 74 78 521
515 517 521 556
256 258 274 545
259 256 545 258
484 501 486 539
539 512 546 550
392 429 394 519
284 280 54 555
262 295 293 530
205 204 547 551
32 50 61 48
240 242 521 526
209 211 246 240
386 421 519 390
13 153 11 553
344 382 381 549
257 261 263 554
337 341 342 549
219 253 236 239
201 200 547 551
223 253 207 252
248 249 217 547
202 234 518 219
244 213 208 212
352 367 324 334
465 515 517 534
86 118 90 120
249 254 252 547
230 250 227 547
278 27 26 523
432 188 175 538
213 244 208 245
306 293 295 530
315 282 285 522
240 209 211 193
119 202 117 518
193 192 208 526
403 307 522 538
188 184 152 522
188 152 516 522
152 184 154 522
470 466 525 552
284 307 516 522
260 262 261 530
102 100 69 65
333 348 365 349
531 512 540 547
247 197 210 215
394 425 421 519
247 197 215 214
235 491 480 485
249 220 248 217
339 359 512 549
265 301 295 530
119 86 118 90
443 408 435 442
136 137 142 528
222 218 210 251
210 247 215 251
222 210 215 251
198 218 196 531
56 32 522 46
33 51 50 522
375 379 369 539
27 278 385 523
214 209 246 197
91 372 343 340
375 379 501 497
457 488 226 540
402 407 411 532
420 139 386 519
490 510 504 509
221 219 239 238
234 219 238 239
253 207 518 219
225 217 249 206
68 74 70 527
517 320 521 541
131 135 132 519
479 459 521 556
501 485 484 487
122 116 125 84
382 344 342 549
249 248 231 547
210 199 197 556
495 511 506 507
280 23 54 555
218 222 250 251
189 187 186 529
217 220 248 216
234 253 219 239
118 125 116 86
86 126 90 125
246 209 240 521
483 492 490 546
218 224 250 222
98 103 108 524
117 127 123 557
56 46 516 536
209 214 246 211
114 112 99 548
466 521 525 552
423 422 398 538
464 470 525 552
361 357 468 521
151 186 148 529
153 144 145 533
234 203 202 232
243 229 246 556
380 338 345 549
116 86 125 84
462 454 459 556
326 520 527 541
309 393 279 519
411 410 402 532
369 371 374 539
394 429 425 519
363 362 329 330
342 383 539 346
417 429 396 519
123 122 116 557
433 434 513 529
184 146 154 529
184 154 522 529
144 166 167 533
393 384 279 519
439 437 433 532
520 521 525 544
205 206 200 547
254 512 518 547
170 171 519 528
11 7 6 536
471 462 478 534
71 77 79 524
15 13 536 553
501 489 484 491
437 436 191 532
423 398 412 538
520 436 525 532
410 441 443 532
190 191 529 532
413 440 412 538
417 418 516 538
406 520 525 532
172 147 131 533
341 92 94 549
232 117 127 123
454 243 242 556
118 117 125 119
9 6 17 536
204 217 205 547
343 374 340 372
417 169 519 533
86 95 124 87
350 344 382 381
123 116 117 557
232 203 117 123
252 255 518 254
250 230 248 547
505 502 467 546
375 501 486 497
86 124 91 126
263 294 259 554
294 291 259 288
515 531 540 556
136 139 528 138
351 344 382 350
252 254 518 547
86 116 118 120
307 269 284 530
406 520 537 552
191 436 189 532
74 105 68 524
94 119 126 512
94 92 512 549
512 515 531 540
126 512 539 549
80 83 88 99
49 36 39 37
395 394 421 519
232 233 127 518
64 70 101 97
110 100 68 96
395 384 519 390
441 434 443 532
376 500 378 550
98 102 71 66
118 90 85 82
276 278 26 523
488 457 534 540
419 174 418 538
118 90 120 85
362 366 357 541
337 92 341 549
501 485 491 484
471 469 502 534
82 81 113 112
317 464 406 552
342 383 382 539
80 83 99 112
59 63 270 542
515 512 534 540
333 348 364 365
95 86 124 91
199 198 521 556
45 104 41 527
45 41 37 535
514 270 520 527
204 108 531 551
42 155 47 529
32 56 522 48
456 241 189 544
92 337 548 549
359 338 365 549
80 81 83 112
85 118 82 113
342 341 539 549
81 85 82 113
117 118 125 116
232 235 518 234
400 403 413 538
488 492 483 546
40 44 42 522
26 27 24 523
82 94 92 548
151 156 150 529
336 339 512 549
369 374 375 539
88 80 99 67
415 406 475 525
409 403 440 413
98 71 76 66
71 102 69 65
534 515 540 556
209 246 197 521
164 128 137 528
78 320 521 543
41 62 53 72
243 246 240 521
536 22 554 555
15 9 523 554
83 99 112 548
209 240 521 526
396 397 398 538
119 201 512 551
124 95 91 372
68 106 96 97
502 494 534 546
401 315 513 522
41 104 101 527
100 69 110 68
154 146 150 529
70 106 68 97
261 22 260 555
188 175 516 533
440 432 419 538
415 406 525 532
41 62 72 101
142 137 134 528
62 64 72 101
494 488 534 546
481 489 231 546
73 74 520 527
437 191 190 532
72 41 101 527
511 503 493 510
64 70 72 101
134 128 142 528
228 244 245 526
325 334 324 367
87 124 86 125
348 325 333 364
468 479 521 556
474 466 521 525
202 119 201 518
307 295 301 530
68 70 97 527
132 130 519 528
419 418 423 538
513 157 529 535
519 15 523 554
74 520 521 541
403 306 307 538
174 419 175 538
474 458 472 525
475 460 415 525
75 53 72 527
108 515 531 548
512 467 546 550
105 107 520 527
441 410 439 532
128 165 130 528
155 42 156 529
56 54 536 555
321 79 77 543
97 105 96 527
190 183 182 529
30 21 22 523
208 192 158 526
408 401 435 522
514 513 520 537
466 468 479 521
363 329 328 330
267 268 319 514
280 265 260 530
17 5 9 523
315 313 402 537
119 512 548 551
359 467 512 550
22 21 17 523
96 105 68 527
198 199 210 556
111 100 96 524
436 460 456 525
317 316 514 537
344 337 342 549
243 455 229 556
30 257 20 523
512 254 518 546
108 114 548 551
324 320 517 541
166 188 167 533
271 360 318 541
434 184 435 522
377 376 549 550
346 347 371 368
341 346 342 539
194 209 197 521
454 462 455 556
344 336 337 549
157 148 149 529
457 455 534 540
523 257 545 554
317 514 520 537
59 52 49 535
133 135 147 533
173 174 172 533
235 232 518 233
377 496 376 550
501 484 496 539
126 117 125 127
126 117 119 125
386 421 420 519
512 231 546 547
311 396 519 554
45 158 527 535
379 375 369 497
478 459 479 556
260 280 530 555
90 126 119 125
22 30 523 554
488 227 226 540
356 466 470 552
86 126 91 90
103 108 515 531
325 333 364 517
512 539 549 550
15 10 519 523
22 17 536 554
139 168 420 387
414 410 443 532
460 438 415 525
325 348 334 364
454 521 242 453
107 195 526 527
381 345 350 344
353 317 541 552
54 23 536 555
271 318 514 541
36 49 39 52
378 500 498 550
117 126 518 127
55 285 522 542
309 310 519 545
52 58 522 535
338 333 321 517
359 339 515 517
255 252 518 253
440 423 412 538
63 53 527 535
346 370 383 371
486 373 484 539
456 452 241 544
254 489 491 518
118 125 86 119
485 495 482 487
207 201 200 547
504 498 500 546
149 189 158 529
489 493 507 503
268 318 319 514
188 166 175 533
105 520 521 527
249 252 206 547
339 515 517 543
107 195 194 526
158 520 527 535
237 255 235 518
377 379 501 539
352 367 366 324
228 453 242 544
40 33 50 522
135 15 519 553
158 192 520 526
192 193 195 526
490 503 510 493
4 24 25 523
233 484 512 518
490 505 504 546
438 437 439 532
329 326 322 541
315 402 401 537
453 461 521 525
395 384 393 519
466 361 468 521
23 17 18 536
494 502 492 546
513 433 529 532
352 366 332 324
453 452 461 525
521 520 525 552
292 310 309 545
37 43 45 535
374 346 383 371
334 325 364 367
362 335 329 330
328 360 271 541
270 514 520 541
328 331 363 330
261 530 554 555
335 362 329 332
493 511 495 507
127 125 122 557
23 22 536 555
331 328 363 360
429 396 399 538
241 228 526 544
519 516 533 553
472 473 448 458
108 99 524 548
383 351 342 382
207 200 206 547
218 250 216 531
498 500 546 550
355 469 465 534
227 250 531 547
24 16 26 523
365 380 338 349
229 457 226 540
338 380 354 349
42 33 40 522
205 108 204 551
70 74 73 527
235 491 485 518
270 271 514 541
512 201 547 551
318 317 514 541
461 452 458 525
201 119 512 518
280 284 530 555
376 378 549 550
229 247 246 556
513 434 522 529
333 365 338 349
100 68 96 524
381 354 345 380
253 234 219 518
345 381 350 354
247 197 246 556
338 380 345 354
374 343 340 368
347 346 371 370
502 508 494 492
377 382 539 549
360 363 356 541
374 368 340 346
370 383 342 346
252 225 206 223
426 394 425 421
429 396 392 399
307 301 269 530
46 56 516 522
366 332 324 541
89 339 515 548
516 519 530 554
513 520 535 542
305 294 259 288
254 231 512 547
361 357 521 541
516 56 536 555
520 317 537 552
519 396 530 554
332 366 362 541
401 402 532 537
93 336 89 548
366 324 517 541
366 335 332 362
109 103 102 524
351 383 342 370
375 372 539 374
46 516 536 553
438 411 405 415
455 457 229 540
198 196 109 524
340 374 539 372
514 317 520 541
298 264 314 297
335 366 332 352
96 68 97 527
256 259 545 257
313 316 407 537
250 218 251 531
264 312 284 282
291 263 294 259
93 88 83 548
5 15 9 523
312 315 282 264
501 487 486 499
27 138 25 528
340 341 94 539
482 495 506 487
300 296 269 301
149 245 208 526
285 282 57 522
454 455 243 556
94 126 539 549
457 494 488 534
175 516 533 538
261 30 22 554
44 46 154 522
310 519 545 554
185 190 182 529
284 516 530 555
503 511 493 507
46 152 516 553
311 294 304 530
19 7 48 536
357 366 517 541
226 227 531 540
115 119 548 551
255 237 235 480
152 46 516 522
107 105 97 527
91 340 94 539
11 153 152 553
495 489 493 507
489 501 484 496
501 489 491 507
244 242 240 526
192 45 158 527
381 345 344 549
199 194 197 521
6 19 18 536
495 485 507 487
531 512 547 551
516 188 522 538
316 313 514 537
133 153 13 553
329 363 328 541
320 323 74 521
284 54 56 555
247 226 251 531
92 94 512 548
341 340 346 539
15 133 13 553
183 191 186 529
156 42 522 529
241 245 187 526
462 471 450 463
152 188 516 533
503 490 510 504
216 204 531 547
502 505 508 492
323 74 521 541
312 284 282 522
506 507 499 487
258 305 292 545
495 489 507 491
485 491 495 507
501 487 484 486
501 489 507 496
485 501 491 507
207 206 252 547
131 135 519 533
340 374 346 539
248 217 216 547
259 305 545 554
154 156 522 529
488 227 540 547
53 37 41 535
294 305 259 554
311 294 530 554
278 519 523 545
224 248 216 250
315 312 282 522
458 474 473 461
196 103 524 531
269 301 265 530
263 261 530 554
310 311 519 554
157 43 529 535
312 315 401 522
451 502 494 463
451 502 508 494
432 435 188 522
505 490 492 546
47 513 529 535
43 47 529 535
531 229 540 556
219 202 201 518
332 322 323 541
6 18 17 536
401 414 443 532
451 502 463 471
359 512 549 550
53 41 527 535
372 124 373 539
242 243 521 556
55 51 58 522
437 438 436 532
459 476 479 474
47 513 522 529
323 73 74 541
410 441 439 404
244 208 245 526
158 157 149 529
36 47 43 535
353 360 356 541
515 89 524 543
321 339 517 543
57 50 55 522
373 126 512 539
476 473 474 461
212 240 193 244
405 439 404 411
279 276 545 278
439 410 404 411
534 488 540 547
270 63 527 542
147 135 131 533
395 388 384 389
411 407 415 532
449 475 448 460
367 366 324 517
357 355 465 517
195 104 192 527
144 153 133 533
443 408 401 435
520 74 521 527
362 329 332 541
48 50 57 522
459 453 461 521
443 434 401 532
135 519 533 553
173 131 519 533
245 149 187 526
327 320 78 543
336 344 345 549
422 429 431 398
135 10 132 519
475 448 460 458
475 472 448 458
17 5 1 9
277 308 309 273
202 232 117 518
172 175 166 533
269 280 284 530
114 115 548 551
444 440 423 412
58 522 535 542
77 79 524 543
435 408 522 538
383 374 371 539
307 306 295 530
434 433 185 529
83 82 92 548
185 184 434 522
259 257 263 554
459 478 477 462
198 210 531 556
33 52 51 522
408 307 312 522
78 68 69 524
17 9 536 554
403 440 413 538
218 210 251 531
468 357 517 521
318 299 287 268
409 403 408 440
267 302 319 299
169 173 519 533
281 283 514 542
514 270 527 542
41 45 527 535
483 488 512 547
89 77 524 543
409 445 446 442
346 374 383 539
409 446 440 442
283 58 59 542
255 254 491 518
442 432 440 408
395 394 426 421
397 396 516 538
432 440 408 538
441 410 447 404
466 356 361 552
114 115 112 548
147 144 133 533
157 158 513 529
479 468 478 556
268 271 318 514
59 58 535 542
382 342 539 549
169 170 417 519
455 534 540 556
20 276 31 26
413 446 444 440
449 438 405 415
442 432 408 435
91 372 340 539
108 205 114 551
444 413 440 412
417 429 422 538
520 105 521 526
274 272 277 545
139 168 171 420
429 431 398 399
472 464 470 525
416 171 420 519
433 190 529 532
188 432 522 538
10 132 519 528
33 47 36 522
312 315 264 300
435 443 434 401
406 464 525 552
265 262 260 530
69 79 78 524
128 134 137 528
449 475 460 415
449 460 438 415
194 209 521 526
105 194 521 526
422 418 417 538
36 52 522 535
187 149 189 526
50 51 55 522
444 423 428 412
253 207 252 518
422 431 428 398
320 323 521 541
126 94 512 549
124 91 126 539
408 409 440 442
70 101 97 527
309 277 292 545
394 430 426 425
382 377 381 549
512 484 539 546
513 47 522 535
105 194 199 521
369 379 383 539
418 417 516 533
170 165 164 528
267 319 303 514
294 263 530 554
398 429 399 538
436 520 525 544
15 10 135 519
42 47 33 522
332 323 324 541
420 425 519 421
142 128 129 528
395 426 427 421
414 447 445 443
410 447 414 443
410 441 447 443
488 483 512 546
417 418 169 533
147 166 144 533
166 147 172 533
409 414 445 443
516 417 519 533
519 523 545 554
414 408 401 443
391 390 427 424
306 304 530 538
531 108 548 551
398 399 396 538
280 269 265 530
337 336 548 549
365 380 378 549
423 422 428 398
429 430 431 399
266 267 303 514
382 379 539 383
418 174 533 538
261 260 530 555
328 326 329 541
339 89 515 543
229 455 540 556
250 216 531 547
240 193 244 526
424 390 427 421
501 496 377 539
321 333 327 517
390 395 421 519
292 290 272 273
390 395 427 421
421 387 386 420
118 90 82 548
356 470 353 552
328 271 270 541
292 258 272 275
390 395 389 427
137 171 528 139
47 36 522 535
326 328 270 541
516 536 554 555
460 436 438 525
520 189 526 544
94 82 90 548
308 393 388 279
7 11 46 536
88 89 524 548
432 408 435 538
388 393 384 279
372 375 539 373
152 153 533 553
408 403 307 522
412 398 397 538
267 268 299 319
117 125 127 557
138 385 386 519
345 339 336 549
359 365 378 549
369 383 371 539
118 113 119 548
338 339 345 549
111 105 521 524
417 170 416 519
53 41 72 527
530 516 554 555
158 157 513 535
165 170 519 528
258 277 272 545
73 322 527 541
494 457 463 534
76 89 77 524
496 503 500 546
32 44 40 522
44 154 156 522
25 8 523 528
513 315 514 522
130 131 132 519
364 333 365 517
483 481 230 546
256 274 276 545
157 155 148 529
519 138 523 528
195 192 526 527
189 158 520 526
171 416 170 519
175 419 432 538
126 117 518 119
394 393 519 395
512 515 548 551
165 170 169 519
51 52 58 522
172 131 173 533
458 474 461 525
396 392 310 519
469 355 358 534
264 300 314 297
433 441 439 532
138 27 523 528
458 456 460 525
309 310 392 519
365 333 338 517
358 359 515 517
315 266 264 314
516 152 533 553
303 319 316 514
285 514 522 542
313 303 316 514
475 472 458 525
131 130 173 519
485 233 235 518
520 406 525 552
19 6 7 536
5 17 1 21
315 314 313 514
276 278 523 545
22 261 554 555
308 277 309 279
373 486 375 539
63 59 535 542
171 139 519 528
175 188 516 538
472 470 474 525
276 279 545 277
465 515 534 556
189 241 187 526
359 364 365 517
237 234 239 518
130 165 173 519
71 98 76 524
49 53 63 535
103 196 204 531
521 454 242 556
496 377 539 550
231 489 254 546
189 149 158 526
263 286 293 262
322 326 527 541
86 124 126 125
425 429 416 519
165 169 173 519
72 73 75 527
392 429 399 394
276 20 31 256
339 321 77 543
129 136 142 528
46 32 7 536
328 360 331 271
187 181 148 159
459 454 521 556
52 33 34 36
9 13 6 536
241 228 245 526
319 317 316 514
283 270 514 542
195 193 209 526
338 359 365 517
513 189 520 532
146 182 150 529
513 401 532 537
233 126 127 518
514 513 522 542
231 254 512 546
282 56 57 522
366 355 357 517
198 199 521 524
201 207 518 547
453 452 525 544
408 403 522 538
8 10 4 523
45 192 104 527
270 283 59 542
269 312 284 264
500 503 504 546
257 259 545 554
277 273 309 292
285 281 267 514
408 312 401 522
320 517 521 543
19 6 3 7
158 513 520 535
276 20 256 523
118 82 113 548
266 315 282 285
315 266 282 264
269 312 307 284
8 136 129 528
50 32 61 40
490 481 483 546
360 331 271 287
318 317 319 514
269 297 300 264
484 496 539 546
301 312 307 269
271 360 287 318
434 441 433 532
298 266 302 303
283 271 268 514
326 75 322 527
302 267 319 303
438 411 532 439
191 513 529 532
266 267 302 303
207 252 518 547
516 418 533 538
233 485 484 518
289 286 262 295
415 407 406 532
268 271 287 318
90 126 94 119
301 312 269 300
286 262 295 293
304 400 397 538
324 325 367 517
189 191 513 529
301 289 265 295
286 263 293 291
226 227 251 531
328 363 360 541
515 198 524 531
198 196 524 531
478 465 534 556
242 521 526 544
226 247 229 531
269 301 296 265
296 301 289 265
413 412 400 538
102 103 98 524
367 355 366 517
56 32 536 48
412 397 400 538
498 504 505 546
361 356 541 552
515 108 524 548
11 46 536 553
315 401 513 537
59 49 63 535
265 289 262 295
515 531 548 551
210 247 251 531
425 420 519 416
305 275 258 292
325 324 320 517
179 146 184 529
9 15 536 554
455 462 463 534
396 429 392 519
290 292 272 275
362 363 329 541
285 281 514 542
242 453 521 544
521 453 525 544
496 539 546 550
102 71 69 524
116 122 125 557
378 359 549 550
258 288 305 259
279 309 519 545
200 201 115 551
108 103 515 524
453 228 452 544
79 69 71 524
111 109 100 524
467 498 505 546
465 468 517 556
291 263 293 294
37 53 49 535
204 196 216 531
490 493 481 546
519 536 516 553
57 56 48 522
288 258 305 275
EDGES
0 1
0 4
0 5
0 16
0 21
0 29
1 2
1 5
1 9
1 17
1 21
2 3
2 6
2 9
2 17
2 18
3 6
3 7
3 18
3 19
3 35
4 5
4 8
4 10
4 12
4 16
4 21
4 24
4 25
4 29
4 523
5 9
5 10
5 15
5 17
5 21
5 523
6 7
6 9
6 11
6 13
6 17
6 18
6 19
6 536
7 11
7 19
7 32
7 35
7 46
7 48
7 536
8 10
8 12
8 14
8 25
8 129
8 132
8 136
8 523
8 528
9 13
9 15
9 17
9 523
9 536
9 554
10 15
10 132
10 135
10 519
10 523
10 528
11 13
11 46
11 152
11 153
11 536
11 553
12 14
12 24
12 25
12 29
13 15
13 133
13 153
13 536
13 553
14 25
14 129
14 136
14 142
15 133
15 135
15 519
15 523
15 536
15 553
15 554
16 20
16 21
16 24
16 26
16 28
16 29
16 30
16 523
17 18
17 21
17 22
17 23
17 523
17 536
17 554
18 19
18 23
18 54
18 536
19 35
19 48
19 54
19 56
19 536
20 26
20 28
20 30
20 31
20 256
20 257
20 276
20 523
21 22
21 30
21 523
22 23
22 30
22 260
22 261
22 523
22 536
22 554
22 555
23 54
23 260
23 280
23 536
23 555
24 25
24 26
24 27
24 28
24 29
24 523
25 27
25 136
25 138
25 523
25 528
26 27
26 28
26 31
26 276
26 278
26 523
27 138
27 278
27 385
27 523
27 528
28 29
28 31
30 257
30 261
30 523
30 554
31 256
31 274
31 276
32 35
32 40
32 44
32 46
32 48
32 50
32 56
32 61
32 522
32 536
33 34
33 36
33 40
33 42
33 47
33 50
33 51
33 52
33 60
33 522
34 36
34 39
34 51
34 52
34 60
35 48
35 61
36 37
36 39
36 43
36 47
36 49
36 52
36 522
36 535
37 38
37 39
37 41
37 43
37 45
37 49
37 53
37 535
38 39
38 41
38 49
38 53
38 62
39 49
39 52
40 42
40 44
40 50
40 60
40 61
40 522
41 45
41 53
41 62
41 72
41 101
41 104
41 527
41 535
42 44
42 47
42 155
42 156
42 522
42 529
43 45
43 47
43 157
43 158
43 529
43 535
44 46
44 154
44 156
44 522
45 104
45 158
45 192
45 527
45 535
46 56
46 152
46 154
46 516
46 522
46 536
46 553
47 155
47 157
47 513
47 522
47 529
47 535
48 50
48 56
48 57
48 61
48 522
48 536
49 52
49 53
49 59
49 63
49 535
50 51
50 55
50 57
50 60
50 61
50 522
51 52
51 55
51 58
51 60
51 522
52 58
52 59
52 522
52 535
53 62
53 63
53 72
53 75
53 527
53 535
54 56
54 280
54 284
54 536
54 555
55 57
55 58
55 281
55 285
55 522
55 542
56 57
56 282
56 284
56 516
56 522
56 536
56 555
57 282
57 285
57 522
58 59
58 281
58 283
58 522
58 535
58 542
59 63
59 270
59 283
59 535
59 542
60 61
62 64
62 72
62 101
63 75
63 270
63 326
63 527
63 535
63 542
64 70
64 72
64 97
64 101
64 106
65 66
65 69
65 71
65 100
65 102
65 110
66 67
66 71
66 76
66 98
66 102
67 76
67 80
67 88
67 98
67 99
68 69
68 70
68 74
68 78
68 96
68 97
68 100
68 105
68 106
68 110
68 524
68 527
69 71
69 78
69 79
69 100
69 102
69 110
69 524
70 72
70 73
70 74
70 97
70 101
70 106
70 527
71 76
71 77
71 79
71 98
71 102
71 524
72 73
72 75
72 101
72 527
73 74
73 75
73 322
73 323
73 520
73 527
73 541
74 78
74 105
74 320
74 323
74 520
74 521
74 524
74 527
74 541
75 322
75 326
75 527
76 77
76 88
76 89
76 98
76 99
76 524
77 79
77 89
77 321
77 339
77 524
77 543
78 79
78 320
78 327
78 521
78 524
78 543
79 321
79 327
79 524
79 543
80 81
80 83
80 88
80 99
80 112
81 82
81 83
81 85
81 112
81 113
82 83
82 85
82 90
82 92
82 94
82 112
82 113
82 118
82 548
83 88
83 92
83 93
83 99
83 112
83 548
84 86
84 87
84 116
84 120
84 121
84 122
84 125
85 90
85 113
85 118
85 120
86 87
86 90
86 91
86 95
86 116
86 118
86 119
86 120
86 124
86 125
86 126
87 95
87 121
87 124
87 125
88 89
88 93
88 99
88 524
88 548
89 93
89 336
89 339
89 515
89 524
89 543
89 548
90 91
90 94
90 118
90 119
90 120
90 125
90 126
90 548
91 94
91 95
91 124
91 126
91 340
91 343
91 372
91 539
92 93
92 94
92 337
92 341
92 512
92 548
92 549
93 336
93 337
93 548
94 119
94 126
94 340
94 341
94 512
94 539
94 548
94 549
95 124
95 343
95 372
96 97
96 100
96 105
96 106
96 110
96 111
96 524
96 527
97 101
97 105
97 106
97 107
97 527
98 99
98 102
98 103
98 108
98 524
99 108
99 112
99 114
99 524
99 548
100 102
100 109
100 110
100 111
100 524
101 104
101 107
101 527
102 103
102 109
102 524
103 108
103 109
103 196
103 204
103 515
103 524
103 531
104 107
104 192
104 195
104 527
105 107
105 111
105 194
105 199
105 520
105 521
105 524
105 526
105 527
106 110
107 194
107 195
107 520
107 526
107 527
108 114
108 204
108 205
108 515
108 524
108 531
108 548
108 551
109 111
109 196
109 198
109 524
111 198
111 199
111 521
111 524
112 113
112 114
112 115
112 548
113 115
113 118
113 119
113 548
114 115
114 200
114 205
114 548
114 551
115 119
115 200
115 201
115 548
115 551
116 117
116 118
116 120
116 122
116 123
116 125
116 557
117 118
117 119
117 123
117 125
117 126
117 127
117 202
117 203
117 232
117 518
117 557
118 119
118 120
118 125
118 548
119 125
119 126
119 201
119 202
119 512
119 518
119 548
119 551
121 122
121 125
122 123
122 125
122 127
122 557
123 127
123 203
123 232
123 557
124 125
124 126
124 372
124 373
124 539
125 126
125 127
125 557
126 127
126 233
126 373
126 484
126 512
126 518
126 539
126 549
127 232
127 233
127 518
127 557
128 129
128 130
128 134
128 137
128 140
128 141
128 142
128 164
128 165
128 528
129 130
129 132
129 136
129 142
129 528
130 131
130 132
130 141
130 160
130 165
130 173
130 519
130 528
131 132
131 135
131 147
131 160
131 162
131 172
131 173
131 519
131 533
132 135
132 519
132 528
133 135
133 144
133 147
133 153
133 533
133 553
134 137
134 140
134 142
134 143
134 161
134 164
134 528
135 147
135 519
135 533
135 553
136 137
136 138
136 139
136 142
136 528
137 139
137 142
137 143
137 164
137 168
137 171
137 528
138 139
138 385
138 386
138 519
138 523
138 528
139 168
139 171
139 386
139 387
139 420
139 519
139 528
140 141
140 161
140 164
140 165
141 160
141 165
141 173
142 528
143 161
143 164
143 168
143 171
144 145
144 147
144 153
144 163
144 166
144 167
144 176
144 533
145 146
145 152
145 153
145 167
145 176
145 178
145 179
145 184
145 188
145 533
146 150
146 152
146 154
146 177
146 178
146 179
146 182
146 184
146 529
147 162
147 163
147 166
147 172
147 533
148 149
148 151
148 155
148 157
148 159
148 181
148 186
148 187
148 529
149 157
149 158
149 159
149 187
149 189
149 208
149 213
149 245
149 526
149 529
150 151
150 154
150 156
150 177
150 180
150 182
150 183
150 529
151 155
151 156
151 180
151 181
151 183
151 186
151 529
152 153
152 154
152 184
152 188
152 516
152 522
152 533
152 553
153 533
153 553
154 156
154 184
154 522
154 529
155 156
155 157
155 529
156 522
156 529
157 158
157 513
157 529
157 535
158 189
158 192
158 208
158 513
158 520
158 526
158 527
158 529
158 535
159 181
159 187
159 213
159 245
160 162
160 172
160 173
161 164
162 163
162 166
162 172
163 166
163 167
163 176
164 165
164 170
164 171
164 528
165 169
165 170
165 173
165 519
165 528
166 167
166 172
166 175
166 188
166 533
167 176
167 179
167 184
167 188
167 533
168 171
168 387
168 420
169 170
169 173
169 174
169 417
169 418
169 519
169 533
170 171
170 416
170 417
170 519
170 528
171 416
171 420
171 519
171 528
172 173
172 174
172 175
172 533
173 174
173 519
173 533
174 175
174 418
174 419
174 533
174 538
175 188
175 419
175 432
175 516
175 533
175 538
176 178
176 179
177 178
177 180
177 182
177 183
178 179
178 182
179 182
179 184
179 185
179 529
180 181
180 183
180 186
181 186
181 187
182 183
182 185
182 190
182 529
183 186
183 190
183 191
183 529
184 185
184 188
184 434
184 435
184 522
184 529
185 190
185 433
185 434
185 522
185 529
186 187
186 189
186 191
186 529
187 189
187 241
187 245
187 526
187 529
188 432
188 435
188 516
188 522
188 533
188 538
189 191
189 241
189 436
189 456
189 513
189 520
189 526
189 529
189 532
189 544
190 191
190 433
190 437
190 529
190 532
191 436
191 437
191 513
191 529
191 532
192 193
192 195
192 208
192 520
192 526
192 527
193 195
193 208
193 209
193 211
193 212
193 240
193 244
193 526
194 195
194 197
194 199
194 209
194 521
194 526
195 209
195 526
195 527
196 198
196 204
196 216
196 218
196 524
196 531
197 199
197 209
197 210
197 214
197 215
197 246
197 247
197 521
197 556
198 199
198 210
198 218
198 515
198 521
198 524
198 531
198 556
199 210
199 521
199 524
199 556
200 201
200 205
200 206
200 207
200 547
200 551
201 202
201 207
201 219
201 512
201 518
201 547
201 551
202 203
202 219
202 232
202 234
202 238
202 518
203 232
203 234
203 238
204 205
204 216
204 217
204 531
204 547
204 551
205 206
205 217
205 547
205 551
206 207
206 217
206 223
206 225
206 249
206 252
206 547
207 219
207 223
207 236
207 252
207 253
207 518
207 547
208 212
208 213
208 244
208 245
208 526
209 211
209 214
209 240
209 246
209 521
209 526
210 215
210 218
210 222
210 247
210 251
210 531
210 556
211 212
211 214
211 240
211 246
212 213
212 240
212 244
213 244
213 245
214 215
214 246
214 247
215 222
215 247
215 251
216 217
216 218
216 220
216 224
216 248
216 250
216 531
216 547
217 220
217 225
217 248
217 249
217 547
218 222
218 224
218 250
218 251
218 531
219 221
219 234
219 236
219 238
219 239
219 253
219 518
220 224
220 225
220 248
220 249
221 236
221 238
221 239
222 224
222 250
222 251
223 225
223 236
223 252
223 253
224 248
224 250
225 249
225 252
226 227
226 229
226 247
226 251
226 457
226 488
226 531
226 540
227 230
227 250
227 251
227 483
227 488
227 531
227 540
227 547
228 241
228 242
228 244
228 245
228 452
228 453
228 526
228 544
229 243
229 246
229 247
229 455
229 457
229 531
229 540
229 556
230 231
230 248
230 250
230 481
230 483
230 546
230 547
231 248
231 249
231 254
231 481
231 489
231 512
231 546
231 547
232 233
232 234
232 235
232 518
233 235
233 484
233 485
233 512
233 518
234 235
234 237
234 238
234 239
234 253
234 518
235 237
235 255
235 480
235 485
235 491
235 518
236 239
236 253
237 239
237 253
237 255
237 480
237 518
238 239
239 253
239 518
240 242
240 243
240 244
240 246
240 521
240 526
241 245
241 452
241 456
241 526
241 544
242 243
242 244
242 453
242 454
242 521
242 526
242 544
242 556
243 246
243 454
243 455
243 521
243 556
244 245
244 526
245 526
246 247
246 521
246 556
247 251
247 531
247 556
248 249
248 250
248 547
249 252
249 254
249 547
250 251
250 531
250 547
251 531
252 253
252 254
252 255
252 518
252 547
253 255
253 518
254 255
254 489
254 491
254 512
254 518
254 546
254 547
255 480
255 491
255 518
256 257
256 258
256 259
256 274
256 276
256 523
256 545
257 259
257 261
257 263
257 523
257 545
257 554
258 259
258 272
258 274
258 275
258 277
258 288
258 292
258 305
258 545
259 263
259 288
259 291
259 294
259 305
259 545
259 554
260 261
260 262
260 265
260 280
260 530
260 555
261 262
261 263
261 530
261 554
261 555
262 263
262 265
262 286
262 289
262 293
262 295
262 530
263 286
263 291
263 293
263 294
263 530
263 554
264 266
264 269
264 282
264 284
264 297
264 298
264 300
264 312
264 314
264 315
265 269
265 280
265 289
265 295
265 296
265 301
265 530
266 267
266 282
266 285
266 298
266 302
266 303
266 314
266 315
266 514
267 268
267 281
267 285
267 299
267 302
267 303
267 319
267 514
268 271
268 281
268 283
268 287
268 299
268 318
268 319
268 514
269 280
269 284
269 296
269 297
269 300
269 301
269 307
269 312
269 530
270 271
270 283
270 326
270 328
270 514
270 520
270 527
270 541
270 542
271 283
271 287
271 318
271 328
271 331
271 360
271 514
271 541
272 273
272 274
272 275
272 277
272 290
272 292
272 545
273 277
273 290
273 292
273 308
273 309
274 276
274 277
274 545
275 288
275 290
275 292
275 305
276 277
276 278
276 279
276 523
276 545
277 279
277 292
277 308
277 309
277 545
278 279
278 384
278 385
278 519
278 523
278 545
279 308
279 309
279 384
279 388
279 393
279 519
279 545
280 284
280 530
280 555
281 283
281 285
281 514
281 542
282 284
282 285
282 312
282 315
282 522
283 514
283 542
284 307
284 312
284 516
284 522
284 530
284 555
285 315
285 514
285 522
285 542
286 289
286 291
286 293
286 295
287 299
287 318
287 331
287 360
288 291
288 294
288 305
289 295
289 296
289 301
290 292
291 293
291 294
292 305
292 309
292 310
292 545
293 294
293 295
293 304
293 306
293 530
294 304
294 305
294 311
294 530
294 554
295 301
295 306
295 307
295 530
296 297
296 300
296 301
297 298
297 300
297 314
298 302
298 303
298 314
299 302
299 318
299 319
300 301
300 312
300 314
300 315
301 307
301 312
301 530
302 303
302 319
303 313
303 314
303 316
303 319
303 514
304 306
304 311
304 397
304 400
304 530
304 538
305 310
305 311
305 545
305 554
306 307
306 400
306 403
306 516
306 530
306 538
307 312
307 403
307 408
307 516
307 522
307 530
307 538
308 309
308 388
308 393
309 310
309 392
309 393
309 519
309 545
310 311
310 392
310 396
310 519
310 545
310 554
311 396
311 397
311 519
311 530
311 554
312 315
312 401
312 408
312 522
313 314
313 315
313 316
313 402
313 407
313 514
313 537
314 315
314 514
315 401
315 402
315 513
315 514
315 522
315 537
316 317
316 319
316 406
316 407
316 514
316 537
317 318
317 319
317 353
317 406
317 464
317 514
317 520
317 537
317 541
317 552
318 319
318 353
318 360
318 514
318 541
319 514
320 323
320 324
320 325
320 327
320 517
320 521
320 541
320 543
321 327
321 333
321 338
321 339
321 517
321 543
322 323
322 326
322 329
322 332
322 527
322 541
323 324
323 332
323 521
323 541
324 325
324 332
324 334
324 352
324 366
324 367
324 517
324 541
325 327
325 333
325 334
325 348
325 364
325 367
325 517
326 328
326 329
326 520
326 527
326 541
327 333
327 517
327 543
328 329
328 330
328 331
328 360
328 363
328 541
329 330
329 332
329 335
329 362
329 363
329 541
330 331
330 335
330 362
330 363
331 360
331 363
332 335
332 352
332 362
332 366
332 541
333 338
333 348
333 349
333 364
333 365
333 517
334 348
334 352
334 364
334 367
335 352
335 362
335 366
336 337
336 339
336 344
336 345
336 512
336 548
336 549
337 341
337 342
337 344
337 548
337 549
338 339
338 345
338 349
338 354
338 359
338 365
338 380
338 517
338 549
339 345
339 359
339 512
339 515
339 517
339 543
339 548
339 549
340 341
340 343
340 346
340 368
340 372
340 374
340 539
341 342
341 346
341 539
341 549
342 344
342 346
342 351
342 370
342 382
342 383
342 539
342 549
343 368
343 372
343 374
344 345
344 350
344 351
344 381
344 382
344 549
345 350
345 354
345 380
345 381
345 549
346 347
346 368
346 370
346 371
346 374
346 383
346 539
347 368
347 370
347 371
348 349
348 364
348 365
349 354
349 365
349 380
350 351
350 354
350 381
350 382
351 370
351 382
351 383
352 366
352 367
353 356
353 360
353 464
353 470
353 541
353 552
354 380
354 381
355 357
355 358
355 366
355 367
355 465
355 469
355 517
355 534
356 360
356 361
356 363
356 466
356 470
356 541
356 552
357 361
357 362
357 366
357 465
357 468
357 517
357 521
357 541
358 359
358 364
358 367
358 467
358 469
358 515
358 517
358 534
359 364
359 365
359 378
359 467
359 498
359 512
359 515
359 517
359 534
359 549
359 550
360 363
360 541
361 362
361 363
361 466
361 468
361 521
361 541
361 552
362 363
362 366
362 541
363 541
364 365
364 367
364 517
365 378
365 380
365 517
365 549
366 367
366 517
366 541
367 517
368 371
368 374
369 371
369 374
369 375
369 379
369 383
369 497
369 539
370 371
370 383
371 374
371 383
371 539
372 373
372 374
372 375
372 539
373 375
373 484
373 486
373 512
373 539
374 375
374 383
374 539
375 379
375 486
375 497
375 501
375 539
376 377
376 378
376 380
376 381
376 496
376 500
376 549
376 550
377 379
377 381
377 382
377 496
377 501
377 539
377 549
377 550
378 380
378 498
378 500
378 549
378 550
379 382
379 383
379 497
379 501
379 539
380 381
380 549
381 382
381 549
382 383
382 539
382 549
383 539
384 385
384 388
384 389
384 390
384 393
384 395
384 519
385 386
385 390
385 519
385 523
386 387
386 390
386 420
386 421
386 424
386 519
387 420
387 421
387 424
388 389
388 393
388 395
389 390
389 391
389 395
389 427
390 391
390 395
390 421
390 424
390 427
390 519
391 424
391 427
392 393
392 394
392 396
392 399
392 429
392 519
393 394
393 395
393 519
394 395
394 399
394 421
394 425
394 426
394 429
394 430
394 519
395 421
395 426
395 427
395 519
396 397
396 398
396 399
396 417
396 429
396 516
396 519
396 530
396 538
396 554
397 398
397 400
397 412
397 516
397 530
397 538
398 399
398 412
398 422
398 423
398 428
398 429
398 431
398 538
399 429
399 430
399 431
399 538
400 403
400 412
400 413
400 538
401 402
401 408
401 410
401 414
401 434
401 435
401 443
401 513
401 522
401 532
401 537
402 407
402 410
402 411
402 532
402 537
403 408
403 409
403 413
403 440
403 522
403 538
404 405
404 410
404 411
404 439
404 441
404 447
405 411
405 415
405 438
405 439
405 449
406 407
406 415
406 464
406 475
406 520
406 525
406 532
406 537
406 552
407 411
407 415
407 532
407 537
408 409
408 414
408 432
408 435
408 440
408 442
408 443
408 522
408 538
409 413
409 414
409 440
409 442
409 443
409 445
409 446
410 411
410 414
410 439
410 441
410 443
410 447
410 532
411 415
411 438
411 439
411 532
412 413
412 423
412 428
412 440
412 444
412 538
413 440
413 444
413 446
413 538
414 443
414 445
414 447
414 532
415 438
415 449
415 460
415 475
415 525
415 532
416 417
416 420
416 425
416 429
416 519
417 418
417 422
417 429
417 516
417 519
417 533
417 538
418 419
418 422
418 423
418 516
418 533
418 538
419 423
419 432
419 440
419 538
420 421
420 425
420 519
421 424
421 425
421 426
421 427
421 519
422 423
422 428
422 429
422 431
422 538
423 428
423 440
423 444
423 538
424 427
425 426
425 429
425 430
425 519
426 427
426 430
428 431
428 444
429 430
429 431
429 519
429 538
430 431
432 435
432 440
432 442
432 522
432 538
433 434
433 437
433 439
433 441
433 513
433 529
433 532
434 435
434 441
434 443
434 513
434 522
434 529
434 532
435 442
435 443
435 522
435 538
436 437
436 438
436 456
436 460
436 520
436 525
436 532
436 544
437 438
437 439
437 532
438 439
438 449
438 460
438 525
438 532
439 441
439 532
440 442
440 444
440 446
440 538
441 443
441 447
441 532
442 443
442 445
442 446
443 445
443 447
443 532
444 446
445 446
445 447
448 449
448 458
448 460
448 472
448 473
448 475
449 460
449 475
450 451
450 462
450 463
450 471
450 477
450 478
451 463
451 471
451 494
451 502
451 508
452 453
452 456
452 458
452 461
452 525
452 544
453 454
453 459
453 461
453 521
453 525
453 544
454 455
454 459
454 462
454 521
454 556
455 457
455 462
455 463
455 534
455 540
455 556
456 458
456 460
456 525
456 544
457 463
457 488
457 494
457 534
457 540
458 460
458 461
458 472
458 473
458 474
458 475
458 525
459 461
459 462
459 474
459 476
459 477
459 478
459 479
459 521
459 556
460 475
460 525
461 473
461 474
461 476
461 521
461 525
462 463
462 471
462 477
462 478
462 534
462 556
463 471
463 494
463 502
463 534
464 470
464 472
464 475
464 525
464 552
465 468
465 469
465 471
465 478
465 515
465 517
465 534
465 556
466 468
466 470
466 474
466 479
466 521
466 525
466 552
467 469
467 498
467 502
467 505
467 512
467 534
467 546
467 550
468 478
468 479
468 517
468 521
468 556
469 471
469 502
469 534
470 472
470 474
470 525
470 552
471 478
471 502
471 534
472 473
472 474
472 475
472 525
473 474
473 476
474 476
474 479
474 521
474 525
475 525
476 477
476 479
477 478
477 479
478 479
478 534
478 556
479 521
479 556
480 482
480 485
480 491
481 483
481 489
481 490
481 493
481 546
482 485
482 487
482 491
482 495
482 506
483 488
483 490
483 492
483 512
483 546
483 547
484 485
484 486
484 487
484 489
484 491
484 496
484 501
484 512
484 518
484 539
484 546
485 487
485 491
485 495
485 501
485 507
485 518
486 487
486 497
486 499
486 501
486 539
487 495
487 499
487 501
487 506
487 507
488 492
488 494
488 512
488 534
488 540
488 546
488 547
489 491
489 493
489 495
489 496
489 501
489 503
489 507
489 518
489 546
490 492
490 493
490 503
490 504
490 505
490 509
490 510
490 546
491 495
491 501
491 507
491 518
492 494
492 502
492 505
492 508
492 509
492 546
493 495
493 503
493 507
493 510
493 511
493 546
494 502
494 508
494 534
494 546
495 506
495 507
495 511
496 500
496 501
496 503
496 507
496 539
496 546
496 550
497 499
497 501
498 500
498 504
498 505
498 546
498 550
499 501
499 506
499 507
500 503
500 504
500 546
500 550
501 507
501 539
502 505
502 508
502 534
502 546
503 504
503 507
503 510
503 511
503 546
504 505
504 509
504 510
504 546
505 508
505 509
505 546
506 507
506 511
507 511
508 509
509 510
510 511
512 515
512 518
512 531
512 534
512 539
512 540
512 546
512 547
512 548
512 549
512 550
512 551
513 514
513 520
513 522
513 529
513 532
513 535
513 537
513 542
514 520
514 522
514 527
514 537
514 541
514 542
515 517
515 521
515 524
515 531
515 534
515 540
515 543
515 548
515 551
515 556
516 519
516 522
516 530
516 533
516 536
516 538
516 553
516 554
516 555
517 521
517 534
517 541
517 543
517 556
518 546
518 547
519 523
519 528
519 530
519 533
519 536
519 538
519 545
519 553
519 554
520 521
520 525
520 526
520 527
520 532
520 535
520 537
520 541
520 542
520 544
520 552
521 524
521 525
521 526
521 527
521 541
521 543
521 544
521 552
521 556
522 529
522 535
522 538
522 542
523 528
523 545
523 554
524 531
524 543
524 548
525 532
525 544
525 552
526 527
526 544
527 535
527 541
527 542
529 532
529 535
530 538
530 554
530 555
531 540
531 547
531 548
531 551
531 556
532 537
533 538
533 553
534 540
534 546
534 547
534 556
535 542
536 553
536 554
536 555
537 552
539 546
539 549
539 550
540 547
540 556
541 552
545 554
546 547
546 550
547 551
548 549
548 551
549 550
554 555
SURFACE_TRIANGLES
0 1 5
0 1 21
0 4 5
0 4 29
0 16 21
0 16 29
1 2 9
1 2 17
1 5 9
1 17 21
2 3 6
2 3 18
2 6 9
2 17 18
3 6 7
3 7 35
3 18 19
3 19 35
4 5 10
4 8 10
4 8 12
4 12 29
5 9 15
5 10 15
6 7 11
6 9 13
6 11 13
7 11 46
7 32 35
7 32 46
8 10 132
8 12 14
8 14 129
8 129 132
9 13 15
10 15 135
10 132 135
11 13 153
11 46 152
11 152 153
12 14 25
12 24 25
12 24 29
13 15 133
13 133 153
14 25 136
14 129 142
14 136 142
15 133 135
16 20 28
16 20 30
16 21 30
16 28 29
17 18 23
17 21 22
17 22 23
18 19 54
18 23 54
19 35 48
19 48 56
19 54 56
20 28 31
20 30 257
20 31 256
20 256 257
21 22 30
22 23 260
22 30 261
22 260 261
23 54 280
23 260 280
24 25 27
24 26 27
24 26 28
24 28 29
25 27 138
25 136 138
26 27 278
26 28 31
26 31 276
26 276 278
27 138 385
27 278 385
30 257 261
31 256 274
31 274 276
32 35 61
32 40 44
32 40 61
32 44 46
33 34 36
33 34 60
33 36 47
33 40 42
33 40 60
33 42 47
34 36 39
34 39 52
34 51 52
34 51 60
35 48 61
36 37 39
36 37 43
36 43 47
37 38 39
37 38 41
37 41 45
37 43 45
38 39 49
38 41 62
38 49 53
38 53 62
39 49 52
40 42 44
40 60 61
41 45 104
41 62 101
41 101 104
42 44 156
42 47 155
42 155 156
43 45 158
43 47 157
43 157 158
44 46 154
44 154 156
45 104 192
45 158 192
46 152 154
47 155 157
48 50 57
48 50 61
48 56 57
49 52 59
49 53 63
49 59 63
50 51 55
50 51 60
50 55 57
50 60 61
51 52 58
51 55 58
52 58 59
53 62 72
53 63 75
53 72 75
54 56 284
54 280 284
55 57 285
55 58 281
55 281 285
56 57 282
56 282 284
57 282 285
58 59 283
58 281 283
59 63 270
59 270 283
62 64 72
62 64 101
63 75 326
63 270 326
64 70 72
64 70 106
64 97 101
64 97 106
65 66 71
65 66 102
65 69 71
65 69 110
65 100 102
65 100 110
66 67 76
66 67 98
66 71 76
66 98 102
67 76 88
67 80 88
67 80 99
67 98 99
68 69 78
68 69 110
68 70 74
68 70 106
68 74 78
68 106 110
69 71 79
69 78 79
70 72 73
70 73 74
71 76 77
71 77 79
72 73 75
73 74 323
73 75 322
73 322 323
74 78 320
74 320 323
75 322 326
76 77 89
76 88 89
77 79 321
77 89 339
77 321 339
78 79 327
78 320 327
79 321 327
80 81 83
80 81 112
80 83 88
80 99 112
81 82 83
81 82 85
81 85 113
81 112 113
82 83 92
82 85 90
82 90 94
82 92 94
83 88 93
83 92 93
84 86 87
84 86 120
84 87 121
84 116 120
84 116 122
84 121 122
85 90 120
85 113 118
85 118 120
86 87 95
86 90 91
86 90 120
86 91 95
87 95 124
87 121 125
87 124 125
88 89 93
89 93 336
89 336 339
90 91 94
91 94 340
91 95 343
91 340 343
92 93 337
92 94 341
92 337 341
93 336 337
94 340 341
95 124 372
95 343 372
96 97 105
96 97 106
96 100 110
96 100 111
96 105 111
96 106 110
97 101 107
97 105 107
98 99 108
98 102 103
98 103 108
99 108 114
99 112 114
100 102 109
100 109 111
101 104 107
102 103 109
103 108 204
103 109 196
103 196 204
104 107 195
104 192 195
105 107 194
105 111 199
105 194 199
107 194 195
108 114 205
108 204 205
109 111 198
109 196 198
111 198 199
112 113 115
112 114 115
113 115 119
113 118 119
114 115 200
114 200 205
115 119 201
115 200 201
116 117 118
116 117 123
116 118 120
116 122 123
117 118 119
117 119 202
117 123 203
117 202 203
119 201 202
121 122 125
122 123 127
122 125 127
123 127 232
123 203 232
124 125 126
124 126 373
124 372 373
125 126 127
126 127 233
126 233 484
126 373 484
127 232 233
128 129 130
128 129 142
128 130 141
128 134 140
128 134 142
128 140 141
129 130 132
130 131 132
130 131 160
130 141 160
131 132 135
131 135 147
131 147 162
131 160 162
133 135 147
133 144 147
133 144 153
134 137 142
134 137 143
134 140 161
134 143 161
136 137 139
136 137 142
136 138 139
137 139 168
137 143 168
138 139 386
138 385 386
139 168 387
139 386 387
140 141 165
140 161 164
140 164 165
141 160 173
141 165 173
143 161 164
143 164 171
143 168 171
144 145 153
144 145 176
144 147 163
144 163 176
145 146 152
145 146 178
145 152 153
145 176 178
146 150 154
146 150 177
146 152 154
146 177 178
147 162 163
148 149 157
148 149 159
148 151 155
148 151 181
148 155 157
148 159 181
149 157 158
149 158 208
149 159 213
149 208 213
150 151 156
150 151 180
150 154 156
150 177 180
151 155 156
151 180 181
158 192 208
159 181 187
159 187 245
159 213 245
160 162 172
160 172 173
162 163 166
162 166 172
163 166 167
163 167 176
164 165 170
164 170 171
165 169 170
165 169 173
166 167 188
166 172 175
166 175 188
167 176 179
167 179 184
167 184 188
168 171 420
168 387 420
169 170 417
169 173 174
169 174 418
169 417 418
170 171 416
170 416 417
171 416 420
172 173 174
172 174 175
174 175 419
174 418 419
175 188 432
175 419 432
176 178 179
177 178 182
177 180 183
177 182 183
178 179 182
179 182 185
179 184 185
180 181 186
180 183 186
181 186 187
182 183 190
182 185 190
183 186 191
183 190 191
184 185 434
184 188 435
184 434 435
185 190 433
185 433 434
186 187 189
186 189 191
187 189 241
187 241 245
188 432 435
189 191 436
189 241 456
189 436 456
190 191 437
190 433 437
191 436 437
192 193 195
192 193 208
193 195 209
193 208 212
193 209 211
193 211 212
194 195 209
194 197 199
194 197 209
196 198 218
196 204 216
196 216 218
197 199 210
197 209 214
197 210 215
197 214 215
198 199 210
198 210 218
200 201 207
200 205 206
200 206 207
201 202 219
201 207 219
202 203 238
202 219 238
203 232 234
203 234 238
204 205 217
204 216 217
205 206 217
206 207 223
206 217 225
206 223 225
207 219 236
207 223 236
208 212 213
209 211 214
210 215 222
210 218 222
211 212 240
211 214 246
211 240 246
212 213 244
212 240 244
213 244 245
214 215 247
214 246 247
215 222 251
215 247 251
216 217 220
216 218 224
216 220 224
217 220 225
218 222 224
219 221 236
219 221 238
220 224 248
220 225 249
220 248 249
221 236 239
221 238 239
222 224 250
222 250 251
223 225 252
223 236 253
223 252 253
224 248 250
225 249 252
226 227 251
226 227 488
226 229 247
226 229 457
226 247 251
226 457 488
227 230 250
227 230 483
227 250 251
227 483 488
228 241 245
228 241 452
228 242 244
228 242 453
228 244 245
228 452 453
229 243 246
229 243 455
229 246 247
229 455 457
230 231 248
230 231 481
230 248 250
230 481 483
231 248 249
231 249 254
231 254 489
231 481 489
232 233 235
232 234 235
233 235 485
233 484 485
234 235 237
234 237 239
234 238 239
235 237 480
235 480 485
236 239 253
237 239 253
237 253 255
237 255 480
240 242 243
240 242 244
240 243 246
241 452 456
242 243 454
242 453 454
243 454 455
249 252 254
252 253 255
252 254 255
254 255 491
254 489 491
255 480 491
256 257 259
256 258 259
256 258 274
257 259 263
257 261 263
258 259 288
258 272 274
258 272 275
258 275 288
259 263 291
259 288 291
260 261 262
260 262 265
260 265 280
261 262 263
262 263 286
262 265 289
262 286 289
263 286 291
264 266 282
264 266 298
264 269 284
264 269 297
264 282 284
264 297 298
265 269 280
265 269 296
265 289 296
266 267 285
266 267 302
266 282 285
266 298 302
267 268 281
267 268 299
267 281 285
267 299 302
268 271 283
268 271 287
268 281 283
268 287 299
269 280 284
269 296 297
270 271 283
270 271 328
270 326 328
271 287 331
271 328 331
272 273 277
272 273 290
272 274 277
272 275 290
273 277 308
273 290 292
273 292 309
273 308 309
274 276 277
275 288 305
275 290 292
275 292 305
276 277 279
276 278 279
277 279 308
278 279 384
278 384 385
279 308 388
279 384 388
286 289 295
286 291 293
286 293 295
287 299 318
287 318 360
287 331 360
288 291 294
288 294 305
289 295 301
289 296 301
291 293 294
292 305 310
292 309 310
293 294 304
293 295 306
293 304 306
294 304 311
294 305 311
295 301 307
295 306 307
296 297 300
296 300 301
297 298 314
297 300 314
298 302 303
298 303 314
299 302 319
299 318 319
300 301 312
300 312 315
300 314 315
301 307 312
302 303 319
303 313 314
303 313 316
303 316 319
304 306 400
304 311 397
304 397 400
305 310 311
306 307 403
306 400 403
307 312 408
307 403 408
308 309 393
308 388 393
309 310 392
309 392 393
310 311 396
310 392 396
311 396 397
312 315 401
312 401 408
313 314 315
313 315 402
313 316 407
313 402 407
315 401 402
316 317 319
316 317 406
316 406 407
317 318 319
317 318 353
317 353 464
317 406 464
318 353 360
320 323 324
320 324 325
320 325 327
321 327 333
321 333 338
321 338 339
322 323 332
322 326 329
322 329 332
323 324 332
324 325 334
324 332 352
324 334 352
325 327 333
325 333 348
325 334 348
326 328 329
328 329 330
328 330 331
329 330 335
329 332 335
330 331 363
330 335 362
330 362 363
331 360 363
332 335 352
333 338 349
333 348 349
334 348 364
334 352 367
334 364 367
335 352 366
335 362 366
336 337 344
336 339 345
336 344 345
337 341 342
337 342 344
338 339 345
338 345 354
338 349 354
340 341 346
340 343 368
340 346 368
341 342 346
342 344 351
342 346 370
342 351 370
343 368 374
343 372 374
344 345 350
344 350 351
345 350 354
346 347 368
346 347 370
347 368 371
347 370 371
348 349 365
348 364 365
349 354 380
349 365 380
350 351 382
350 354 381
350 381 382
351 370 383
351 382 383
352 366 367
353 356 360
353 356 470
353 464 470
354 380 381
355 357 366
355 357 465
355 358 367
355 358 469
355 366 367
355 465 469
356 360 363
356 361 363
356 361 466
356 466 470
357 361 362
357 361 468
357 362 366
357 465 468
358 359 364
358 359 467
358 364 367
358 467 469
359 364 365
359 365 378
359 378 498
359 467 498
361 362 363
361 466 468
365 378 380
368 371 374
369 371 374
369 371 383
369 374 375
369 375 497
369 379 383
369 379 497
370 371 383
372 373 375
372 374 375
373 375 486
373 484 486
375 486 497
376 377 381
376 377 496
376 378 380
376 378 500
376 380 381
376 496 500
377 379 382
377 379 501
377 381 382
377 496 501
378 498 500
379 382 383
379 497 501
384 385 390
384 388 389
384 389 390
385 386 390
386 387 424
386 390 424
387 420 421
387 421 424
388 389 395
388 393 395
389 390 391
389 391 427
389 395 427
390 391 424
391 424 427
392 393 394
392 394 399
392 396 399
393 394 395
394 395 426
394 399 430
394 426 430
395 426 427
396 397 398
396 398 399
397 398 412
397 400 412
398 399 431
398 412 428
398 428 431
399 430 431
400 403 413
400 412 413
401 402 410
401 408 414
401 410 414
402 407 411
402 410 411
403 408 409
403 409 413
404 405 411
404 405 439
404 410 411
404 410 447
404 439 441
404 441 447
405 411 415
405 415 449
405 438 439
405 438 449
406 407 415
406 415 475
406 464 475
407 411 415
408 409 414
409 413 446
409 414 445
409 445 446
410 414 447
412 413 444
412 428 444
413 444 446
414 445 447
415 449 475
416 417 429
416 420 425
416 425 429
417 418 422
417 422 429
418 419 423
418 422 423
419 423 440
419 432 440
420 421 425
421 424 427
421 425 426
421 426 427
422 423 428
422 428 431
422 429 431
423 428 444
423 440 444
425 426 430
425 429 430
429 430 431
432 435 442
432 440 442
433 434 441
433 437 439
433 439 441
434 435 443
434 441 443
435 442 443
436 437 438
436 438 460
436 456 460
437 438 439
438 449 460
440 442 446
440 444 446
441 443 447
442 443 445
442 445 446
443 445 447
448 449 460
448 449 475
448 458 460
448 458 473
448 472 473
448 472 475
450 451 463
450 451 471
450 462 463
450 462 477
450 471 478
450 477 478
451 463 494
451 471 502
451 494 508
451 502 508
452 453 461
452 456 458
452 458 461
453 454 459
453 459 461
454 455 462
454 459 462
455 457 463
455 462 463
456 458 460
457 463 494
457 488 494
458 461 473
459 461 476
459 462 477
459 476 477
461 473 476
464 470 472
464 472 475
465 468 478
465 469 471
465 471 478
466 468 479
466 470 474
466 474 479
467 469 502
467 498 505
467 502 505
468 478 479
469 471 502
470 472 474
472 473 474
473 474 476
474 476 479
476 477 479
477 478 479
480 482 485
480 482 491
481 483 490
481 489 493
481 490 493
482 485 487
482 487 506
482 491 495
482 495 506
483 488 492
483 490 492
484 485 487
484 486 487
486 487 499
486 497 499
487 499 506
488 492 494
489 491 495
489 493 495
490 492 509
490 493 510
490 509 510
492 494 508
492 508 509
493 495 511
493 510 511
495 506 511
496 500 503
496 501 507
496 503 507
497 499 501
498 500 504
498 504 505
499 501 507
499 506 507
500 503 504
502 505 508
503 504 510
503 507 511
503 510 511
504 505 509
504 509 510
505 508 509
506 507 511
