VERTICES
-0.341376 -0.341376 -1.44655
-0.398221 -0.00813532 -1.12416
-0.00813532 -0.398221 -1.12416
-0.00542355 -0.00542355 -1.50746
-0.390086 0 -0.74763
-0.390086 0 -0.0108471
-0.353093 -0.353093 -1.08988
-0.350382 -0.350382 -0.718773
-0.350382 -0.350382 -0.350382
0 -0.390086 0.357545
0 -0.390086 0.725936
-0.358517 -0.358517 1.14352
0 -0.351737 1.45691
-0.350382 -0.350382 0.386402
-0.350382 -0.350382 0.0180103
-0.390086 0 0.725936
-0.350382 -0.350382 0.754793
-0.341376 -0.341376 1.46006
-0.361229 0.0356368 -1.4664
-0.358517 0.343602 -1.11873
-0.390086 0 -0.379239
-0.350382 0.350382 -0.368392
-0.341376 0.354884 -1.44655
-0.00271177 0.394154 -1.10789
-0.350382 0.350382 -0.736783
-0.350382 0.350382 0
0 0.390086 0.0108471
-0.390086 0 0.357545
-0.351737 0 1.45691
-0.350382 0.350382 0.736783
-0.394154 0.00271177 1.10789
-0.354884 0.341376 1.44655
-0.350382 0.350382 0.368392
-0.343602 0.358517 1.11873
0 0.390086 0.379239
0 0.390086 0.74763
-0.0356368 0.361229 1.4664
0 -0.390086 -0.74763
0 -0.390086 -0.379239
0.0356368 -0.361229 -1.4664
0.343602 -0.358517 -1.11873
0.350382 -0.350382 -0.736783
0.350382 -0.350382 -0.368392
0.351737 0 -1.45691
0.354884 -0.341376 -1.44655
0.394154 -0.00271177 -1.10789
0 -0.390086 -0.0108471
0.350382 -0.350382 0
0.00271177 -0.394154 1.10789
0.341376 -0.354884 1.44655
0.350382 -0.350382 0.368392
0.390086 0 0.379239
0.350382 -0.350382 0.736783
0.358517 -0.343602 1.11873
0.361229 -0.0356368 1.4664
0.341376 0.341376 -1.46006
0.390086 0 -0.725936
0.350382 0.350382 -0.386402
0.390086 0 -0.357545
0 0.351737 -1.45691
0.358517 0.358517 -1.14352
0 0.390086 -0.725936
0 0.390086 -0.357545
0.350382 0.350382 -0.754793
0.350382 0.350382 0.350382
0.350382 0.350382 -0.0180103
0.390086 0 0.74763
0.390086 0 0.0108471
0.350382 0.350382 0.718773
0.00542355 0.00542355 1.50746
0.00813532 0.398221 1.12416
0.398221 0.00813532 1.12416
0.341376 0.341376 1.44655
0.353093 0.353093 1.08988
TETRAHEDRA
3 1 23 18
23 59 60 43
71 73 70 72
48 12 54 69
70 15 33 29
2 4 45 1
2 3 45 39
59 3 23 18
19 61 24 1
23 22 18 19
48 30 12 69
35 15 70 29
8 7 20 38
4 7 37 38
57 61 63 56
1 3 0 18
58 37 38 4
59 55 60 43
61 1 45 4
1 6 0 2
3 1 0 2
28 17 12 69
23 1 19 18
70 66 73 71
21 4 62 20
23 60 45 43
55 59 3 43
56 37 58 4
30 36 28 69
61 45 63 56
22 23 18 59
30 28 12 69
15 30 16 10
20 26 58 62
51 5 34 26
51 46 5 67
35 9 34 66
16 30 11 48
36 69 70 72
67 64 26 51
69 71 70 72
34 68 35 66
67 38 5 58
70 15 30 33
31 30 36 28
11 30 28 12
15 66 10 9
30 66 70 71
30 31 36 33
0 3 2 39
26 64 34 51
16 30 48 10
3 59 23 43
27 13 14 9
15 13 9 10
8 46 5 14
13 15 16 10
49 48 54 53
3 23 45 43
66 50 9 51
70 66 35 73
51 47 46 67
17 11 28 12
62 24 61 4
32 5 34 27
48 54 71 69
30 11 48 12
4 2 6 1
53 48 54 71
27 15 13 9
66 15 30 70
5 27 14 9
46 5 14 9
56 2 45 40
62 4 61 56
35 32 27 29
54 71 69 72
38 47 67 46
69 30 70 71
4 2 45 56
48 49 54 12
30 48 71 69
67 5 51 26
51 47 50 46
66 50 52 9
9 35 27 15
66 9 34 51
51 5 9 34
46 50 51 9
34 25 26 5
34 68 66 51
9 52 66 10
21 26 20 62
70 30 36 33
68 73 35 66
15 66 30 10
62 24 4 21
15 35 27 29
34 5 9 27
34 25 5 32
51 46 9 5
9 35 34 27
64 68 34 51
53 71 10 48
20 26 25 5
66 15 70 35
52 71 10 53
71 10 48 30
5 20 58 38
42 38 67 58
64 67 26 65
61 45 23 63
56 37 2 41
62 57 65 58
45 3 43 39
7 6 4 37
30 70 36 69
67 38 46 5
58 4 20 62
62 61 57 56
23 60 63 45
57 62 56 58
1 3 23 45
3 1 2 45
61 24 1 4
61 1 23 45
4 45 61 56
46 8 5 38
20 7 4 38
8 20 5 38
71 10 30 66
26 62 65 58
67 26 65 58
44 45 39 40
20 26 5 58
67 5 26 58
35 32 34 27
56 2 40 41
4 2 56 37
4 2 37 6
58 41 42 37
4 38 58 20
37 56 58 41
37 42 58 38
47 38 67 42
58 4 62 56
19 61 1 23
45 2 39 40
26 20 25 21
45 44 39 43
15 66 9 35
52 71 66 10
EDGES
0 1
0 2
0 3
0 6
0 18
0 39
1 2
1 3
1 4
1 6
1 18
1 19
1 23
1 24
1 45
1 61
2 3
2 4
2 6
2 37
2 39
2 40
2 41
2 45
2 56
3 18
3 23
3 39
3 43
3 45
3 55
3 59
4 6
4 7
4 20
4 21
4 24
4 37
4 38
4 45
4 56
4 58
4 61
4 62
5 8
5 9
5 14
5 20
5 25
5 26
5 27
5 32
5 34
5 38
5 46
5 51
5 58
5 67
6 7
6 37
7 8
7 20
7 37
7 38
8 14
8 20
8 38
8 46
9 10
9 13
9 14
9 15
9 27
9 34
9 35
9 46
9 50
9 51
9 52
9 66
10 13
10 15
10 16
10 30
10 48
10 52
10 53
10 66
10 71
11 12
11 16
11 17
11 28
11 30
11 48
12 17
12 28
12 30
12 48
12 49
12 54
12 69
13 14
13 15
13 16
13 27
14 27
14 46
15 16
15 27
15 29
15 30
15 33
15 35
15 66
15 70
16 30
16 48
17 28
17 69
18 19
18 22
18 23
18 59
19 22
19 23
19 24
19 61
20 21
20 25
20 26
20 38
20 58
20 62
21 24
21 25
21 26
21 62
22 23
22 59
23 43
23 45
23 59
23 60
23 61
23 63
24 61
24 62
25 26
25 32
25 34
26 34
26 51
26 58
26 62
26 64
26 65
26 67
27 29
27 32
27 34
27 35
28 30
28 31
28 36
28 69
29 32
29 33
29 35
29 70
30 31
30 33
30 36
30 48
30 66
30 69
30 70
30 71
31 33
31 36
32 34
32 35
33 36
33 70
34 35
34 51
34 64
34 66
34 68
35 66
35 68
35 70
35 73
36 69
36 70
36 72
37 38
37 41
37 42
37 56
37 58
38 42
38 46
38 47
38 58
38 67
39 40
39 43
39 44
39 45
40 41
40 44
40 45
40 56
41 42
41 56
41 58
42 47
42 58
42 67
43 44
43 45
43 55
43 59
43 60
44 45
45 56
45 60
45 61
45 63
46 47
46 50
46 51
46 67
47 50
47 51
47 67
48 49
48 53
48 54
48 69
48 71
49 53
49 54
50 51
50 52
50 66
51 64
51 66
51 67
51 68
52 53
52 66
52 71
53 54
53 71
54 69
54 71
54 72
55 59
55 60
56 57
56 58
56 61
56 62
56 63
57 58
57 61
57 62
57 63
57 65
58 62
58 65
58 67
59 60
60 63
61 62
61 63
62 65
64 65
64 67
64 68
65 67
66 68
66 70
66 71
66 73
68 73
69 70
69 71
69 72
70 71
70 72
70 73
71 72
71 73
72 73
SURFACE_TRIANGLES
0 1 6
0 1 18
0 2 6
0 2 39
0 3 18
0 3 39
1 4 6
1 4 24
1 18 19
1 19 24
2 6 37
2 37 41
2 39 40
2 40 41
3 18 59
3 39 43
3 43 55
3 55 59
4 6 7
4 7 20
4 20 21
4 21 24
5 8 14
5 8 20
5 14 27
5 20 25
5 25 32
5 27 32
6 7 37
7 8 20
7 8 38
7 37 38
8 14 46
8 38 46
9 10 13
9 10 52
9 13 14
9 14 46
9 46 50
9 50 52
10 13 16
10 16 48
10 48 53
10 52 53
11 12 17
11 12 48
11 16 30
11 16 48
11 17 28
11 28 30
12 17 69
12 48 49
12 49 54
12 54 69
13 14 27
13 15 16
13 15 27
15 16 30
15 27 29
15 29 33
15 30 33
17 28 69
18 19 22
18 22 59
19 22 23
19 23 61
19 24 61
20 21 25
21 24 62
21 25 26
21 26 62
22 23 59
23 59 60
23 60 63
23 61 63
24 61 62
25 26 34
25 32 34
26 34 64
26 62 65
26 64 65
27 29 32
28 30 31
28 31 36
28 36 69
29 32 35
29 33 70
29 35 70
30 31 33
31 33 36
32 34 35
33 36 70
34 35 68
34 64 68
35 68 73
35 70 73
36 69 72
36 70 72
37 38 42
37 41 42
38 42 47
38 46 47
39 40 44
39 43 44
40 41 56
40 44 45
40 45 56
41 42 58
41 56 58
42 47 67
42 58 67
43 44 45
43 45 60
43 55 60
45 56 63
45 60 63
46 47 50
47 50 51
47 51 67
48 49 53
49 53 54
50 51 66
50 52 66
51 64 67
51 64 68
51 66 68
52 53 71
52 66 71
53 54 71
54 69 72
54 71 72
55 59 60
56 57 58
56 57 63
57 58 65
57 61 62
57 61 63
57 62 65
58 65 67
64 65 67
66 68 73
66 71 73
70 72 73
71 72 73
