# Direct voxel-based tetrahedral mesh
# Grid: 1×1×1
# Vertices: 8
# Tetrahedra: 5

VERTICES
-1.100000 -1.100000 -1.100000
1.100000 -1.100000 -1.100000
-1.100000 1.100000 -1.100000
1.100000 1.100000 -1.100000
-1.100000 -1.100000 1.100000
1.100000 -1.100000 1.100000
-1.100000 1.100000 1.100000
1.100000 1.100000 1.100000

TETRAHEDRA
0 1 2 4
1 3 2 7
1 2 4 7
1 4 5 7
2 4 7 6

EDGES
0 1
0 2
0 4
1 2
1 3
1 4
1 5
1 7
2 3
2 4
2 6
2 7
3 7
4 5
4 6
4 7
5 7
6 7

SURFACE_TRIANGLES
4 7 6
2 6 7
0 2 1
0 4 2
2 7 3
1 5 4
0 1 4
1 3 7
1 2 3
2 4 6
1 7 5
4 5 7
