# Direct voxel-based tetrahedral mesh
# Grid: 16×16×16
# Vertices: 225
# Tetrahedra: 560

VERTICES
-0.390839 -0.195419 -1.367935
-0.195419 -0.195419 -1.367935
-0.390839 0.000000 -1.367935
-0.195419 0.000000 -1.367935
-0.390839 -0.195419 -1.172516
-0.195419 -0.195419 -1.172516
-0.390839 0.000000 -1.172516
-0.195419 0.000000 -1.172516
0.000000 -0.195419 -1.367935
0.000000 0.000000 -1.367935
0.000000 -0.195419 -1.172516
0.000000 0.000000 -1.172516
0.195419 -0.195419 -1.367935
0.195419 0.000000 -1.367935
0.195419 -0.195419 -1.172516
0.195419 0.000000 -1.172516
0.390839 -0.195419 -1.367935
0.390839 0.000000 -1.367935
0.390839 -0.195419 -1.172516
0.390839 0.000000 -1.172516
-0.390839 0.195419 -1.367935
-0.195419 0.195419 -1.367935
-0.390839 0.195419 -1.172516
-0.195419 0.195419 -1.172516
0.000000 0.195419 -1.367935
0.000000 0.195419 -1.172516
0.195419 0.195419 -1.367935
0.195419 0.195419 -1.172516
0.390839 0.195419 -1.367935
0.390839 0.195419 -1.172516
-0.390839 -0.195419 -0.977096
-0.195419 -0.195419 -0.977096
-0.390839 0.000000 -0.977096
-0.195419 0.000000 -0.977096
0.000000 -0.195419 -0.977096
0.000000 0.000000 -0.977096
0.195419 -0.195419 -0.977096
0.195419 0.000000 -0.977096
0.390839 -0.195419 -0.977096
0.390839 0.000000 -0.977096
-0.390839 0.195419 -0.977096
-0.195419 0.195419 -0.977096
0.000000 0.195419 -0.977096
0.195419 0.195419 -0.977096
0.390839 0.195419 -0.977096
-0.390839 -0.195419 -0.781677
-0.195419 -0.195419 -0.781677
-0.390839 0.000000 -0.781677
-0.195419 0.000000 -0.781677
0.000000 -0.195419 -0.781677
0.000000 0.000000 -0.781677
0.195419 -0.195419 -0.781677
0.195419 0.000000 -0.781677
0.390839 -0.195419 -0.781677
0.390839 0.000000 -0.781677
-0.390839 0.195419 -0.781677
-0.195419 0.195419 -0.781677
0.000000 0.195419 -0.781677
0.195419 0.195419 -0.781677
0.390839 0.195419 -0.781677
-0.390839 -0.195419 -0.586258
-0.195419 -0.195419 -0.586258
-0.390839 0.000000 -0.586258
-0.195419 0.000000 -0.586258
0.000000 -0.195419 -0.586258
0.000000 0.000000 -0.586258
0.195419 -0.195419 -0.586258
0.195419 0.000000 -0.586258
0.390839 -0.195419 -0.586258
0.390839 0.000000 -0.586258
-0.390839 0.195419 -0.586258
-0.195419 0.195419 -0.586258
0.000000 0.195419 -0.586258
0.195419 0.195419 -0.586258
0.390839 0.195419 -0.586258
-0.390839 -0.195419 -0.390839
-0.195419 -0.195419 -0.390839
-0.390839 0.000000 -0.390839
-0.195419 0.000000 -0.390839
0.000000 -0.195419 -0.390839
0.000000 0.000000 -0.390839
0.195419 -0.195419 -0.390839
0.195419 0.000000 -0.390839
0.390839 -0.195419 -0.390839
0.390839 0.000000 -0.390839
-0.390839 0.195419 -0.390839
-0.195419 0.195419 -0.390839
0.000000 0.195419 -0.390839
0.195419 0.195419 -0.390839
0.390839 0.195419 -0.390839
-0.390839 -0.195419 -0.195419
-0.195419 -0.195419 -0.195419
-0.390839 0.000000 -0.195419
-0.195419 0.000000 -0.195419
0.000000 -0.195419 -0.195419
0.000000 0.000000 -0.195419
0.195419 -0.195419 -0.195419
0.195419 0.000000 -0.195419
0.390839 -0.195419 -0.195419
0.390839 0.000000 -0.195419
-0.390839 0.195419 -0.195419
-0.195419 0.195419 -0.195419
0.000000 0.195419 -0.195419
0.195419 0.195419 -0.195419
0.390839 0.195419 -0.195419
-0.390839 -0.195419 0.000000
-0.195419 -0.195419 0.000000
-0.390839 0.000000 0.000000
-0.195419 0.000000 0.000000
0.000000 -0.195419 0.000000
0.000000 0.000000 0.000000
0.195419 -0.195419 0.000000
0.195419 0.000000 0.000000
0.390839 -0.195419 0.000000
0.390839 0.000000 0.000000
-0.390839 0.195419 0.000000
-0.195419 0.195419 0.000000
0.000000 0.195419 0.000000
0.195419 0.195419 0.000000
0.390839 0.195419 0.000000
-0.390839 -0.195419 0.195419
-0.195419 -0.195419 0.195419
-0.390839 0.000000 0.195419
-0.195419 0.000000 0.195419
0.000000 -0.195419 0.195419
0.000000 0.000000 0.195419
0.195419 -0.195419 0.195419
0.195419 0.000000 0.195419
0.390839 -0.195419 0.195419
0.390839 0.000000 0.195419
-0.390839 0.195419 0.195419
-0.195419 0.195419 0.195419
0.000000 0.195419 0.195419
0.195419 0.195419 0.195419
0.390839 0.195419 0.195419
-0.390839 -0.195419 0.390839
-0.195419 -0.195419 0.390839
-0.390839 0.000000 0.390839
-0.195419 0.000000 0.390839
0.000000 -0.195419 0.390839
0.000000 0.000000 0.390839
0.195419 -0.195419 0.390839
0.195419 0.000000 0.390839
0.390839 -0.195419 0.390839
0.390839 0.000000 0.390839
-0.390839 0.195419 0.390839
-0.195419 0.195419 0.390839
0.000000 0.195419 0.390839
0.195419 0.195419 0.390839
0.390839 0.195419 0.390839
-0.390839 -0.195419 0.586258
-0.195419 -0.195419 0.586258
-0.390839 0.000000 0.586258
-0.195419 0.000000 0.586258
0.000000 -0.195419 0.586258
0.000000 0.000000 0.586258
0.195419 -0.195419 0.586258
0.195419 0.000000 0.586258
0.390839 -0.195419 0.586258
0.390839 0.000000 0.586258
-0.390839 0.195419 0.586258
-0.195419 0.195419 0.586258
0.000000 0.195419 0.586258
0.195419 0.195419 0.586258
0.390839 0.195419 0.586258
-0.390839 -0.195419 0.781677
-0.195419 -0.195419 0.781677
-0.390839 0.000000 0.781677
-0.195419 0.000000 0.781677
0.000000 -0.195419 0.781677
0.000000 0.000000 0.781677
0.195419 -0.195419 0.781677
0.195419 0.000000 0.781677
0.390839 -0.195419 0.781677
0.390839 0.000000 0.781677
-0.390839 0.195419 0.781677
-0.195419 0.195419 0.781677
0.000000 0.195419 0.781677
0.195419 0.195419 0.781677
0.390839 0.195419 0.781677
-0.390839 -0.195419 0.977096
-0.195419 -0.195419 0.977096
-0.390839 0.000000 0.977096
-0.195419 0.000000 0.977096
0.000000 -0.195419 0.977096
0.000000 0.000000 0.977096
0.195419 -0.195419 0.977096
0.195419 0.000000 0.977096
0.390839 -0.195419 0.977096
0.390839 0.000000 0.977096
-0.390839 0.195419 0.977096
-0.195419 0.195419 0.977096
0.000000 0.195419 0.977096
0.195419 0.195419 0.977096
0.390839 0.195419 0.977096
-0.390839 -0.195419 1.172516
-0.195419 -0.195419 1.172516
-0.390839 0.000000 1.172516
-0.195419 0.000000 1.172516
0.000000 -0.195419 1.172516
0.000000 0.000000 1.172516
0.195419 -0.195419 1.172516
0.195419 0.000000 1.172516
0.390839 -0.195419 1.172516
0.390839 0.000000 1.172516
-0.390839 0.195419 1.172516
-0.195419 0.195419 1.172516
0.000000 0.195419 1.172516
0.195419 0.195419 1.172516
0.390839 0.195419 1.172516
-0.390839 -0.195419 1.367935
-0.195419 -0.195419 1.367935
-0.390839 0.000000 1.367935
-0.195419 0.000000 1.367935
0.000000 -0.195419 1.367935
0.000000 0.000000 1.367935
0.195419 -0.195419 1.367935
0.195419 0.000000 1.367935
0.390839 -0.195419 1.367935
0.390839 0.000000 1.367935
-0.390839 0.195419 1.367935
-0.195419 0.195419 1.367935
0.000000 0.195419 1.367935
0.195419 0.195419 1.367935
0.390839 0.195419 1.367935

TETRAHEDRA
0 1 2 4
1 3 2 7
1 2 4 7
1 4 5 7
2 4 7 6
1 8 9 10
1 9 3 7
1 5 10 7
9 10 11 7
1 10 9 7
8 12 9 10
12 13 9 15
12 9 10 15
12 10 14 15
9 10 15 11
12 16 17 18
12 17 13 15
12 14 18 15
17 18 19 15
12 18 17 15
2 3 21 7
2 21 20 22
2 6 7 22
21 7 23 22
2 7 21 22
3 9 21 7
9 24 21 25
9 21 7 25
9 7 11 25
21 7 25 23
9 13 26 15
9 26 24 25
9 11 15 25
26 15 27 25
9 15 26 25
91 94 95 109
91 95 93 108
91 106 109 108
95 109 110 108
91 109 95 108
94 96 95 109
96 97 95 112
96 95 109 112
96 109 111 112
95 109 112 110
96 98 99 113
96 99 97 112
96 111 113 112
99 113 114 112
96 113 99 112
92 93 101 108
92 101 100 115
92 107 108 115
101 108 116 115
92 108 101 115
93 95 101 108
95 102 101 117
95 101 108 117
95 108 110 117
101 108 117 116
196 199 198 211
199 200 198 215
199 198 211 215
199 211 214 215
198 211 215 213
95 97 103 112
95 103 102 117
95 110 112 117
103 112 118 117
95 112 103 117
199 201 202 216
199 202 200 215
199 214 216 215
202 216 217 215
199 216 202 215
97 99 103 112
99 104 103 119
99 103 112 119
99 112 114 119
103 112 119 118
201 203 202 216
203 204 202 219
203 202 216 219
203 216 218 219
202 216 219 217
197 198 205 212
198 206 205 221
198 205 212 221
198 212 213 221
205 212 221 220
198 200 207 215
198 207 206 221
198 213 215 221
207 215 222 221
198 215 207 221
105 106 108 121
105 108 107 122
105 120 121 122
108 121 123 122
105 121 108 122
125 127 133 142
125 133 132 147
125 140 142 147
133 142 148 147
125 142 133 147
138 140 147 155
138 147 146 161
138 153 155 161
147 155 162 161
138 155 147 161
106 109 108 121
109 110 108 125
109 108 121 125
109 121 124 125
108 121 125 123
127 129 133 142
129 134 133 149
129 133 142 149
129 142 144 149
133 142 149 148
140 142 147 155
142 148 147 163
142 147 155 163
142 155 157 163
147 155 163 162
109 111 112 126
109 112 110 125
109 124 126 125
112 126 127 125
109 126 112 125
200 202 207 215
202 208 207 223
202 207 215 223
202 215 217 223
207 215 223 222
142 144 149 159
142 149 148 163
142 157 159 163
149 159 164 163
142 159 149 163
47 48 55 62
48 56 55 71
48 55 62 71
48 62 63 71
55 62 71 70
150 151 152 165
151 153 152 168
151 152 165 168
151 165 166 168
152 165 168 167
135 136 138 151
135 138 137 152
135 150 151 152
138 151 153 152
135 151 138 152
202 204 209 219
202 209 208 223
202 217 219 223
209 219 224 223
202 219 209 223
111 113 112 126
113 114 112 129
113 112 126 129
113 126 128 129
112 126 129 127
151 154 155 169
151 155 153 168
151 166 169 168
155 169 170 168
151 169 155 168
48 50 57 65
48 57 56 71
48 63 65 71
57 65 72 71
48 65 57 71
107 108 115 122
108 116 115 131
108 115 122 131
108 122 123 131
115 122 131 130
136 139 138 151
139 140 138 155
139 138 151 155
139 151 154 155
138 151 155 153
11 15 25 35
15 27 25 43
15 25 35 43
15 35 37 43
25 35 43 42
50 52 57 65
52 58 57 73
52 57 65 73
52 65 67 73
57 65 73 72
139 141 142 156
139 142 140 155
139 154 156 155
142 156 157 155
139 156 142 155
15 19 29 39
15 29 27 43
15 37 39 43
29 39 44 43
15 39 29 43
52 54 59 69
52 59 58 73
52 67 69 73
59 69 74 73
52 69 59 73
13 17 26 15
17 28 26 29
17 26 15 29
17 15 19 29
26 15 29 27
30 31 32 45
31 33 32 48
31 32 45 48
31 45 46 48
32 45 48 47
60 61 62 75
61 63 62 78
61 62 75 78
61 75 76 78
62 75 78 77
108 110 117 125
108 117 116 131
108 123 125 131
117 125 132 131
108 125 117 131
154 156 155 169
156 157 155 172
156 155 169 172
156 169 171 172
155 169 172 170
152 153 161 168
152 161 160 175
152 167 168 175
161 168 176 175
152 168 161 175
4 5 7 31
4 7 6 32
4 30 31 32
7 31 33 32
4 31 7 32
156 158 159 173
156 159 157 172
156 171 173 172
159 173 174 172
156 173 159 172
31 34 35 49
31 35 33 48
31 46 49 48
35 49 50 48
31 49 35 48
141 143 142 156
143 144 142 159
143 142 156 159
143 156 158 159
142 156 159 157
110 112 117 125
112 118 117 133
112 117 125 133
112 125 127 133
117 125 133 132
61 64 65 79
61 65 63 78
61 76 79 78
65 79 80 78
61 79 65 78
5 10 7 31
10 11 7 35
10 7 31 35
10 31 34 35
7 31 35 33
153 155 161 168
155 162 161 177
155 161 168 177
155 168 170 177
161 168 177 176
64 66 65 79
66 67 65 82
66 65 79 82
66 79 81 82
65 79 82 80
137 138 145 152
138 146 145 161
138 145 152 161
138 152 153 161
145 152 161 160
155 157 163 172
155 163 162 177
155 170 172 177
163 172 178 177
155 172 163 177
112 114 119 129
112 119 118 133
112 127 129 133
119 129 134 133
112 129 119 133
34 36 35 49
36 37 35 52
36 35 49 52
36 49 51 52
35 49 52 50
157 159 163 172
159 164 163 179
159 163 172 179
159 172 174 179
163 172 179 178
10 14 15 36
10 15 11 35
10 34 36 35
15 36 37 35
10 36 15 35
120 121 122 135
121 123 122 138
121 122 135 138
121 135 136 138
122 135 138 137
165 166 168 181
165 168 167 182
165 180 181 182
168 181 183 182
165 181 168 182
14 18 15 36
18 19 15 39
18 15 36 39
18 36 38 39
15 36 39 37
121 124 125 139
121 125 123 138
121 136 139 138
125 139 140 138
121 139 125 138
36 38 39 53
36 39 37 52
36 51 53 52
39 53 54 52
36 53 39 52
124 126 125 139
126 127 125 142
126 125 139 142
126 139 141 142
125 139 142 140
32 33 41 48
32 41 40 55
32 47 48 55
41 48 56 55
32 48 41 55
126 128 129 143
126 129 127 142
126 141 143 142
129 143 144 142
126 143 129 142
166 169 168 181
169 170 168 185
169 168 181 185
169 181 184 185
168 181 185 183
169 171 172 186
169 172 170 185
169 184 186 185
172 186 187 185
169 186 172 185
6 7 22 32
7 23 22 41
7 22 32 41
7 32 33 41
22 32 41 40
122 123 131 138
122 131 130 145
122 137 138 145
131 138 146 145
122 138 131 145
7 11 25 35
7 25 23 41
7 33 35 41
25 35 42 41
7 35 25 41
123 125 131 138
125 132 131 147
125 131 138 147
125 138 140 147
131 138 147 146
171 173 172 186
173 174 172 189
173 172 186 189
173 186 188 189
172 186 189 187
167 168 175 182
168 176 175 191
168 175 182 191
168 182 183 191
175 182 191 190
168 170 177 185
168 177 176 191
168 183 185 191
177 185 192 191
168 185 177 191
170 172 177 185
172 178 177 193
172 177 185 193
172 185 187 193
177 185 193 192
172 174 179 189
172 179 178 193
172 187 189 193
179 189 194 193
172 189 179 193
180 181 182 195
181 183 182 198
181 182 195 198
181 195 196 198
182 195 198 197
181 184 185 199
181 185 183 198
181 196 199 198
185 199 200 198
181 199 185 198
79 81 82 96
79 82 80 95
79 94 96 95
82 96 97 95
79 96 82 95
81 83 82 96
83 84 82 99
83 82 96 99
83 96 98 99
82 96 99 97
77 78 85 92
78 86 85 101
78 85 92 101
78 92 93 101
85 92 101 100
78 80 87 95
78 87 86 101
78 93 95 101
87 95 102 101
78 95 87 101
80 82 87 95
82 88 87 103
82 87 95 103
82 95 97 103
87 95 103 102
82 84 89 99
82 89 88 103
82 97 99 103
89 99 104 103
82 99 89 103
90 91 92 105
91 93 92 108
91 92 105 108
91 105 106 108
92 105 108 107
184 186 185 199
186 187 185 202
186 185 199 202
186 199 201 202
185 199 202 200
186 188 189 203
186 189 187 202
186 201 203 202
189 203 204 202
186 203 189 202
182 183 191 198
182 191 190 205
182 197 198 205
191 198 206 205
182 198 191 205
183 185 191 198
185 192 191 207
185 191 198 207
185 198 200 207
191 198 207 206
185 187 193 202
185 193 192 207
185 200 202 207
193 202 208 207
185 202 193 207
187 189 193 202
189 194 193 209
189 193 202 209
189 202 204 209
193 202 209 208
195 196 198 211
195 198 197 212
195 210 211 212
198 211 213 212
195 211 198 212
66 68 69 83
66 69 67 82
66 81 83 82
69 83 84 82
66 83 69 82
62 63 71 78
62 71 70 85
62 77 78 85
71 78 86 85
62 78 71 85
63 65 71 78
65 72 71 87
65 71 78 87
65 78 80 87
71 78 87 86
65 67 73 82
65 73 72 87
65 80 82 87
73 82 88 87
65 82 73 87
67 69 73 82
69 74 73 89
69 73 82 89
69 82 84 89
73 82 89 88
75 76 78 91
75 78 77 92
75 90 91 92
78 91 93 92
75 91 78 92
76 79 78 91
79 80 78 95
79 78 91 95
79 91 94 95
78 91 95 93
33 35 41 48
35 42 41 57
35 41 48 57
35 48 50 57
41 48 57 56
35 37 43 52
35 43 42 57
35 50 52 57
43 52 58 57
35 52 43 57
37 39 43 52
39 44 43 59
39 43 52 59
39 52 54 59
43 52 59 58
45 46 48 61
45 48 47 62
45 60 61 62
48 61 63 62
45 61 48 62
46 49 48 61
49 50 48 65
49 48 61 65
49 61 64 65
48 61 65 63
49 51 52 66
49 52 50 65
49 64 66 65
52 66 67 65
49 66 52 65
51 53 52 66
53 54 52 69
53 52 66 69
53 66 68 69
52 66 69 67

EDGES
0 1
0 2
0 4
1 2
1 3
1 4
1 5
1 7
1 8
1 9
1 10
2 3
2 4
2 6
2 7
2 20
2 21
2 22
3 7
3 9
3 21
4 5
4 6
4 7
4 30
4 31
4 32
5 7
5 10
5 31
6 7
6 22
6 32
7 9
7 10
7 11
7 21
7 22
7 23
7 25
7 31
7 32
7 33
7 35
7 41
8 9
8 10
8 12
9 10
9 11
9 12
9 13
9 15
9 21
9 24
9 25
9 26
10 11
10 12
10 14
10 15
10 31
10 34
10 35
10 36
11 15
11 25
11 35
12 13
12 14
12 15
12 16
12 17
12 18
13 15
13 17
13 26
14 15
14 18
14 36
15 17
15 18
15 19
15 25
15 26
15 27
15 29
15 35
15 36
15 37
15 39
15 43
16 17
16 18
17 18
17 19
17 26
17 28
17 29
18 19
18 36
18 38
18 39
19 29
19 39
20 21
20 22
21 22
21 23
21 24
21 25
22 23
22 32
22 40
22 41
23 25
23 41
24 25
24 26
25 26
25 27
25 35
25 41
25 42
25 43
26 27
26 28
26 29
27 29
27 43
28 29
29 39
29 43
29 44
30 31
30 32
30 45
31 32
31 33
31 34
31 35
31 45
31 46
31 48
31 49
32 33
32 40
32 41
32 45
32 47
32 48
32 55
33 35
33 41
33 48
34 35
34 36
34 49
35 36
35 37
35 41
35 42
35 43
35 48
35 49
35 50
35 52
35 57
36 37
36 38
36 39
36 49
36 51
36 52
36 53
37 39
37 43
37 52
38 39
38 53
39 43
39 44
39 52
39 53
39 54
39 59
40 41
40 55
41 42
41 48
41 55
41 56
41 57
42 43
42 57
43 44
43 52
43 57
43 58
43 59
44 59
45 46
45 47
45 48
45 60
45 61
45 62
46 48
46 49
46 61
47 48
47 55
47 62
48 49
48 50
48 55
48 56
48 57
48 61
48 62
48 63
48 65
48 71
49 50
49 51
49 52
49 61
49 64
49 65
49 66
50 52
50 57
50 65
51 52
51 53
51 66
52 53
52 54
52 57
52 58
52 59
52 65
52 66
52 67
52 69
52 73
53 54
53 66
53 68
53 69
54 59
54 69
55 56
55 62
55 70
55 71
56 57
56 71
57 58
57 65
57 71
57 72
57 73
58 59
58 73
59 69
59 73
59 74
60 61
60 62
60 75
61 62
61 63
61 64
61 65
61 75
61 76
61 78
61 79
62 63
62 70
62 71
62 75
62 77
62 78
62 85
63 65
63 71
63 78
64 65
64 66
64 79
65 66
65 67
65 71
65 72
65 73
65 78
65 79
65 80
65 82
65 87
66 67
66 68
66 69
66 79
66 81
66 82
66 83
67 69
67 73
67 82
68 69
68 83
69 73
69 74
69 82
69 83
69 84
69 89
70 71
70 85
71 72
71 78
71 85
71 86
71 87
72 73
72 87
73 74
73 82
73 87
73 88
73 89
74 89
75 76
75 77
75 78
75 90
75 91
75 92
76 78
76 79
76 91
77 78
77 85
77 92
78 79
78 80
78 85
78 86
78 87
78 91
78 92
78 93
78 95
78 101
79 80
79 81
79 82
79 91
79 94
79 95
79 96
80 82
80 87
80 95
81 82
81 83
81 96
82 83
82 84
82 87
82 88
82 89
82 95
82 96
82 97
82 99
82 103
83 84
83 96
83 98
83 99
84 89
84 99
85 86
85 92
85 100
85 101
86 87
86 101
87 88
87 95
87 101
87 102
87 103
88 89
88 103
89 99
89 103
89 104
90 91
90 92
90 105
91 92
91 93
91 94
91 95
91 105
91 106
91 108
91 109
92 93
92 100
92 101
92 105
92 107
92 108
92 115
93 95
93 101
93 108
94 95
94 96
94 109
95 96
95 97
95 101
95 102
95 103
95 108
95 109
95 110
95 112
95 117
96 97
96 98
96 99
96 109
96 111
96 112
96 113
97 99
97 103
97 112
98 99
98 113
99 103
99 104
99 112
99 113
99 114
99 119
100 101
100 115
101 102
101 108
101 115
101 116
101 117
102 103
102 117
103 104
103 112
103 117
103 118
103 119
104 119
105 106
105 107
105 108
105 120
105 121
105 122
106 108
106 109
106 121
107 108
107 115
107 122
108 109
108 110
108 115
108 116
108 117
108 121
108 122
108 123
108 125
108 131
109 110
109 111
109 112
109 121
109 124
109 125
109 126
110 112
110 117
110 125
111 112
111 113
111 126
112 113
112 114
112 117
112 118
112 119
112 125
112 126
112 127
112 129
112 133
113 114
113 126
113 128
113 129
114 119
114 129
115 116
115 122
115 130
115 131
116 117
116 131
117 118
117 125
117 131
117 132
117 133
118 119
118 133
119 129
119 133
119 134
120 121
120 122
120 135
121 122
121 123
121 124
121 125
121 135
121 136
121 138
121 139
122 123
122 130
122 131
122 135
122 137
122 138
122 145
123 125
123 131
123 138
124 125
124 126
124 139
125 126
125 127
125 131
125 132
125 133
125 138
125 139
125 140
125 142
125 147
126 127
126 128
126 129
126 139
126 141
126 142
126 143
127 129
127 133
127 142
128 129
128 143
129 133
129 134
129 142
129 143
129 144
129 149
130 131
130 145
131 132
131 138
131 145
131 146
131 147
132 133
132 147
133 134
133 142
133 147
133 148
133 149
134 149
135 136
135 137
135 138
135 150
135 151
135 152
136 138
136 139
136 151
137 138
137 145
137 152
138 139
138 140
138 145
138 146
138 147
138 151
138 152
138 153
138 155
138 161
139 140
139 141
139 142
139 151
139 154
139 155
139 156
140 142
140 147
140 155
141 142
141 143
141 156
142 143
142 144
142 147
142 148
142 149
142 155
142 156
142 157
142 159
142 163
143 144
143 156
143 158
143 159
144 149
144 159
145 146
145 152
145 160
145 161
146 147
146 161
147 148
147 155
147 161
147 162
147 163
148 149
148 163
149 159
149 163
149 164
150 151
150 152
150 165
151 152
151 153
151 154
151 155
151 165
151 166
151 168
151 169
152 153
152 160
152 161
152 165
152 167
152 168
152 175
153 155
153 161
153 168
154 155
154 156
154 169
155 156
155 157
155 161
155 162
155 163
155 168
155 169
155 170
155 172
155 177
156 157
156 158
156 159
156 169
156 171
156 172
156 173
157 159
157 163
157 172
158 159
158 173
159 163
159 164
159 172
159 173
159 174
159 179
160 161
160 175
161 162
161 168
161 175
161 176
161 177
162 163
162 177
163 164
163 172
163 177
163 178
163 179
164 179
165 166
165 167
165 168
165 180
165 181
165 182
166 168
166 169
166 181
167 168
167 175
167 182
168 169
168 170
168 175
168 176
168 177
168 181
168 182
168 183
168 185
168 191
169 170
169 171
169 172
169 181
169 184
169 185
169 186
170 172
170 177
170 185
171 172
171 173
171 186
172 173
172 174
172 177
172 178
172 179
172 185
172 186
172 187
172 189
172 193
173 174
173 186
173 188
173 189
174 179
174 189
175 176
175 182
175 190
175 191
176 177
176 191
177 178
177 185
177 191
177 192
177 193
178 179
178 193
179 189
179 193
179 194
180 181
180 182
180 195
181 182
181 183
181 184
181 185
181 195
181 196
181 198
181 199
182 183
182 190
182 191
182 195
182 197
182 198
182 205
183 185
183 191
183 198
184 185
184 186
184 199
185 186
185 187
185 191
185 192
185 193
185 198
185 199
185 200
185 202
185 207
186 187
186 188
186 189
186 199
186 201
186 202
186 203
187 189
187 193
187 202
188 189
188 203
189 193
189 194
189 202
189 203
189 204
189 209
190 191
190 205
191 192
191 198
191 205
191 206
191 207
192 193
192 207
193 194
193 202
193 207
193 208
193 209
194 209
195 196
195 197
195 198
195 210
195 211
195 212
196 198
196 199
196 211
197 198
197 205
197 212
198 199
198 200
198 205
198 206
198 207
198 211
198 212
198 213
198 215
198 221
199 200
199 201
199 202
199 211
199 214
199 215
199 216
200 202
200 207
200 215
201 202
201 203
201 216
202 203
202 204
202 207
202 208
202 209
202 215
202 216
202 217
202 219
202 223
203 204
203 216
203 218
203 219
204 209
204 219
205 206
205 212
205 220
205 221
206 207
206 221
207 208
207 215
207 221
207 222
207 223
208 209
208 223
209 219
209 223
209 224
210 211
210 212
211 212
211 213
211 214
211 215
212 213
212 220
212 221
213 215
213 221
214 215
214 216
215 216
215 217
215 221
215 222
215 223
216 217
216 218
216 219
217 219
217 223
218 219
219 223
219 224
220 221
221 222
222 223
223 224

SURFACE_TRIANGLES
53 68 66
53 54 69
51 53 66
49 66 64
49 51 66
46 49 61
45 60 62
45 62 47
45 46 61
43 58 59
39 59 54
39 44 59
43 57 58
42 57 43
41 56 57
49 64 61
41 57 42
79 94 91
75 92 77
75 76 91
73 89 74
69 74 89
73 87 88
71 86 87
71 85 86
70 85 71
62 85 70
69 84 83
66 83 81
68 69 83
211 213 212
210 211 212
195 210 212
195 211 210
193 208 209
189 209 204
189 194 209
192 207 193
191 205 206
182 197 205
190 205 191
189 204 203
186 203 201
188 189 203
186 188 203
186 201 199
184 186 199
92 105 107
91 106 105
90 91 105
53 69 68
145 160 161
47 62 55
57 72 73
4 32 6
101 115 116
73 88 89
115 130 131
115 131 116
45 61 60
57 71 72
147 161 162
207 222 223
139 154 151
113 129 128
219 224 223
209 223 224
208 223 209
92 107 115
135 150 152
135 151 150
148 163 149
135 152 137
17 26 28
8 12 10
136 139 151
122 135 137
211 215 213
150 151 165
55 62 70
151 169 166
215 222 221
149 164 159
72 87 73
131 145 146
144 149 159
23 41 25
147 162 163
55 71 56
133 148 149
129 149 144
161 175 176
105 106 121
32 47 55
109 111 126
215 216 217
106 109 121
169 184 181
151 154 169
216 218 219
195 212 197
146 161 147
133 147 148
99 104 119
173 189 188
207 221 222
216 219 217
105 120 122
105 122 107
129 144 143
199 214 211
206 221 207
29 44 39
1 10 5
163 177 178
191 206 207
2 22 20
2 4 6
12 16 18
156 158 173
116 131 117
2 20 21
197 212 205
165 166 181
212 221 220
181 196 195
173 174 189
75 91 90
103 119 104
167 182 175
147 163 148
139 156 154
114 119 129
18 39 38
201 203 216
21 25 24
1 9 8
129 134 149
103 117 118
22 41 23
217 219 223
25 43 27
163 179 164
207 223 208
162 177 163
2 6 22
60 75 62
85 101 86
161 177 162
20 22 21
115 122 130
92 115 100
12 18 14
158 159 173
103 118 119
83 99 98
9 21 24
30 45 32
191 207 192
2 21 3
96 113 111
122 145 130
1 8 10
86 101 87
59 73 74
0 2 1
12 17 16
56 71 57
181 184 199
99 119 114
91 109 106
25 42 43
199 216 214
1 2 3
60 61 75
101 117 102
204 209 219
151 166 165
99 114 113
212 213 221
3 21 9
141 143 156
66 68 83
113 114 129
180 181 195
25 27 26
205 220 221
9 26 13
94 96 109
113 128 126
8 9 12
182 205 190
79 96 94
166 169 181
24 25 26
149 163 164
205 212 220
132 147 133
120 121 135
12 13 17
16 17 18
17 19 18
203 204 219
90 105 92
131 146 147
213 215 221
18 38 36
117 132 133
139 141 156
100 115 101
107 122 115
215 217 223
169 171 186
61 64 79
62 77 85
10 12 14
101 116 117
17 28 29
85 100 101
196 199 211
41 55 56
105 121 120
137 152 145
179 193 194
150 165 152
87 101 102
203 218 216
135 136 151
180 195 182
91 94 109
109 126 124
215 223 222
205 221 206
0 4 2
19 29 39
43 59 44
27 43 29
111 113 126
29 43 44
54 59 69
58 73 59
98 99 113
38 39 53
69 89 84
59 74 69
13 26 17
30 31 45
209 224 219
26 29 28
211 214 215
133 149 134
17 29 19
26 27 29
214 216 215
31 46 45
193 209 194
32 55 40
75 90 92
57 73 58
182 195 197
171 173 186
203 219 218
61 76 75
199 201 216
9 24 26
62 75 77
178 193 179
117 131 132
159 164 179
154 156 169
21 22 23
156 171 169
10 34 31
1 5 4
152 175 160
160 175 161
152 167 175
4 5 31
4 30 32
143 158 156
195 196 211
0 1 4
76 79 91
156 173 171
159 174 173
64 66 79
31 34 49
119 133 134
31 49 46
121 124 139
173 188 186
109 124 121
143 144 159
143 159 158
117 133 118
102 117 103
61 79 76
5 10 31
161 176 177
39 54 53
32 45 47
85 92 100
66 81 79
4 31 30
96 111 109
145 161 146
145 152 160
71 87 72
119 134 129
34 36 49
1 3 9
36 51 49
96 98 113
159 179 174
87 102 103
163 178 179
10 14 36
181 199 196
10 36 34
121 136 135
165 182 167
165 181 180
165 180 182
14 18 36
18 19 39
121 139 136
36 38 53
36 53 51
124 126 139
126 141 139
40 55 41
126 128 143
152 165 167
128 129 143
126 143 141
169 186 184
6 32 22
122 137 145
22 32 40
22 40 41
87 103 88
130 145 131
25 41 42
131 147 132
118 133 119
175 191 176
175 182 190
175 190 191
21 23 25
176 191 177
177 191 192
177 193 178
81 83 96
177 192 193
193 207 208
174 179 189
179 194 189
9 13 12
79 81 96
89 103 104
120 135 122
83 98 96
55 70 71
77 92 85
89 104 99
83 84 99
84 89 99
88 103 89
