VERTICES
-1.23857 -0.858321 -1.75558
-1.47016 -0.75696 -1.56776
-1.38393 -0.41566 -2.32792
-1.73487 -0.329712 -1.61268
-1.44062 -0.733975 -1.21366
-1.74031 -0.176276 -1.40619
-1.81509 0.0059985 -1.48563
-1.36493 -0.199195 -1.0834
-1.53141 -0.0322277 -2.55664
-1.56096 -0.0813536 -2.523
-1.03078 -1.17972 -0.933971
-1.02899 -1.1107 -1.39121
-0.941975 -1.23264 -0.995434
-0.876566 -1.09262 -1.50616
-0.738942 -1.1926 -1.33265
-1.14416 -0.278521 -2.23203
-1.02768 -0.802776 -1.89878
-0.743952 -0.250744 -1.45962
-0.7232 -0.542296 -1.21374
-0.563866 -0.451012 -0.792754
-1.79693 -0.609385 -0.492092
-1.66557 -0.68488 -0.36118
-1.80707 -1.04608 -0.286136
-1.65388 -0.983313 -0.310456
-1.54142 -0.472746 -0.292702
-2.08988 -0.220774 -0.641207
-2.15531 -0.163832 -0.533721
-1.82457 -0.361068 -0.6042
-1.61964 -0.173706 -0.387219
-1.29146 -0.312844 -0.212063
-0.958252 -1.10602 -0.776973
-0.821528 -1.00648 -0.506014
-0.600938 -1.27329 -0.586406
-0.457539 -0.798201 -0.765264
-0.512401 -1.23401 -0.514218
-1.06715 -0.773834 -0.76983
-0.925945 -0.55713 -0.47459
-0.810319 -0.711779 -0.360194
-1.13012 -0.111663 -0.670215
-1.161 -0.0141284 -0.22617
-1.0035 -0.209012 -0.494335
-1.52549 -1.71777 0.610076
-1.55171 -1.17491 -0.174967
-1.39981 -1.61642 0.165196
-1.35807 -1.44911 0.0850436
-1.37612 -1.49011 0.571007
-1.32474 -1.22129 0.0920779
-1.23092 -1.05201 0.243021
-1.3281 -1.47975 0.334072
-1.30998 -1.64009 0.347812
-0.987665 -0.96656 0.659647
-1.67682 -1.52242 0.861717
-1.4219 -1.39456 0.760482
-2.01248 -1.0338 0.983819
-1.73941 -1.45938 0.942093
-1.40898 -1.06656 1.23086
-1.35609 -1.32551 0.930149
-1.12999 -1.26871 1.11042
-1.296 -1.1831 0.70687
-0.863598 -1.01079 0.880464
-0.500163 -1.07718 1.25648
-1.99078 -0.919422 0.0453905
-2.20848 -0.471417 0.207239
-1.19699 -0.179207 -0.103202
-2.24883 -0.0437522 0.283517
-1.17842 -0.084728 -0.070044
-1.15672 -0.0135052 -0.130255
-0.770543 -0.400391 -0.0465573
-1.01547 -0.725669 0.36565
-0.449885 -0.360146 0.196911
-0.702369 -0.242573 0.0929815
-0.929598 0.00480978 0.422156
-0.913703 -0.641293 0.531208
-2.13477 -0.45621 0.958272
-0.9579 -0.897311 0.578495
-0.735406 -0.716505 0.835274
-0.491957 -0.911856 1.3544
-0.554038 -0.0548541 0.425003
-0.617822 -0.193918 0.911721
-0.46135 -0.91388 1.27449
-0.481344 -0.890146 1.2091
-0.441015 -0.800117 1.31222
-1.94886 0.439444 -1.3366
-1.91178 0.464731 -1.44981
-1.89029 0.308128 -1.54028
-1.78701 0.385732 -2.50635
-1.89545 0.560761 -1.29482
-1.52941 0.52313 -2.74393
-1.18675 0.328148 -2.33026
-1.71807 0.448381 -1.23101
-1.5414 0.19783 -1.21263
-0.678626 0.570954 -1.56183
-1.91232 0.403235 -1.11024
-1.77821 0.61509 -1.16091
-1.96627 0.126129 -0.997958
-1.80477 0.14144 -0.746659
-1.72353 0.470111 -0.834377
-1.43449 0.249613 -1.09445
-1.48906 0.249893 -1.09057
-1.41384 0.258621 -0.989766
-1.59114 0.355726 -0.761182
-1.57554 0.39251 -0.986187
-1.7066 0.647934 -2.77574
-1.77351 0.730692 -2.55813
-1.52377 0.898039 -2.83595
-1.81653 1.06076 -1.90078
-1.61541 1.12856 -2.57602
-1.42364 1.14161 -2.80951
-1.20748 0.943265 -2.57564
-1.3608 1.77681 -1.6693
-0.939489 0.85535 -1.9498
-1.27791 1.76675 -1.7098
-1.98725 0.647543 -1.50875
-1.69771 1.48332 -1.61503
-2.10975 1.14642 -0.896049
-1.83543 1.72512 -0.886626
-1.08149 2.34937 -0.761491
-1.05469 1.68879 -1.54442
-0.9665 1.99438 -1.15508
-1.05284 2.13689 -1.06606
-0.596055 0.968487 -0.984512
-0.772322 1.12257 -1.12561
-0.751886 2.2923 -0.825552
-1.6582 0.261379 -0.614185
-1.41702 0.221756 -0.666915
-2.29915 0.687141 -0.219303
-1.50171 0.146422 -0.550737
-2.27651 1.11986 -0.0628511
-2.32484 0.347253 -0.0548514
-1.78642 0.113383 1.15051
-2.23328 0.889367 0.352397
-2.06367 0.553103 0.758399
-1.73172 0.723878 0.999638
-2.22876 1.12529 -0.485795
-2.1428 1.50293 -0.0406174
-1.60373 2.09593 -0.66208
-1.96522 1.78462 -0.373639
-1.6416 2.09843 -0.372505
-1.94725 1.15776 0.676097
-1.79404 1.67504 0.378047
-1.76485 1.20533 0.797341
-1.20781 2.22455 0.0506787
-1.19416 1.44357 0.907226
-1.16041 0.0364698 -0.139989
-1.15376 0.104533 -0.560296
-1.12604 0.0165865 -0.644844
-1.06409 0.113339 -0.520011
-0.921261 0.0313063 -0.0832195
-0.893525 0.0951659 0.321153
-0.629777 0.0823177 0.753409
-0.700417 0.0963092 0.369177
-0.869826 0.115905 0.406871
-0.703643 0.140409 0.455225
-0.472042 2.33999 -0.399631
-1.05428 0.162688 -0.023706
-1.08486 2.40442 -0.316173
-0.781132 2.39629 0.018564
-0.462358 2.35735 -0.00971594
-0.941063 0.196732 0.0787419
-0.488885 0.141098 0.578149
-0.857349 2.13778 0.388044
-1.18084 0.843085 1.22991
-0.637029 0.176524 1.44587
-0.561242 0.92167 1.23778
-0.329363 -1.31765 -1.00997
0.0956593 -1.3721 -0.929006
-0.323405 -1.38725 -0.324121
-0.181427 -1.71344 -0.239933
-0.0637927 -1.53491 -0.737549
0.333828 -1.89912 -0.062159
0.238453 -1.80896 0.279008
-0.214443 -1.48293 -0.175395
0.00165421 -1.7277 -0.152353
0.0766998 -1.79452 -0.00978473
-0.0946619 -1.02481 -0.72167
0.438591 -1.08952 -0.482103
-0.188702 -0.762562 -0.619998
-0.387705 -0.685187 -0.239504
0.166199 -0.449345 -0.522107
-0.257687 -0.91586 -0.00648251
-0.27643 -0.52192 0.0937872
-0.0146534 -1.20414 0.174026
-0.185634 -0.548279 0.279322
-0.0733041 -0.531438 0.395344
0.486476 -1.6133 -0.526206
0.492177 -1.39497 -0.740857
0.617365 -1.49518 -0.711213
0.850968 -1.35635 -0.489172
1.93257 -1.36337 -0.132884
0.633375 -1.84402 0.0962928
0.514955 -1.91065 0.251666
1.07308 -1.51608 -0.0905608
1.13084 -1.34754 -0.0492003
1.77894 -1.514 0.330645
1.39725 -1.27705 -0.123838
2.25218 -1.27536 -0.0332204
0.595356 -0.711793 -0.310337
0.742097 -0.530344 -0.130843
1.83053 -1.25452 -0.14807
1.0154 -1.17527 0.102401
1.4061 -1.05238 0.079543
1.01661 -0.65768 0.0428848
1.25382 -0.62586 0.102673
2.59286 -1.31417 0.105073
2.18484 -0.589145 0.364992
0.239401 -1.73143 0.550801
0.283896 -1.65375 0.67261
0.776623 -1.77172 0.523372
2.66867 -1.02585 0.481365
2.71149 -1.49257 0.679491
2.97462 -0.891673 0.50509
3.10156 -1.42699 0.495574
3.08186 -1.25692 0.506464
3.35841 -1.3325 0.62201
3.47078 -1.14524 0.585464
0.225567 -1.31521 0.874564
0.363618 -1.45637 0.90295
0.0604576 -0.907491 1.1907
0.105231 -1.06367 1.13718
0.0955154 -0.984534 1.31266
1.20567 -1.59352 0.790427
2.30437 -1.3924 1.19396
3.31371 -1.30142 0.772869
0.479276 -1.22677 1.19735
3.23057 -1.03219 0.923818
-0.239557 -0.45311 0.417533
-0.00799995 -0.497428 0.901971
-0.178462 -0.333672 0.709126
-0.100795 -0.385753 0.820215
-0.0614746 -0.385937 0.947774
0.0603892 -0.891315 0.574411
3.08671 -0.386946 0.560755
3.43488 -0.488124 0.598726
3.52255 -0.715092 0.597866
3.50094 -0.584191 0.779911
-0.00483657 -0.578677 1.04091
0.0438584 -0.833009 1.12325
-0.335883 -0.408013 1.33695
0.284232 -0.835416 1.47405
0.13815 -0.5798 1.42716
0.985645 -0.810051 1.40133
1.38319 -0.771423 1.44638
0.828118 -0.6062 1.56261
2.55117 -0.644711 1.21695
3.18401 -0.336424 1.00714
2.19996 -0.441406 1.31545
-0.435489 0.128761 -1.26033
-0.340509 0.30694 -1.24301
-0.282919 -0.046953 -0.479547
-0.0967247 0.201452 -1.05484
-0.0903875 0.00403657 -0.2882
0.179239 0.158061 -0.795815
0.666718 0.332622 -0.578686
0.67931 0.152547 -0.216781
0.90036 0.356461 -0.391997
1.18614 0.429074 -0.352902
0.884722 0.153862 -0.0362873
1.3951 0.381323 -0.0950118
0.742405 -0.197538 0.0969496
1.28845 -0.110481 0.291238
1.24314 0.165127 -0.0304047
1.70444 -0.109948 0.267336
2.45502 -0.120635 0.36895
1.57591 0.18465 0.0218333
1.66475 0.143556 0.448012
1.74805 0.219995 0.365214
-0.381702 0.572686 -1.19781
-0.0496408 0.673961 -0.949365
-0.363081 2.07138 -0.610069
-0.243548 1.48136 -0.500277
0.0991915 2.03079 -0.332215
0.309739 0.464872 -0.785922
0.906837 0.500432 -0.4294
0.47309 0.885124 -0.345536
1.07248 0.754844 -0.338003
0.694895 0.757136 -0.356194
0.338634 1.69273 -0.195388
0.356047 1.83554 -0.145384
-0.305126 2.30148 0.133092
0.204552 1.9656 0.4169
-0.137856 2.26801 -0.0397564
0.629364 0.89114 -0.172534
0.501998 1.64852 0.0949439
0.384426 1.89027 0.126853
1.3125 0.557491 -0.268663
0.760296 1.06697 0.234788
1.35614 0.78167 0.322418
-0.381647 -0.251915 0.531294
-0.24199 -0.210008 0.738297
1.91508 0.247417 0.805656
-0.39544 0.0885197 0.880652
-0.1517 0.00576509 0.97652
1.087 0.874416 0.599424
0.678771 1.15369 0.684074
1.49528 0.575692 0.975096
1.77548 0.597531 0.684703
1.19891 0.790164 0.888003
3.09384 -0.0879729 0.612446
2.43489 0.183207 0.595943
3.51409 -0.101833 0.893933
3.38053 0.012858 0.654566
3.60487 -0.0624693 0.67889
2.81424 0.245295 0.648466
3.56407 0.186328 0.846436
3.57447 0.198626 0.761322
2.6519 0.589736 0.916697
3.43837 0.356889 0.849136
2.89282 0.738967 0.961444
-0.361202 0.00599014 1.15792
-0.0194567 -0.234156 1.33117
-0.189191 -0.184421 1.39388
0.0520852 -0.233276 1.46775
0.828892 -0.0398103 1.65507
-0.257795 0.146858 1.50824
-0.422482 1.33405 1.03045
0.043519 0.462308 1.37377
0.160728 1.20036 0.983309
0.465973 0.761096 1.1757
1.30077 -0.0223286 1.57592
0.868018 0.103817 1.55987
2.53187 -0.14863 1.2828
2.09951 0.207414 1.28343
1.7455 0.197819 1.41312
2.70257 0.277323 1.16527
1.22312 0.260416 1.29844
2.09255 0.310262 1.19952
3.37415 0.353011 1.00275
1.19923 0.669253 1.07781
2.48316 0.452285 1.05069
TETRAHEDRA
114 94 82 92
298 302 305 328
197 181 196 175
318 241 240 324
226 319 242 258
95 123 26 28
106 103 104 108
58 80 59 55
130 139 127 134
61 47 23 21
274 256 284 286
251 267 248 250
103 87 108 88
86 96 114 92
11 0 1 4
258 319 259 324
11 10 18 35
223 236 238 240
14 19 33 13
0 11 18 4
79 55 76 80
30 14 19 33
146 70 147 145
174 165 168 164
319 315 317 291
80 71 75 78
276 278 279 283
45 49 41 48
129 73 64 71
61 47 42 23
165 174 168 175
116 118 119 122
17 1 4 7
293 316 282 285
259 240 201 202
10 11 4 35
315 313 291 309
95 25 27 28
73 58 47 68
129 78 71 149
271 269 250 273
237 75 80 81
18 17 1 4
205 199 206 207
236 217 238 239
73 129 72 71
236 215 223 218
79 57 80 60
197 181 199 230
183 181 196 230
216 219 223 218
269 282 276 279
268 141 269 156
316 163 159 290
326 303 300 306
148 131 154 71
57 55 58 56
267 251 271 250
199 197 187 175
208 204 221 243
86 96 93 114
244 234 232 299
238 236 235 240
288 77 159 287
186 185 184 187
129 78 161 55
158 273 150 250
77 287 69 250
223 230 226 240
211 212 209 222
225 287 183 250
158 147 248 250
179 182 183 196
213 212 222 214
240 258 259 201
18 0 17 16
264 324 289 294
226 239 235 242
293 282 279 283
236 223 226 240
196 183 230 197
241 240 259 202
199 207 191 192
191 199 192 187
193 192 207 220
17 90 7 97
110 90 88 91
146 120 266 99
236 226 235 240
256 284 286 257
123 128 28 126
185 165 168 175
276 280 283 277
259 241 202 261
316 314 315 317
239 238 235 242
238 223 240 242
233 224 214 234
282 276 279 283
317 319 258 324
196 176 178 174
0 1 15 2
0 18 17 1
118 111 109 119
12 11 10 18
147 144 39 154
0 18 1 4
14 12 164 33
207 188 192 193
55 59 58 50
7 17 3 5
62 25 26 20
109 113 115 135
28 21 24 62
179 178 176 177
28 128 64 143
192 198 194 193
120 269 139 158
17 90 3 5
12 13 14 11
185 174 165 175
220 200 193 192
175 176 174 179
144 126 154 124
78 161 55 162
269 141 139 160
165 33 164 174
36 30 33 37
189 199 207 191
210 208 224 243
208 200 195 193
215 216 223 218
269 314 160 142
181 179 175 171
171 34 179 166
166 168 171 167
33 176 177 34
184 175 169 189
164 174 33 34
167 164 32 168
199 240 220 202
171 182 181 179
186 185 165 184
1 3 15 2
30 19 18 35
11 18 4 35
246 17 38 145
248 147 70 250
131 64 154 65
62 58 61 47
8 87 85 88
12 16 11 18
296 264 292 286
258 317 324 327
18 17 4 7
17 0 15 16
179 180 182 196
168 175 171 184
106 110 108 111
25 95 26 28
11 16 0 18
146 40 70 145
246 146 247 266
269 273 158 250
248 38 19 40
145 146 99 144
280 122 157 153
19 18 35 38
69 177 67 248
94 95 25 27
131 154 71 65
17 18 38 7
64 128 154 143
48 61 44 43
59 75 74 50
12 30 18 35
30 12 10 35
10 12 18 35
18 19 17 38
17 38 145 7
17 248 38 19
105 110 113 93
18 4 35 7
18 35 38 7
146 124 120 99
121 120 101 99
90 17 7 5
101 121 99 97
62 43 61 58
27 25 26 28
123 124 100 154
53 41 51 54
308 162 149 78
25 61 22 20
124 146 154 144
4 7 3 5
208 210 231 243
216 240 220 199
107 108 117 111
1 4 7 3
110 113 117 111
8 102 9 85
15 8 2 9
104 106 108 107
17 1 7 3
90 3 5 6
3 15 2 9
103 106 105 108
212 208 203 209
251 249 267 271
108 110 117 111
145 146 266 99
0 15 16 2
90 17 3 15
90 3 6 15
241 318 240 242
269 314 279 160
17 0 1 15
17 1 3 15
6 84 9 85
3 6 9 85
8 87 102 85
106 113 111 109
115 105 113 114
87 102 85 103
113 110 117 121
85 103 105 88
322 318 245 320
118 116 268 122
181 179 183 196
271 273 250 253
146 246 145 266
224 222 214 234
85 87 103 88
106 108 107 111
246 17 99 97
135 109 116 119
105 106 110 108
103 87 104 108
141 122 116 156
87 102 103 104
103 102 106 104
107 106 111 109
115 118 135 121
26 28 64 62
82 86 114 92
96 114 92 125
276 282 277 283
17 246 91 97
105 103 108 88
110 105 108 88
113 117 115 121
84 105 110 88
84 85 105 88
117 118 115 121
90 17 15 88
9 8 85 88
84 9 85 88
15 8 9 88
90 84 110 88
84 6 9 88
84 90 6 88
6 90 15 88
3 15 9 88
6 3 9 88
3 6 15 88
180 34 177 179
101 121 97 93
95 92 94 96
17 15 88 91
249 267 247 266
240 226 242 258
19 33 176 177
105 106 113 111
106 105 110 111
110 105 113 111
115 113 121 93
117 118 111 109
113 117 111 109
117 118 109 115
113 117 109 115
141 116 137 156
273 269 158 150
161 129 151 71
231 244 232 297
36 19 177 37
281 256 253 275
257 259 256 263
94 125 95 96
90 17 88 91
113 105 112 114
96 115 133 136
123 95 128 125
269 314 282 279
118 135 116 119
118 109 115 119
115 109 135 119
118 115 135 119
98 101 99 97
323 320 302 297
127 100 133 134
108 110 88 91
226 235 240 242
133 100 136 134
91 120 121 99
121 91 99 97
91 16 17 15
276 278 280 269
280 277 270 283
120 91 266 99
91 246 247 266
275 272 254 252
135 115 121 137
86 94 92 82
105 84 110 83
64 131 71 65
257 259 286 256
115 113 93 114
91 246 99 97
123 128 26 28
144 39 154 143
199 220 207 192
241 318 264 324
61 21 20 62
135 121 269 137
115 121 137 136
316 273 269 282
319 318 242 324
297 299 232 301
273 269 282 276
314 316 269 282
246 145 266 99
154 148 71 65
124 101 100 120
154 142 158 139
84 110 83 89
84 90 110 89
271 273 253 252
105 110 93 89
42 24 23 47
113 110 121 93
19 40 36 67
90 17 91 97
91 246 266 99
246 17 145 99
145 97 99 17
110 105 83 89
323 298 320 328
124 98 89 101
93 113 112 114
120 269 136 139
110 91 121 93
69 147 77 250
110 90 91 89
91 90 97 89
90 98 97 89
110 91 93 89
100 123 127 133
98 101 97 89
97 101 93 89
121 97 93 89
91 121 93 89
121 91 97 89
100 93 96 121
124 98 101 99
114 26 112 82
96 95 123 125
113 105 93 112
32 177 33 31
112 83 86 82
103 84 85 105
112 83 93 86
103 83 84 105
89 112 83 93
112 83 103 105
248 246 38 145
96 123 100 133
124 101 120 99
86 93 112 114
120 121 101 100
82 86 112 114
96 115 121 114
121 115 93 114
96 121 93 114
123 96 125 133
26 20 28 62
96 115 114 133
20 27 26 28
168 171 167 172
175 176 196 174
146 124 99 144
127 123 125 133
96 114 125 133
316 293 282 279
135 141 137 269
61 21 62 24
285 275 256 281
317 293 296 292
118 120 268 269
269 141 137 139
268 280 269 270
128 123 154 143
314 316 282 279
124 98 99 144
152 148 158 150
269 278 157 160
118 135 121 269
118 120 269 121
281 273 282 276
269 280 276 270
269 137 136 139
135 118 116 269
116 118 268 269
276 280 277 270
276 268 269 270
238 239 311 242
277 273 281 276
303 304 300 306
122 270 280 268
141 116 269 135
268 156 269 157
280 268 269 157
280 269 278 157
280 122 268 157
78 161 162 149
62 47 61 68
100 139 134 154
135 141 116 137
316 314 163 315
130 139 138 127
265 259 264 263
197 181 230 196
139 269 160 142
137 136 139 134
154 142 140 158
136 100 139 134
141 122 156 268
116 141 269 268
156 122 155 157
115 114 133 136
115 96 121 136
156 269 157 160
121 269 137 136
121 120 269 136
120 121 100 136
121 96 100 136
100 96 133 136
278 156 157 160
269 279 278 160
269 156 141 160
140 132 154 158
67 248 70 69
132 161 151 158
100 120 136 139
62 64 63 24
287 225 69 250
124 146 120 154
132 131 151 71
131 140 132 154
248 70 69 250
131 148 151 71
130 127 138 154
148 132 151 154
193 188 195 203
30 12 33 32
140 142 132 158
29 39 63 144
163 161 152 149
68 63 24 62
162 308 149 290
132 151 154 158
314 163 152 159
75 129 78 71
318 240 242 324
150 154 148 158
312 319 318 242
319 309 315 291
310 308 313 291
55 57 54 56
100 120 139 154
131 140 154 138
138 142 154 139
75 59 55 50
161 163 162 149
58 80 55 57
308 315 291 290
170 230 199 181
42 61 23 22
27 25 20 26
54 51 52 56
323 307 305 328
33 177 37 31
58 50 68 72
129 132 151 71
181 169 170 173
28 128 143 126
127 100 134 154
61 23 22 21
58 49 45 48
47 50 68 58
47 58 61 46
33 19 36 37
126 144 154 143
55 73 58 53
52 51 45 41
251 17 248 246
131 129 64 71
62 25 20 61
77 158 150 250
55 58 56 53
212 224 222 214
168 174 34 166
46 58 48 47
54 55 56 53
62 73 68 71
139 127 134 154
52 54 56 53
58 52 56 53
51 54 52 53
47 61 42 46
168 175 166 171
273 281 250 253
48 61 43 58
51 43 41 62
61 44 42 46
73 58 68 72
19 33 177 37
39 143 65 66
45 43 48 41
182 178 183 196
23 22 21 20
20 94 25 27
22 61 21 20
171 168 184 172
53 43 51 62
62 53 41 51
62 53 58 73
53 43 62 45
62 43 58 45
45 53 51 52
34 167 168 166
281 316 273 159
49 41 48 43
43 58 45 48
30 14 12 19
44 61 42 43
176 179 177 34
28 21 62 20
128 26 28 64
151 148 154 158
95 123 128 26
73 131 129 64
76 79 80 81
39 65 63 66
95 94 25 26
25 82 26 94
95 128 125 26
125 94 95 26
125 94 114 92
55 75 50 72
45 53 58 62
29 39 144 126
53 45 58 52
132 161 129 151
179 178 177 180
75 74 50 72
154 64 143 65
144 126 124 29
50 74 68 72
73 129 55 72
132 131 148 151
179 178 180 196
147 144 154 146
128 123 143 126
24 126 28 29
27 21 28 20
123 100 127 154
131 132 129 71
61 47 21 24
73 55 58 72
58 55 50 72
47 63 29 24
68 73 72 71
19 40 67 248
175 179 166 171
124 120 100 154
127 139 138 154
64 73 62 71
33 174 176 34
163 308 162 290
227 228 291 288
120 139 154 158
139 269 142 158
269 314 142 158
39 28 143 126
164 33 32 34
146 120 154 158
63 28 29 24
12 164 33 32
36 177 67 37
123 124 154 126
28 64 62 24
68 65 63 62
132 142 161 158
62 64 71 65
161 142 151 158
291 316 159 290
168 164 32 34
131 132 148 154
130 138 131 154
123 127 125 154
125 127 130 154
128 130 131 154
168 185 175 184
128 125 130 154
128 123 125 154
217 235 239 236
154 146 158 147
128 131 64 154
64 28 143 65
168 174 164 34
148 143 65 154
77 154 158 147
64 28 65 63
165 185 168 184
62 64 65 63
123 154 143 126
28 39 65 63
28 39 29 126
248 38 40 145
19 36 177 67
33 19 35 36
47 61 68 24
47 23 21 24
47 63 24 68
64 28 63 24
259 256 292 286
35 19 38 36
38 19 40 36
177 19 67 248
61 62 68 24
186 165 168 184
249 251 267 248
70 40 248 67
178 176 177 248
176 19 177 248
315 316 317 291
308 315 162 313
142 314 163 152
161 151 152 149
46 24 42 47
163 162 149 290
75 129 72 55
76 237 81 162
180 178 182 196
146 158 147 248
179 174 175 166
249 267 266 248
246 249 247 248
146 246 247 248
246 146 145 248
17 248 246 38
146 40 145 248
146 120 158 248
120 146 266 248
267 120 266 248
247 249 266 248
146 247 266 248
220 199 200 192
142 161 151 152
142 163 161 152
142 151 158 152
314 142 158 152
269 158 150 152
269 314 158 152
315 316 291 290
163 316 315 290
199 223 240 201
37 69 177 67
178 180 182 183
196 176 179 178
156 116 155 122
233 224 212 214
170 206 205 199
230 197 258 201
188 192 193 198
250 281 159 253
181 179 196 175
181 179 182 183
181 197 199 175
271 269 267 250
178 180 183 250
120 158 248 250
267 120 248 250
120 269 158 250
120 267 269 250
69 225 180 250
248 69 180 250
177 248 180 250
178 177 180 250
177 178 248 250
180 225 182 250
182 225 183 250
180 182 183 250
33 30 32 31
30 37 31 33
36 30 35 33
174 168 175 166
34 167 32 168
205 190 169 189
174 179 176 166
176 179 34 166
174 176 34 166
175 181 171 172
175 171 184 172
186 184 191 187
175 181 172 173
184 175 172 173
169 184 172 173
181 171 172 173
199 215 206 216
319 239 226 242
238 236 239 235
319 242 258 259
205 169 170 199
169 199 181 170
169 199 189 175
175 184 169 173
181 175 169 173
80 55 76 75
193 200 198 194
237 81 162 78
79 57 60 55
182 227 183 225
170 206 230 205
206 230 215 199
170 206 199 230
262 298 245 320
211 212 213 214
185 175 184 187
199 215 216 223
230 236 223 226
259 241 264 324
322 318 324 289
223 236 218 217
217 219 238 239
206 230 205 215
297 326 300 306
215 199 230 223
223 236 217 238
308 237 162 78
219 223 218 238
218 223 217 238
219 218 217 238
302 326 297 306
237 75 81 78
240 199 201 202
80 78 75 237
75 76 80 81
237 310 162 313
151 161 71 149
281 273 250 159
319 313 315 311
161 129 71 149
310 308 162 313
76 75 55 81
78 81 55 75
129 78 149 161
313 310 291 309
313 315 311 309
183 225 227 288
163 315 308 290
55 76 81 162
237 310 308 162
287 183 250 288
309 290 308 291
186 184 189 191
152 290 159 163
287 225 183 288
315 163 308 162
308 315 313 291
273 271 275 252
316 293 317 159
241 200 202 204
228 229 291 288
225 287 227 288
314 316 163 159
316 317 291 159
273 316 269 159
310 313 311 309
309 319 315 311
309 319 239 291
239 319 229 291
239 319 226 229
230 226 240 258
258 259 201 202
209 212 224 222
229 319 226 258
150 77 250 159
150 288 77 159
316 314 269 159
269 314 152 159
273 269 150 159
150 269 152 159
273 150 250 159
183 230 197 258
240 230 258 201
77 287 250 159
250 287 288 159
210 244 224 231
309 319 311 239
311 242 319 312
116 137 156 155
230 199 197 201
235 238 240 242
256 317 292 285
242 240 258 259
200 241 193 204
243 262 245 320
231 261 204 243
251 271 250 252
318 264 324 289
223 230 240 201
216 240 199 223
261 241 204 245
208 193 203 209
48 61 58 46
241 220 200 193
205 190 189 207
206 199 216 207
216 199 220 207
298 321 320 325
265 263 264 286
204 221 243 245
193 200 194 192
178 183 196 197
230 183 226 258
285 275 274 256
240 221 220 241
199 230 223 201
199 200 201 202
292 256 285 286
236 215 230 223
77 158 250 147
175 199 189 187
189 199 191 187
184 175 189 187
184 189 191 187
226 183 228 258
316 273 282 285
302 297 300 306
273 281 253 275
220 241 200 202
240 241 220 202
306 323 302 326
229 226 228 258
228 183 227 258
319 229 291 258
183 250 288 258
178 183 197 258
183 178 250 258
227 183 288 258
229 228 291 258
228 227 291 258
317 319 291 258
256 317 291 258
253 288 159 250
288 253 159 291
291 227 288 258
256 288 250 258
253 288 250 256
199 220 200 202
244 224 231 234
259 241 261 264
259 264 296 294
241 202 261 204
204 241 221 245
324 259 327 294
256 258 259 292
321 322 325 289
298 320 328 325
320 321 328 325
209 208 221 243
221 209 224 222
259 296 327 294
302 231 297 320
302 323 305 328
211 209 213 222
241 220 193 221
193 220 209 221
212 208 209 224
208 233 210 224
211 212 203 209
212 211 213 222
246 248 251 249
195 200 198 193
198 193 188 195
302 323 307 305
193 195 208 203
317 293 292 285
253 275 254 252
209 221 224 243
208 193 209 221
244 210 224 243
318 241 322 245
208 209 224 243
321 322 245 320
241 193 204 221
204 193 208 221
208 233 224 212
264 259 324 294
210 204 208 231
210 261 231 262
233 210 224 234
224 210 231 234
210 261 204 231
281 316 159 285
231 244 234 232
233 231 210 234
233 231 234 232
210 244 231 243
204 208 231 243
253 288 256 291
244 231 320 297
231 261 243 262
256 288 258 291
256 260 255 257
141 122 268 116
244 231 243 320
125 94 26 114
231 262 243 320
298 321 325 289
114 94 26 82
30 14 33 12
298 323 320 302
112 83 82 103
298 323 302 328
321 323 320 328
281 277 276 282
251 250 253 252
103 83 82 84
262 320 302 298
299 297 300 301
326 244 300 299
256 317 258 292
303 326 300 299
323 244 320 297
326 244 323 297
326 323 302 297
28 39 63 29
299 297 244 300
325 298 305 328
264 259 292 286
126 144 143 39
326 244 297 300
259 257 286 264
234 232 299 301
304 303 300 301
300 303 299 301
89 112 105 83
263 264 286 257
318 319 322 324
79 57 55 80
272 256 255 274
240 241 259 324
242 240 259 324
319 242 259 324
322 321 245 289
245 321 320 289
298 245 320 289
321 298 320 289
262 264 261 289
318 241 264 289
241 318 322 289
241 322 245 289
243 261 245 262
243 261 204 245
298 262 245 289
262 261 245 289
261 241 245 289
241 261 264 289
324 322 289 294
293 317 296 327
295 264 289 294
273 281 282 285
295 264 294 286
317 319 324 327
293 317 159 285
263 256 257 260
264 259 296 292
316 293 159 285
259 258 324 327
296 317 292 327
317 258 292 327
256 272 275 274
316 281 273 285
259 296 292 327
258 259 292 327
256 281 253 285
317 291 159 285
317 256 291 285
291 256 253 285
159 291 253 285
281 159 253 285
287 147 69 70
146 70 248 147
295 265 264 286
256 253 275 254
272 256 275 254
285 256 274 286
256 255 274 284
264 296 294 286
138 142 140 154
308 309 291 310
256 260 254 255
272 256 254 255
256 255 284 257
251 249 271 252
250 271 253 252
253 273 275 252
237 149 78 308
152 290 163 149
75 129 55 78
81 78 55 162
129 75 72 71
239 229 226 235
62 47 68 73
62 58 47 73
51 43 45 41
322 295 289 294
53 43 45 51
278 276 279 269
276 278 283 280
205 169 199 189
145 97 17 7
61 48 44 46
309 159 290 291
19 16 12 18
14 19 13 12
84 5 90 89
84 5 6 90
152 148 151 158
69 147 250 70
287 147 77 69
68 65 62 71
89 112 93 105
32 177 34 33
100 93 121 101
30 19 35 33
12 19 18 30
306 323 307 302
239 319 311 242
257 259 263 264
28 39 143 65
175 176 179 196
69 177 248 180
299 297 232 244
146 40 248 70
320 262 302 231
189 205 207 199
199 169 181 175
208 200 193 204
151 78 149 71
264 298 289 262
126 100 123 124
80 58 60 57
80 55 75 59
83 5 84 89
156 122 157 268
94 125 96 92
197 199 187 201
97 38 7 145
11 16 13 0
12 16 13 11
19 16 13 12
EDGES
0 1
0 2
0 4
0 11
0 13
0 15
0 16
0 17
0 18
1 2
1 3
1 4
1 7
1 11
1 15
1 17
1 18
2 3
2 8
2 9
2 15
2 16
3 4
3 5
3 6
3 7
3 9
3 15
3 17
3 85
3 88
3 90
4 5
4 7
4 10
4 11
4 17
4 18
4 35
5 6
5 7
5 17
5 83
5 84
5 89
5 90
6 9
6 15
6 84
6 85
6 88
6 90
7 17
7 18
7 35
7 38
7 90
7 97
7 145
8 9
8 15
8 85
8 87
8 88
8 102
9 15
9 84
9 85
9 88
9 102
10 11
10 12
10 18
10 30
10 35
11 12
11 13
11 14
11 16
11 18
11 35
12 13
12 14
12 16
12 18
12 19
12 30
12 32
12 33
12 35
12 164
13 14
13 16
13 19
13 33
14 19
14 30
14 33
14 164
15 16
15 17
15 88
15 90
15 91
16 17
16 18
16 19
16 91
17 18
17 19
17 38
17 88
17 90
17 91
17 97
17 99
17 145
17 246
17 248
17 251
18 19
18 30
18 35
18 38
19 30
19 33
19 35
19 36
19 37
19 38
19 40
19 67
19 176
19 177
19 248
20 21
20 22
20 23
20 25
20 26
20 27
20 28
20 61
20 62
20 94
21 22
21 23
21 24
21 27
21 28
21 47
21 61
21 62
22 23
22 25
22 42
22 61
23 24
23 42
23 47
23 61
24 28
24 29
24 42
24 46
24 47
24 61
24 62
24 63
24 64
24 68
24 126
25 26
25 27
25 28
25 61
25 62
25 82
25 94
25 95
26 27
26 28
26 62
26 64
26 82
26 94
26 95
26 112
26 114
26 123
26 125
26 128
27 28
27 94
27 95
28 29
28 39
28 62
28 63
28 64
28 65
28 95
28 123
28 126
28 128
28 143
29 39
29 47
29 63
29 124
29 126
29 144
30 31
30 32
30 33
30 35
30 36
30 37
31 32
31 33
31 37
31 177
32 33
32 34
32 164
32 167
32 168
32 177
33 34
33 35
33 36
33 37
33 164
33 165
33 174
33 176
33 177
34 164
34 166
34 167
34 168
34 171
34 174
34 176
34 177
34 179
34 180
35 36
35 38
36 37
36 38
36 40
36 67
36 177
37 67
37 69
37 177
38 40
38 97
38 145
38 246
38 248
39 63
39 65
39 66
39 126
39 143
39 144
39 147
39 154
40 67
40 70
40 145
40 146
40 248
41 43
41 45
41 48
41 49
41 51
41 52
41 53
41 54
41 62
42 43
42 44
42 46
42 47
42 61
43 44
43 45
43 48
43 49
43 51
43 53
43 58
43 61
43 62
44 46
44 48
44 61
45 48
45 49
45 51
45 52
45 53
45 58
45 62
46 47
46 48
46 58
46 61
47 48
47 50
47 58
47 61
47 62
47 63
47 68
47 73
48 49
48 58
48 61
49 58
50 55
50 58
50 59
50 68
50 72
50 74
50 75
51 52
51 53
51 54
51 56
51 62
52 53
52 54
52 56
52 58
53 54
53 55
53 56
53 58
53 62
53 73
54 55
54 56
54 57
55 56
55 57
55 58
55 59
55 60
55 72
55 73
55 75
55 76
55 78
55 79
55 80
55 81
55 129
55 161
55 162
56 57
56 58
57 58
57 60
57 79
57 80
58 59
58 60
58 61
58 62
58 68
58 72
58 73
58 80
59 74
59 75
59 80
60 79
60 80
61 62
61 68
62 63
62 64
62 65
62 68
62 71
62 73
63 64
63 65
63 66
63 68
63 144
64 65
64 71
64 73
64 128
64 129
64 131
64 143
64 154
65 66
65 68
65 71
65 131
65 143
65 148
65 154
66 143
67 69
67 70
67 177
67 248
68 71
68 72
68 73
68 74
69 70
69 77
69 147
69 177
69 180
69 225
69 248
69 250
69 287
70 145
70 146
70 147
70 248
70 250
70 287
71 72
71 73
71 75
71 78
71 80
71 129
71 131
71 132
71 148
71 149
71 151
71 154
71 161
72 73
72 74
72 75
72 129
73 129
73 131
74 75
75 76
75 78
75 80
75 81
75 129
75 237
76 79
76 80
76 81
76 162
76 237
77 147
77 150
77 154
77 158
77 159
77 250
77 287
77 288
78 80
78 81
78 129
78 149
78 151
78 161
78 162
78 237
78 308
79 80
79 81
80 81
80 237
81 162
81 237
82 83
82 84
82 86
82 92
82 94
82 103
82 112
82 114
83 84
83 86
83 89
83 93
83 103
83 105
83 110
83 112
84 85
84 88
84 89
84 90
84 103
84 105
84 110
85 87
85 88
85 102
85 103
85 105
86 92
86 93
86 94
86 96
86 112
86 114
87 88
87 102
87 103
87 104
87 108
88 90
88 91
88 103
88 105
88 108
88 110
89 90
89 91
89 93
89 97
89 98
89 101
89 105
89 110
89 112
89 121
89 124
90 91
90 97
90 98
90 110
91 93
91 97
91 99
91 108
91 110
91 120
91 121
91 246
91 247
91 266
92 94
92 95
92 96
92 114
92 125
93 96
93 97
93 100
93 101
93 105
93 110
93 112
93 113
93 114
93 115
93 121
94 95
94 96
94 114
94 125
95 96
95 123
95 125
95 128
96 100
96 114
96 115
96 121
96 123
96 125
96 133
96 136
97 98
97 99
97 101
97 121
97 145
97 246
98 99
98 101
98 124
98 144
99 101
99 120
99 121
99 124
99 144
99 145
99 146
99 246
99 266
100 101
100 120
100 121
100 123
100 124
100 126
100 127
100 133
100 134
100 136
100 139
100 154
101 120
101 121
101 124
102 103
102 104
102 106
103 104
103 105
103 106
103 108
103 112
104 106
104 107
104 108
105 106
105 108
105 110
105 111
105 112
105 113
105 114
105 115
106 107
106 108
106 109
106 110
106 111
106 113
107 108
107 109
107 111
107 117
108 110
108 111
108 117
109 111
109 113
109 115
109 116
109 117
109 118
109 119
109 135
110 111
110 113
110 117
110 121
111 113
111 117
111 118
111 119
112 113
112 114
113 114
113 115
113 117
113 121
113 135
114 115
114 121
114 125
114 133
114 136
115 117
115 118
115 119
115 121
115 133
115 135
115 136
115 137
116 118
116 119
116 122
116 135
116 137
116 141
116 155
116 156
116 268
116 269
117 118
117 121
118 119
118 120
118 121
118 122
118 135
118 268
118 269
119 122
119 135
120 121
120 124
120 136
120 139
120 146
120 154
120 158
120 248
120 250
120 266
120 267
120 268
120 269
121 135
121 136
121 137
121 269
122 141
122 153
122 155
122 156
122 157
122 268
122 270
122 280
123 124
123 125
123 126
123 127
123 128
123 133
123 143
123 154
124 126
124 144
124 146
124 154
125 127
125 128
125 130
125 133
125 154
126 128
126 143
126 144
126 154
127 130
127 133
127 134
127 138
127 139
127 154
128 130
128 131
128 143
128 154
129 131
129 132
129 149
129 151
129 161
130 131
130 134
130 138
130 139
130 154
131 132
131 138
131 140
131 148
131 151
131 154
132 140
132 142
132 148
132 151
132 154
132 158
132 161
133 134
133 136
134 136
134 137
134 139
134 154
135 137
135 141
135 269
136 137
136 139
136 269
137 139
137 141
137 155
137 156
137 269
138 139
138 140
138 142
138 154
139 141
139 142
139 154
139 158
139 160
139 269
140 142
140 154
140 158
141 156
141 160
141 268
141 269
142 151
142 152
142 154
142 158
142 160
142 161
142 163
142 269
142 314
143 144
143 148
143 154
144 145
144 146
144 147
144 154
145 146
145 147
145 246
145 248
145 266
146 147
146 154
146 158
146 246
146 247
146 248
146 266
147 154
147 158
147 248
147 250
147 287
148 150
148 151
148 152
148 154
148 158
149 151
149 152
149 161
149 162
149 163
149 237
149 290
149 308
150 152
150 154
150 158
150 159
150 250
150 269
150 273
150 288
151 152
151 154
151 158
151 161
152 158
152 159
152 161
152 163
152 269
152 290
152 314
153 157
153 280
154 158
155 156
155 157
156 157
156 160
156 268
156 269
156 278
157 160
157 268
157 269
157 278
157 280
158 161
158 248
158 250
158 269
158 273
158 314
159 163
159 250
159 253
159 269
159 273
159 281
159 285
159 287
159 288
159 290
159 291
159 293
159 309
159 314
159 316
159 317
160 269
160 278
160 279
160 314
161 162
161 163
162 163
162 237
162 290
162 308
162 310
162 313
162 315
163 290
163 308
163 314
163 315
163 316
164 165
164 167
164 168
164 174
165 168
165 174
165 175
165 184
165 185
165 186
166 167
166 168
166 171
166 174
166 175
166 176
166 179
167 168
167 171
167 172
168 171
168 172
168 174
168 175
168 184
168 185
168 186
169 170
169 172
169 173
169 175
169 181
169 184
169 189
169 190
169 199
169 205
170 173
170 181
170 199
170 205
170 206
170 230
171 172
171 173
171 175
171 179
171 181
171 182
171 184
172 173
172 175
172 181
172 184
173 175
173 181
173 184
174 175
174 176
174 178
174 179
174 185
174 196
175 176
175 179
175 181
175 184
175 185
175 187
175 189
175 196
175 197
175 199
176 177
176 178
176 179
176 196
176 248
177 178
177 179
177 180
177 248
177 250
178 179
178 180
178 182
178 183
178 196
178 197
178 248
178 250
178 258
179 180
179 181
179 182
179 183
179 196
180 182
180 183
180 196
180 225
180 248
180 250
181 182
181 183
181 196
181 197
181 199
181 230
182 183
182 196
182 225
182 227
182 250
183 196
183 197
183 225
183 226
183 227
183 228
183 230
183 250
183 258
183 287
183 288
184 185
184 186
184 187
184 189
184 191
185 186
185 187
186 187
186 189
186 191
187 189
187 191
187 192
187 197
187 199
187 201
188 192
188 193
188 195
188 198
188 203
188 207
189 190
189 191
189 199
189 205
189 207
190 205
190 207
191 192
191 199
191 207
192 193
192 194
192 198
192 199
192 200
192 207
192 220
193 194
193 195
193 198
193 200
193 203
193 204
193 207
193 208
193 209
193 220
193 221
193 241
194 198
194 200
195 198
195 200
195 203
195 208
196 197
196 230
197 199
197 201
197 230
197 258
198 200
199 200
199 201
199 202
199 205
199 206
199 207
199 215
199 216
199 220
199 223
199 230
199 240
200 201
200 202
200 204
200 208
200 220
200 241
201 202
201 223
201 230
201 240
201 258
201 259
202 204
202 220
202 240
202 241
202 258
202 259
202 261
203 208
203 209
203 211
203 212
204 208
204 210
204 221
204 231
204 241
204 243
204 245
204 261
205 206
205 207
205 215
205 230
206 207
206 215
206 216
206 230
207 216
207 220
208 209
208 210
208 212
208 221
208 224
208 231
208 233
208 243
209 211
209 212
209 213
209 220
209 221
209 222
209 224
209 243
210 224
210 231
210 233
210 234
210 243
210 244
210 261
210 262
211 212
211 213
211 214
211 222
212 213
212 214
212 222
212 224
212 233
213 214
213 222
214 222
214 224
214 233
214 234
215 216
215 218
215 223
215 230
215 236
216 218
216 219
216 220
216 223
216 240
217 218
217 219
217 223
217 235
217 236
217 238
217 239
218 219
218 223
218 236
218 238
219 223
219 238
219 239
220 221
220 240
220 241
221 222
221 224
221 240
221 241
221 243
221 245
222 224
222 234
223 226
223 230
223 236
223 238
223 240
223 242
224 231
224 233
224 234
224 243
224 244
225 227
225 250
225 287
225 288
226 228
226 229
226 230
226 235
226 236
226 239
226 240
226 242
226 258
226 319
227 228
227 258
227 287
227 288
227 291
228 229
228 258
228 288
228 291
229 235
229 239
229 258
229 288
229 291
229 319
230 236
230 240
230 258
231 232
231 233
231 234
231 243
231 244
231 261
231 262
231 297
231 302
231 320
232 233
232 234
232 244
232 297
232 299
232 301
233 234
234 244
234 299
234 301
235 236
235 238
235 239
235 240
235 242
236 238
236 239
236 240
237 308
237 310
237 313
238 239
238 240
238 242
238 311
239 242
239 291
239 309
239 311
239 319
240 241
240 242
240 258
240 259
240 318
240 324
241 242
241 245
241 259
241 261
241 264
241 289
241 318
241 322
241 324
242 258
242 259
242 311
242 312
242 318
242 319
242 324
243 244
243 245
243 261
243 262
243 320
244 297
244 299
244 300
244 320
244 323
244 326
245 261
245 262
245 289
245 298
245 318
245 320
245 321
245 322
246 247
246 248
246 249
246 251
246 266
247 248
247 249
247 266
247 267
248 249
248 250
248 251
248 266
248 267
249 251
249 252
249 266
249 267
249 271
250 251
250 252
250 253
250 256
250 258
250 267
250 269
250 271
250 273
250 281
250 287
250 288
251 252
251 253
251 267
251 271
252 253
252 254
252 271
252 272
252 273
252 275
253 254
253 256
253 271
253 273
253 275
253 281
253 285
253 288
253 291
254 255
254 256
254 260
254 272
254 275
255 256
255 257
255 260
255 272
255 274
255 284
256 257
256 258
256 259
256 260
256 263
256 272
256 274
256 275
256 281
256 284
256 285
256 286
256 288
256 291
256 292
256 317
257 259
257 260
257 263
257 264
257 284
257 286
258 259
258 288
258 291
258 292
258 317
258 319
258 324
258 327
259 261
259 263
259 264
259 265
259 286
259 292
259 294
259 296
259 319
259 324
259 327
260 263
261 262
261 264
261 289
262 264
262 289
262 298
262 302
262 320
263 264
263 265
263 286
264 265
264 286
264 289
264 292
264 294
264 295
264 296
264 298
264 318
264 324
265 286
265 295
266 267
267 269
267 271
268 269
268 270
268 276
268 280
269 270
269 271
269 273
269 276
269 278
269 279
269 280
269 282
269 314
269 316
270 276
270 277
270 280
270 283
271 273
271 275
272 274
272 275
273 275
273 276
273 277
273 281
273 282
273 285
273 316
274 275
274 284
274 285
274 286
275 281
275 285
276 277
276 278
276 279
276 280
276 281
276 282
276 283
277 280
277 281
277 282
277 283
278 279
278 280
278 283
279 282
279 283
279 293
279 314
279 316
280 283
281 282
281 285
281 316
282 283
282 285
282 293
282 314
282 316
283 293
284 286
285 286
285 291
285 292
285 293
285 316
285 317
286 292
286 294
286 295
286 296
287 288
288 291
289 294
289 295
289 298
289 318
289 320
289 321
289 322
289 324
289 325
290 291
290 308
290 309
290 315
290 316
291 308
291 309
291 310
291 313
291 315
291 316
291 317
291 319
292 293
292 296
292 317
292 327
293 296
293 316
293 317
293 327
294 295
294 296
294 322
294 324
294 327
295 322
296 317
296 327
297 299
297 300
297 301
297 302
297 306
297 320
297 323
297 326
298 302
298 305
298 320
298 321
298 323
298 325
298 328
299 300
299 301
299 303
299 326
300 301
300 302
300 303
300 304
300 306
300 326
301 303
301 304
302 305
302 306
302 307
302 320
302 323
302 326
302 328
303 304
303 306
303 326
304 306
305 307
305 323
305 325
305 328
306 307
306 323
306 326
307 323
307 328
308 309
308 310
308 313
308 315
309 310
309 311
309 313
309 315
309 319
310 311
310 313
311 312
311 313
311 315
311 319
312 318
312 319
313 315
313 319
314 315
314 316
314 317
315 316
315 317
315 319
316 317
317 319
317 324
317 327
318 319
318 320
318 322
318 324
319 322
319 324
319 327
320 321
320 322
320 323
320 325
320 328
321 322
321 323
321 325
321 328
322 324
322 325
323 326
323 328
324 327
325 328
SURFACE_TRIANGLES
0 1 2
0 1 11
0 2 16
0 11 13
0 13 16
1 2 3
1 3 4
1 4 11
2 3 9
2 8 9
2 8 15
2 15 16
3 4 5
3 5 6
3 6 85
3 9 85
4 5 7
4 7 35
4 10 11
4 10 35
5 6 84
5 7 90
5 83 84
5 83 89
5 89 90
6 84 85
7 35 38
7 38 97
7 90 97
8 9 102
8 15 88
8 87 88
8 87 102
9 85 102
10 11 12
10 12 30
10 30 35
11 12 14
11 13 14
12 14 164
12 30 32
12 32 164
13 14 33
13 16 19
13 19 33
14 33 164
15 16 91
15 88 91
16 17 18
16 17 91
16 18 19
17 18 19
17 19 248
17 91 246
17 246 251
17 248 251
19 33 176
19 176 248
20 21 23
20 21 27
20 22 23
20 22 25
20 25 94
20 27 94
21 23 24
21 24 28
21 27 28
22 23 42
22 25 61
22 42 61
23 24 42
24 28 126
24 29 47
24 29 126
24 42 46
24 46 47
25 26 62
25 26 82
25 61 62
25 82 94
26 62 64
26 64 128
26 82 112
26 112 114
26 114 125
26 125 128
27 28 95
27 94 95
28 95 123
28 123 126
29 47 63
29 63 144
29 124 126
29 124 144
30 31 32
30 31 37
30 35 36
30 36 37
31 32 177
31 37 177
32 34 167
32 34 177
32 164 167
33 164 165
33 165 174
33 174 176
34 166 167
34 166 171
34 171 179
34 177 180
34 179 180
35 36 38
36 37 67
36 38 40
36 40 67
37 67 69
37 69 177
38 40 145
38 97 145
39 63 66
39 63 144
39 66 143
39 143 154
39 144 147
39 147 154
40 67 70
40 70 145
41 43 49
41 43 62
41 45 49
41 45 52
41 51 52
41 51 54
41 53 54
41 53 62
42 43 44
42 43 61
42 44 46
43 44 48
43 48 49
43 61 62
44 46 48
45 49 58
45 52 58
46 47 48
47 48 58
47 50 58
47 50 68
47 63 68
48 49 58
50 58 59
50 59 74
50 68 74
51 52 56
51 54 56
52 56 58
53 54 55
53 55 73
53 62 73
54 55 57
54 56 57
55 57 60
55 60 79
55 73 129
55 76 79
55 76 162
55 129 161
55 161 162
56 57 58
57 58 60
58 59 80
58 60 80
59 74 75
59 75 80
60 79 80
62 64 73
63 65 66
63 65 68
64 73 131
64 128 131
65 66 143
65 68 71
65 71 148
65 143 148
67 69 70
68 71 72
68 72 74
69 70 287
69 177 180
69 180 225
69 225 287
70 145 147
70 147 287
71 72 75
71 75 80
71 78 80
71 78 151
71 148 151
72 74 75
73 129 131
76 79 81
76 81 237
76 162 237
77 147 154
77 147 287
77 150 158
77 150 288
77 154 158
77 287 288
78 80 237
78 149 151
78 149 237
79 80 81
80 81 237
82 83 84
82 83 86
82 84 103
82 86 94
82 103 112
83 86 93
83 89 93
84 85 103
85 102 103
86 92 94
86 92 96
86 93 96
87 88 108
87 102 104
87 104 108
88 91 108
89 90 98
89 93 101
89 98 124
89 101 124
90 97 98
91 108 110
91 110 121
91 120 121
91 120 266
91 246 247
91 247 266
92 94 95
92 95 96
93 96 100
93 100 101
95 96 123
96 100 123
97 98 99
97 99 145
98 99 144
98 124 144
99 144 145
100 101 124
100 123 126
100 124 126
102 103 106
102 104 106
103 105 106
103 105 112
104 106 107
104 107 108
105 106 113
105 112 114
105 113 115
105 114 115
106 107 109
106 109 113
107 108 117
107 109 111
107 111 117
108 110 117
109 111 119
109 113 135
109 116 119
109 116 135
110 117 121
111 117 118
111 118 119
113 115 135
114 115 136
114 125 133
114 133 136
115 135 137
115 136 137
116 119 122
116 122 155
116 135 137
116 137 155
117 118 121
118 119 122
118 120 121
118 120 268
118 122 268
120 266 267
120 267 269
120 268 269
122 153 157
122 153 280
122 155 157
122 268 270
122 270 280
125 127 130
125 127 133
125 128 130
127 130 134
127 133 134
128 130 131
129 131 132
129 132 161
130 131 138
130 134 139
130 138 139
131 132 140
131 138 140
132 140 142
132 142 161
133 134 136
134 136 137
134 137 139
137 139 141
137 141 156
137 155 156
138 139 142
138 140 142
139 141 160
139 142 160
141 156 160
142 160 314
142 161 163
142 163 314
143 148 154
144 145 146
144 146 147
145 146 147
148 150 152
148 150 154
148 151 152
149 151 152
149 152 290
149 237 308
149 290 308
150 152 159
150 154 158
150 159 288
152 159 290
153 157 280
155 156 157
156 157 278
156 160 278
157 278 280
159 288 291
159 290 309
159 291 309
160 278 279
160 279 314
161 162 163
162 163 315
162 237 313
162 313 315
163 314 315
164 165 168
164 167 168
165 168 186
165 174 185
165 185 186
166 167 171
167 168 172
167 171 172
168 172 184
168 184 186
169 170 173
169 170 205
169 172 173
169 172 184
169 184 189
169 189 190
169 190 205
170 173 181
170 181 230
170 205 230
171 172 173
171 173 181
171 179 182
171 181 182
174 175 185
174 175 196
174 176 178
174 178 196
175 185 187
175 187 197
175 196 197
176 178 248
178 196 197
178 197 258
178 248 250
178 250 258
179 180 182
180 182 225
181 182 183
181 183 230
182 183 227
182 225 227
183 226 228
183 226 230
183 227 228
184 186 189
185 186 187
186 187 191
186 189 191
187 191 192
187 192 199
187 197 201
187 199 201
188 192 198
188 192 207
188 193 203
188 193 207
188 195 198
188 195 203
189 190 207
189 191 207
190 205 207
191 192 207
192 194 198
192 194 200
192 199 200
193 203 209
193 207 220
193 209 220
194 198 200
195 198 200
195 200 208
195 203 208
197 201 258
199 200 201
200 201 202
200 202 204
200 204 208
201 202 258
202 204 261
202 258 259
202 259 261
203 208 212
203 209 211
203 211 212
204 208 210
204 210 261
205 206 207
205 206 215
205 215 230
206 207 216
206 215 216
207 216 220
208 210 233
208 212 233
209 211 213
209 213 222
209 220 221
209 221 222
210 231 233
210 231 262
210 261 262
211 212 214
211 213 214
212 214 233
213 214 222
214 222 234
214 233 234
215 216 218
215 218 236
215 230 236
216 218 219
216 219 223
216 220 240
216 223 240
217 218 219
217 218 236
217 219 239
217 235 236
217 235 239
219 223 238
219 238 239
220 221 240
221 222 224
221 224 243
221 240 241
221 241 245
221 243 245
222 224 234
223 238 242
223 240 242
224 234 244
224 243 244
225 227 287
226 228 229
226 229 235
226 230 236
226 235 236
227 228 288
227 287 288
228 229 288
229 235 239
229 239 291
229 288 291
231 232 233
231 232 297
231 262 302
231 297 302
232 233 234
232 234 301
232 297 301
234 244 299
234 299 301
237 308 310
237 310 313
238 239 311
238 242 311
239 291 309
239 309 311
240 241 242
241 242 318
241 245 318
242 311 312
242 312 318
243 244 320
243 245 320
244 299 326
244 320 323
244 323 326
245 318 320
246 247 249
246 249 251
247 249 267
247 266 267
248 250 251
249 251 252
249 252 271
249 267 271
250 251 253
250 253 256
250 256 258
251 252 253
252 253 254
252 254 272
252 271 275
252 272 275
253 254 256
254 255 260
254 255 272
254 256 260
255 257 260
255 257 284
255 272 274
255 274 284
256 258 259
256 259 263
256 260 263
257 260 263
257 263 286
257 284 286
259 261 264
259 263 265
259 264 265
261 262 264
262 264 298
262 298 302
263 265 286
264 265 295
264 289 295
264 289 298
265 286 295
267 269 271
268 269 276
268 270 276
269 271 273
269 273 276
270 276 277
270 277 283
270 280 283
271 273 275
272 274 275
273 275 281
273 276 277
273 277 281
274 275 285
274 284 286
274 285 286
275 281 285
277 281 282
277 282 283
278 279 283
278 280 283
279 283 293
279 293 316
279 314 316
281 282 285
282 283 293
282 285 293
285 286 292
285 292 293
286 292 296
286 294 295
286 294 296
289 295 322
289 298 325
289 322 325
290 308 309
292 293 296
293 296 327
293 316 317
293 317 327
294 295 322
294 296 327
294 322 324
294 324 327
297 300 301
297 300 302
298 302 305
298 305 325
299 301 303
299 303 326
300 301 304
300 302 306
300 304 306
301 303 304
302 305 307
302 306 307
303 304 306
303 306 326
305 307 328
305 325 328
306 307 323
306 323 326
307 323 328
308 309 310
309 310 311
310 311 313
311 312 319
311 313 319
312 318 319
313 315 319
314 315 317
314 316 317
315 317 319
317 319 327
318 319 322
318 320 322
319 322 324
319 324 327
320 321 322
320 321 323
321 322 325
321 323 328
321 325 328
