VERTICES
-1.35186 -0.793453 -1.05331
-1.46305 -0.512689 -0.998903
-1.16378 -0.383887 -2.47141
-1.63341 -0.432494 -1.3998
-1.69651 -0.264091 -0.999228
-1.9309 0.128997 -1.04839
-1.37024 -0.269463 -2.46046
-1.35181 -0.0117515 -2.68304
-1.15409 -0.207556 -2.55224
-0.950397 -1.15217 -1.1379
-0.965053 -0.831164 -1.93505
-0.521589 -1.23876 -1.39125
-0.761624 -0.743701 -2.06611
-0.580742 -1.03727 -1.6925
-0.941278 -0.218369 -2.35733
-0.726165 -0.38225 -2.03186
-0.468358 0.0315451 -1.4735
-0.355132 -0.648807 -0.993249
-0.413958 -0.152109 -1.14532
-1.75671 -0.420698 -0.496598
-1.74553 -0.535473 -0.49724
-1.64381 -0.548934 -0.454968
-1.5058 -0.863662 -0.440982
-1.94253 -0.347558 -0.582707
-2.03815 -0.0406013 -0.527484
-1.79832 -0.150938 -0.980264
-1.797 0.0668483 -0.931822
-1.86043 -0.136537 -0.537259
-0.7783 -1.13015 -0.855175
-0.657395 -1.01295 -0.723897
-0.356223 -1.26122 -0.505559
-0.593977 -1.21084 -0.855168
-0.35201 -1.12642 -0.423745
-0.368426 -0.388534 -0.92635
-0.663315 -0.791432 -0.654094
-0.916932 -0.0589799 -0.607647
-0.607066 -0.234536 -0.484
-0.426155 -0.35736 -0.384707
-1.40112 -1.26723 -0.236889
-1.11691 -1.26514 -0.349079
-0.991766 -1.54489 -0.190881
-0.951815 -1.38526 -0.303142
-0.730256 -0.938847 -0.181003
-0.280935 -1.02732 -0.226137
-0.689277 -1.52063 -0.0525107
-0.578158 -1.41323 0.229021
-0.610575 -0.927225 -0.0402583
-1.36776 -1.30062 0.273723
-0.624134 -1.62153 0.233759
-0.701341 -1.66121 0.614469
-0.654094 -1.38514 0.962403
-0.641192 -0.875413 1.25118
-0.470846 -1.53364 0.691451
-0.538954 -1.51019 0.785917
-0.529478 -1.26614 0.338455
-0.395362 -1.23549 1.07388
-0.339279 -0.839561 1.39389
-0.887802 -0.716859 -0.201559
-1.85054 -0.764467 0.232311
-1.87041 -0.575653 -0.353902
-2.19813 0.00480085 -0.227476
-0.413134 0.0379317 -0.218298
-0.395968 -0.397171 -0.329778
-0.751878 0.131381 0.0379712
-0.632926 -0.335293 0.148828
-0.732546 -0.161296 0.0346336
-1.91814 -0.488517 0.429481
-1.64297 -0.790694 0.597692
-1.41899 -0.135638 1.12977
-1.33349 -0.71445 0.97452
-0.719293 -0.137756 1.46008
-0.412988 -0.669918 0.767696
-0.45415 0.102838 0.783232
-0.283942 -0.719957 1.22464
-0.303175 -0.471402 1.39349
-0.332981 -0.0702954 1.48316
-1.87008 0.400364 -1.75553
-2.06315 0.677239 -1.08447
-1.63713 0.641613 -2.85924
-1.73298 0.72668 -2.62174
-1.58496 0.297352 -2.75852
-1.44907 0.610494 -2.86125
-1.2771 0.622157 -2.7046
-0.604949 0.643585 -1.6159
-0.305227 0.662887 -1.24195
-1.96508 0.464658 -0.970063
-1.9619 0.691961 -0.908488
-2.17291 0.713808 -0.771081
-2.07006 0.503262 -0.701962
-2.03528 0.670047 -0.835972
-1.35929 0.560402 -0.738008
-1.19964 0.686604 -0.553356
-1.92438 0.738315 -0.817867
-1.66801 0.764449 -0.681288
-1.49807 0.779398 -0.68354
-1.48071 0.886391 -2.89453
-1.74364 1.09667 -2.18538
-1.5559 1.1425 -2.7199
-1.47678 1.72265 -1.6406
-1.41848 1.14821 -2.80931
-1.25075 1.30396 -2.50422
-1.38701 1.72966 -1.68483
-0.919564 0.780761 -2.15354
-1.1024 0.911245 -2.47527
-1.7527 1.38257 -1.63283
-1.14723 1.68193 -1.52703
-2.11122 1.44258 -0.566517
-1.78542 1.91167 -0.631937
-1.21714 2.23522 -0.81053
-1.12477 1.96094 -1.10231
-0.973694 2.25662 -0.740626
-0.586127 1.00733 -1.00469
-0.786126 1.14089 -1.13997
-0.481111 1.67664 -0.538089
-1.55151 0.426892 -0.474624
-1.01105 0.560935 -0.502376
-2.23315 0.368262 -0.346932
-1.04182 0.481056 -0.359148
-2.20871 0.330547 0.197591
-1.98737 0.184617 0.614157
-2.25509 0.89892 0.0692651
-1.99693 0.834036 0.600969
-1.48225 0.426875 1.12489
-1.83145 1.87973 -0.347883
-2.15157 1.43713 -0.258211
-1.33143 2.26681 -0.242968
-1.4334 2.03418 0.0968818
-1.0379 2.27084 0.0943176
-1.8336 0.909627 0.741921
-1.92723 1.37251 0.354992
-1.06411 1.20356 1.02379
-1.23082 1.89241 0.470669
-1.33036 1.22941 0.916099
-0.700345 0.381263 0.0550277
-0.838337 0.421301 -0.29428
-0.316076 0.182053 0.0454197
-0.473905 0.672377 0.191947
-0.537295 0.714324 0.226086
-0.394047 0.172415 1.25899
-0.670978 0.426728 1.41976
-0.368124 0.672754 0.803546
-0.412339 0.521824 1.34877
-0.319472 0.728828 1.08202
-0.325183 1.3545 -0.53465
-0.552805 2.06971 -0.532757
-0.715778 2.30392 -0.308627
-0.556467 2.28148 0.0621257
-0.553507 2.23842 0.217942
-0.483095 0.732953 0.536881
-0.448469 0.765607 0.484895
-0.664346 1.90267 0.602834
-0.426209 0.788848 1.29469
-0.55426 1.24303 1.07901
-0.193877 -1.50925 -0.742789
0.47408 -1.55982 -0.643862
-0.029789 -1.70369 -0.404052
0.655801 -1.58712 -0.518634
-0.181875 -1.77365 0.0115264
0.122371 -1.8801 0.112774
-0.218354 -1.6103 -0.0439812
-0.0602055 -1.55763 0.519504
-0.0329411 -1.75945 0.531228
-0.244214 -1.29863 -1.19704
0.236982 -1.423 -0.870027
-0.194115 -1.23962 -1.18255
-0.0279226 -0.723706 -0.692122
0.058641 -0.837624 -0.677185
-0.272414 -0.851249 -0.174856
-0.273893 -0.307066 -0.127041
-0.209475 -1.44615 0.0784155
0.295965 -0.444278 -0.50057
0.492838 -1.12346 -0.389683
0.849592 -1.54052 -0.273192
0.70666 -1.47789 -0.480648
2.02445 -1.57063 0.119189
1.71507 -1.54935 0.0681999
1.01774 -1.62918 0.321434
0.887696 -1.73331 0.324952
0.973351 -1.46209 0.189476
2.34242 -1.46382 0.235036
2.5321 -1.56466 0.26063
1.63109 -1.43398 0.0399912
1.2254 -1.42431 0.0876902
0.784366 -0.556067 -0.0499099
0.894523 -1.23318 0.0852326
0.973419 -0.698643 0.188847
1.18971 -0.693641 0.238237
1.27072 -1.16779 0.249277
0.971693 -1.19895 0.313003
2.05518 -0.738428 0.491604
2.34114 -0.28652 0.447563
0.166532 -1.78098 0.817898
0.0426748 -1.68585 0.772275
0.572065 -1.83168 0.576713
1.3759 -1.65909 0.756019
2.50013 -1.20158 0.628215
2.88913 -1.4599 0.656056
2.90002 -1.64823 0.666621
3.16263 -1.56633 0.761427
3.28752 -1.35632 0.708306
0.124278 -1.49068 0.93278
0.683892 -1.70223 0.873987
0.387511 -1.19572 1.35367
2.14056 -1.48814 1.37977
0.684089 -1.31842 1.22266
2.50964 -1.66463 0.847404
2.59065 -1.57966 1.03815
3.13771 -1.42836 0.959323
2.21608 -1.30683 1.38934
2.98212 -1.1309 1.08802
2.8068 -1.08597 0.628921
0.0428223 -0.745042 0.629962
2.97813 -0.276002 0.669955
3.2528 -0.546649 0.989033
3.35882 -0.933502 0.687391
3.38901 -0.645776 0.697119
3.3533 -0.787054 0.857884
3.53548 -0.362173 0.844163
3.4972 -0.281692 0.718756
-0.276057 -1.01383 1.16363
0.130326 -0.486845 1.20142
-0.268326 -0.876415 1.31264
0.208344 -0.938186 1.36948
0.155143 -0.650231 1.41885
0.933779 -0.785447 1.56247
0.295327 -0.609606 1.61055
2.5559 -0.730733 1.28039
2.11325 -0.50882 1.43427
1.52951 -0.617852 1.59446
-0.240286 -0.129708 0.00363043
-0.163859 0.28321 -1.26501
-0.1478 -0.0326355 -0.526167
0.014963 0.0633401 -0.3489
0.197995 0.170885 -0.754078
0.231279 0.304337 -0.886981
0.716201 0.198756 -0.17423
0.737139 0.40384 -0.538133
1.37823 0.41591 0.00603857
0.963128 0.11124 0.129768
1.22846 0.178404 0.0575522
-0.125188 -0.164982 0.209914
0.760753 -0.19239 0.169592
-0.115878 0.186638 0.335408
1.61823 -0.202782 0.364239
1.27134 -0.128633 0.376508
1.54854 0.174986 0.121735
1.59632 0.32027 0.149259
1.72208 0.171621 0.454252
-0.025219 0.449509 -1.17161
0.144362 0.607186 -0.98699
0.298895 0.692338 -0.736301
-0.0796729 2.03004 -0.248639
0.63013 0.540813 -0.613438
0.867735 0.541301 -0.387615
0.707697 0.827151 -0.280281
1.19913 0.480277 -0.247466
1.07261 0.819361 -0.224553
0.0546412 2.02844 -0.0570142
0.215024 1.70376 -0.130097
-0.189431 0.598413 0.482931
0.393239 1.60036 0.0548545
0.219688 1.89277 0.199262
0.956552 0.969021 -0.0240826
0.774269 1.02055 0.157896
1.30704 0.617481 -0.158643
1.42727 0.63763 0.422359
1.22223 0.863202 0.454154
1.61856 0.0927785 0.558431
0.0485444 -0.236367 0.671526
1.63416 0.503156 0.530276
-0.159599 0.757519 0.746684
0.310652 1.25681 0.898118
0.0146517 1.93677 0.484184
1.12107 0.803937 0.984043
0.759592 1.0367 0.560907
0.606065 1.16687 0.762307
2.35207 0.0383916 0.652796
1.8562 0.184376 0.888918
3.27193 -0.193914 0.694177
2.59791 0.0770861 0.671261
3.4845 -0.0178611 0.779923
1.71042 0.544406 0.786627
3.18049 0.471809 0.925998
2.59841 0.454994 0.933106
3.16261 0.541342 0.97641
2.75974 0.611467 0.995218
0.127436 -0.101768 1.35828
0.226774 0.28105 1.44121
0.148751 0.00955011 1.46541
0.161982 -0.268516 1.47467
0.33996 0.290541 1.53003
0.0113079 0.684234 1.14774
-0.139129 0.793192 1.10205
0.132522 0.505046 1.32252
0.279011 0.860781 1.20637
0.495856 0.606645 1.3763
0.799032 0.00360578 1.77912
0.841818 0.158676 1.68308
3.04294 -0.0490199 1.11136
2.6344 0.161985 1.20626
1.68777 0.16268 1.51759
3.31691 0.171475 1.02339
1.82173 0.17036 1.44034
2.04925 0.221687 1.05658
1.53267 0.499316 1.14216
2.42916 0.349451 1.10583
TETRAHEDRA
153 163 162 164
27 88 24 114
16 1 35 4
155 43 30 159
76 25 26 5
26 16 3 76
3 6 80 76
160 211 188 184
149 259 260 270
298 213 226 212
181 180 179 174
15 0 1 3
21 19 66 65
146 113 147 110
115 117 134 137
97 95 103 82
13 10 15 12
6 7 80 76
3 14 6 76
82 96 78 79
111 115 134 143
193 201 194 177
96 77 76 104
16 1 4 3
230 84 16 18
0 6 3 15
140 132 130 148
93 116 114 120
295 275 273 274
242 240 235 241
149 137 143 258
235 234 233 232
110 113 109 144
131 91 129 126
106 104 107 94
194 187 182 176
111 250 249 143
104 106 92 93
0 36 33 35
299 302 305 303
94 104 92 93
14 8 7 82
168 62 231 170
142 140 141 139
17 29 165 34
5 26 90 85
7 80 76 82
160 167 211 169
39 38 40 47
231 35 18 36
32 62 165 34
16 15 1 3
14 8 6 7
134 250 136 232
167 166 171 43
136 149 260 258
209 207 216 213
115 111 91 143
117 94 129 91
272 149 143 258
15 3 14 6
244 228 186 243
32 167 43 165
10 13 9 11
62 165 37 231
121 119 117 128
152 270 142 140
31 166 165 30
28 29 31 17
272 260 261 271
231 115 36 134
298 213 212 278
252 250 232 254
17 153 163 154
29 165 34 32
16 15 0 1
268 211 241 185
231 35 36 115
11 164 31 162
193 178 188 177
26 4 25 3
117 115 91 137
113 132 150 127
129 114 94 117
259 270 275 271
168 229 240 232
62 167 165 170
200 160 211 188
228 224 297 244
164 31 162 153
188 204 186 185
186 184 188 185
254 136 135 259
173 177 178 158
193 178 184 188
167 166 170 171
183 167 170 171
67 64 57 65
184 171 173 172
33 18 0 1
47 69 67 50
58 66 67 65
28 29 17 34
77 104 106 92
119 114 117 63
79 96 76 102
13 164 11 162
28 9 11 31
295 241 238 244
28 0 17 9
19 59 60 27
163 153 162 154
155 154 162 153
33 28 36 0
47 57 46 42
155 159 158 169
221 51 56 73
69 47 57 46
17 165 33 37
164 13 11 17
9 28 11 17
13 9 11 17
164 11 31 17
17 153 164 163
11 28 31 17
59 19 60 66
33 18 1 35
104 98 107 109
102 104 83 112
83 111 112 90
8 14 6 2
238 235 263 262
76 83 112 90
304 295 273 297
8 6 7 2
18 16 0 1
88 93 116 114
294 275 295 274
121 117 129 128
177 178 176 156
31 166 17 165
29 31 17 165
78 82 95 97
76 25 3 26
104 77 90 94
240 229 242 232
33 28 0 17
113 107 123 125
302 281 277 300
0 35 33 1
177 178 188 176
80 79 76 82
26 16 4 3
97 96 100 98
17 15 13 10
13 9 17 0
10 13 17 0
13 10 9 0
33 15 0 18
15 17 0 10
16 15 18 0
84 16 18 35
36 0 1 35
33 34 28 17
18 16 1 35
111 90 115 91
230 84 18 35
268 167 240 211
114 117 129 121
167 183 240 211
112 104 90 94
116 114 120 118
224 220 244 185
199 198 207 196
215 216 217 213
12 14 8 2
84 111 83 115
120 119 114 121
59 24 60 27
260 149 270 271
250 111 249 134
10 15 12 2
12 15 14 2
15 10 6 2
14 15 6 2
95 99 103 82
94 93 129 124
236 249 234 252
78 82 79 80
99 97 101 98
96 104 101 98
126 94 123 91
107 104 109 94
84 230 16 83
100 96 101 98
97 96 82 103
96 82 103 102
82 97 78 96
76 79 102 82
99 97 100 101
16 15 3 76
3 15 14 76
14 7 76 82
77 124 87 92
99 97 95 103
83 82 14 76
258 260 257 261
104 105 98 109
97 100 101 98
7 80 82 81
195 181 179 174
105 101 98 109
97 96 103 100
99 97 103 100
131 91 132 129
92 124 87 93
96 102 103 100
83 82 76 102
96 76 102 104
98 107 109 108
36 0 28 1
258 113 257 251
102 104 105 101
102 96 104 101
96 102 100 101
100 102 105 101
90 77 85 86
104 105 101 98
36 231 134 61
93 120 129 124
111 112 90 91
250 111 134 143
249 250 134 232
113 107 109 94
113 109 112 94
137 149 136 258
149 272 260 258
5 26 76 90
250 134 136 143
113 110 109 108
107 113 109 108
146 251 110 257
76 102 104 83
152 292 270 271
234 231 230 18
230 84 248 83
137 117 133 128
253 235 254 236
104 105 109 94
107 113 108 125
272 260 258 261
258 263 260 250
146 110 145 257
115 26 90 35
155 156 154 171
253 235 256 262
77 76 104 90
104 76 112 90
15 14 76 83
16 15 76 83
104 102 105 112
265 245 269 267
119 114 121 117
77 5 76 85
140 149 152 270
252 232 235 254
234 232 250 249
235 234 232 236
252 250 249 234
262 238 264 237
105 104 112 94
151 142 141 139
106 104 94 93
109 105 112 94
104 76 83 112
65 122 68 63
124 116 87 93
249 134 231 232
91 113 123 126
140 149 148 152
26 35 4 90
16 26 4 90
35 16 4 90
26 16 76 90
76 16 83 90
76 5 90 85
77 76 90 85
119 117 133 63
91 113 137 143
83 111 90 115
77 90 94 86
104 94 92 86
77 104 92 86
104 77 94 86
86 91 90 94
25 35 4 26
151 152 140 130
148 137 133 122
92 89 88 87
89 92 86 87
77 89 86 87
92 77 86 87
92 124 93 106
93 92 88 87
24 88 116 114
24 114 60 27
116 87 93 88
168 62 37 231
47 22 58 57
229 135 242 232
61 37 36 231
106 94 123 124
84 16 35 115
35 16 90 115
42 21 39 57
16 83 90 115
16 84 83 115
117 134 137 133
71 68 70 72
119 133 122 63
62 168 167 170
186 228 189 243
90 112 94 91
112 113 94 91
33 34 37 36
135 259 242 232
84 111 115 134
111 84 249 134
233 249 231 232
33 34 36 28
94 106 93 124
132 91 137 117
94 126 129 91
137 259 136 149
113 131 126 91
149 272 143 150
150 261 272 258
149 272 270 271
259 260 270 271
272 261 275 271
115 91 137 143
134 137 136 143
134 115 137 143
254 136 263 250
111 113 112 143
112 113 91 143
111 112 91 143
275 259 263 274
146 251 257 147
223 289 225 220
113 131 132 127
242 238 263 274
146 110 147 145
272 149 260 271
236 234 232 252
149 259 136 260
137 149 143 150
137 136 143 258
143 136 260 258
32 167 62 43
126 94 129 124
250 136 260 143
258 144 113 251
147 113 251 150
113 137 143 150
146 261 147 257
257 147 251 150
113 257 251 150
143 272 258 150
113 143 258 150
150 261 258 257
113 258 257 150
146 113 251 147
108 147 113 110
114 129 94 93
107 106 94 123
150 91 113 137
113 125 126 127
23 59 19 27
123 113 125 126
147 108 145 110
121 114 120 129
113 94 91 123
113 107 94 123
113 131 91 132
152 292 271 294
166 165 30 32
137 149 150 130
114 93 120 129
117 129 128 132
148 149 137 130
124 116 93 120
147 113 150 127
131 113 126 127
146 144 113 110
140 122 139 132
149 272 150 152
59 21 66 58
220 241 244 185
149 272 152 270
259 242 232 254
277 267 304 281
171 167 169 211
272 152 270 271
150 149 152 130
254 136 232 135
261 260 275 271
224 228 297 296
270 259 275 274
202 200 222 211
289 225 224 296
270 275 271 294
292 270 271 294
212 214 216 210
294 304 273 271
152 148 140 130
292 270 294 291
266 238 262 237
65 119 63 66
150 132 137 130
220 289 224 296
194 181 175 182
183 184 173 172
202 222 225 224
287 293 290 295
51 71 74 73
268 295 286 241
19 63 27 66
171 153 30 166
292 152 270 142
232 252 234 250
295 293 291 242
183 240 211 241
133 119 122 128
151 152 142 140
137 117 128 132
140 122 132 148
149 148 152 130
151 140 139 130
142 151 140 139
137 133 122 128
201 200 204 188
219 55 221 56
117 119 133 128
137 148 130 132
148 137 122 132
122 137 128 132
211 204 188 185
171 166 30 32
220 268 241 185
64 63 65 72
59 24 27 23
38 22 47 57
34 33 37 17
57 19 21 65
155 156 171 158
122 65 119 63
41 39 47 42
41 39 40 47
231 234 230 248
165 17 34 37
20 59 21 19
39 21 22 57
38 22 59 58
38 39 22 57
37 33 36 231
61 136 135 232
33 18 35 36
58 67 57 65
59 22 20 21
167 229 240 168
59 22 21 58
39 38 47 57
62 165 34 37
22 38 47 58
116 24 114 60
60 59 66 58
119 118 60 66
116 114 118 60
47 58 67 57
114 119 118 60
59 21 19 66
60 19 27 66
62 165 231 170
114 60 27 66
114 119 60 66
220 224 204 185
224 244 186 185
153 17 166 154
159 157 158 169
69 47 67 57
64 69 67 57
171 155 43 30
22 21 58 57
43 171 30 32
64 69 57 46
165 166 43 32
51 56 74 70
166 171 43 32
32 31 165 30
54 44 45 47
21 58 57 65
165 33 37 231
33 18 36 231
168 37 61 231
183 167 240 170
21 66 58 65
78 82 80 81
234 231 249 248
114 119 66 63
211 240 268 241
231 115 134 84
231 35 115 84
84 230 248 231
287 293 295 268
167 166 165 170
84 249 134 231
84 248 249 231
63 68 65 72
286 289 297 296
211 188 184 185
27 114 66 63
134 61 231 232
168 61 229 232
61 168 231 232
240 168 232 170
158 157 160 169
229 61 135 232
228 267 277 243
167 168 240 170
204 224 186 185
270 275 294 274
302 300 227 299
69 64 67 65
64 69 68 65
168 231 232 170
295 293 242 268
295 287 268 286
47 39 57 42
183 232 170 240
290 287 295 286
166 167 165 43
173 158 178 171
68 64 65 72
268 295 241 238
227 195 209 208
146 144 251 113
17 153 166 31
49 55 54 50
69 47 54 50
194 187 181 182
159 153 30 155
155 43 159 169
40 41 47 44
47 41 42 44
171 167 43 169
52 54 49 53
171 155 158 169
155 171 43 169
157 155 159 158
171 178 172 184
221 71 54 51
169 161 157 160
193 158 184 177
161 193 158 160
157 161 158 160
49 44 47 45
54 44 47 46
46 44 47 42
69 47 46 54
193 191 200 192
71 51 74 70
46 69 54 71
219 221 51 56
193 178 177 184
288 286 297 296
49 44 45 48
49 44 40 47
45 48 52 49
47 45 54 49
47 54 50 49
240 242 268 241
68 139 70 72
52 219 54 53
54 45 52 49
55 219 51 56
161 193 160 192
160 193 200 192
193 161 191 192
177 188 201 176
288 289 286 296
54 51 71 69
56 75 74 70
220 224 297 296
122 140 72 148
70 139 138 72
173 177 158 156
140 141 139 138
202 200 211 204
183 167 171 211
120 119 118 114
139 122 68 70
289 225 220 224
266 264 265 237
160 222 200 211
122 68 63 72
287 293 268 286
200 211 204 188
228 189 203 194
56 51 74 73
64 69 46 71
221 54 219 51
221 71 51 73
139 141 75 138
70 139 75 138
240 232 235 241
228 300 297 296
55 51 54 50
54 219 51 55
69 51 71 70
68 69 71 70
69 68 51 70
289 220 297 296
138 71 75 70
212 218 278 213
71 75 70 74
225 289 288 296
279 299 283 305
193 160 200 188
300 228 277 302
140 142 141 138
287 290 288 286
69 68 71 72
64 69 71 72
69 64 68 72
160 158 169 184
139 140 138 72
140 122 72 139
133 148 122 72
133 122 63 72
122 139 68 72
280 279 278 282
267 228 244 243
267 300 228 277
275 294 295 273
223 222 220 224
222 223 225 224
225 223 220 224
191 193 200 201
201 205 194 203
276 299 305 303
204 224 187 188
235 263 262 254
295 290 286 297
238 295 244 273
290 288 286 297
193 158 160 184
289 220 286 297
266 262 264 237
290 288 297 296
290 225 288 296
200 191 201 204
222 220 224 204
202 222 224 204
222 202 211 204
220 222 211 204
203 201 204 194
224 203 204 194
203 224 228 194
193 200 201 188
220 211 268 185
224 228 194 187
178 177 184 158
204 224 194 187
160 169 211 184
169 171 211 184
171 183 211 184
182 187 178 176
158 171 169 184
193 160 188 184
201 204 194 188
194 204 187 188
238 295 273 274
235 242 241 238
235 255 238 239
255 238 239 237
173 177 156 178
203 209 206 208
235 252 254 236
242 268 241 238
227 203 189 208
211 220 204 185
275 271 294 273
175 194 182 176
187 188 178 176
187 194 188 176
201 194 177 176
194 201 188 176
140 132 139 130
171 183 184 173
242 295 268 238
173 158 171 156
232 242 235 254
267 304 281 269
156 154 171 173
259 242 263 274
242 240 232 235
238 255 256 262
260 275 263 274
239 238 265 237
247 244 267 245
183 211 184 185
185 172 184 183
211 183 241 185
224 220 297 244
295 286 241 244
286 295 297 244
300 228 297 244
300 267 228 244
220 286 297 244
268 220 241 244
220 268 286 244
286 268 241 244
226 195 210 209
224 187 188 186
228 224 244 186
224 228 187 186
175 197 174 195
245 265 244 267
294 304 295 273
204 224 188 186
217 280 218 278
243 187 189 186
228 187 186 189
298 280 217 278
195 187 194 189
213 217 218 278
228 194 187 189
175 197 195 205
195 175 194 181
260 275 271 263
235 238 256 262
195 206 205 196
277 189 243 190
276 243 190 267
238 263 266 262
267 277 243 190
259 260 271 263
242 259 235 254
203 194 189 195
197 174 195 179
214 209 207 216
209 214 210 216
206 209 207 196
197 195 205 196
190 277 227 276
210 209 216 213
195 209 196 214
199 214 207 216
190 189 226 227
209 199 196 214
209 199 214 207
77 124 92 106
209 195 196 206
195 214 210 209
197 174 179 180
277 228 243 227
298 280 278 301
203 194 195 205
207 205 196 197
198 207 196 197
189 203 195 208
277 189 190 227
228 189 243 227
206 195 205 208
203 206 205 208
195 203 205 208
300 228 302 227
189 277 243 227
228 277 302 227
213 210 226 212
263 136 259 260
146 144 110 251
276 299 279 305
210 209 213 226
190 189 210 226
209 199 207 196
227 195 208 189
209 208 195 206
195 226 210 189
226 195 227 189
252 253 254 236
267 277 190 276
298 217 213 278
226 227 299 276
226 190 227 276
210 190 226 212
226 190 279 212
283 276 305 303
215 216 213 212
216 210 213 212
226 190 276 279
227 299 276 303
217 215 213 218
299 226 276 279
35 231 230 84
254 136 259 263
298 226 299 212
299 226 279 212
298 299 279 212
263 136 260 250
171 153 155 30
153 166 31 30
280 298 217 301
277 302 227 303
212 298 278 301
277 227 276 303
226 195 209 227
283 299 285 305
238 263 274 266
276 279 283 305
227 302 299 303
299 298 279 283
267 244 273 265
235 259 263 254
232 252 235 236
280 278 301 282
298 279 283 282
299 283 285 282
284 299 285 282
279 212 278 282
278 212 301 282
298 284 301 282
284 298 299 282
299 298 283 282
279 298 212 282
212 298 301 282
267 300 277 304
281 300 304 277
297 300 244 304
300 267 244 304
295 297 244 273
244 297 304 273
267 244 304 273
275 259 271 263
259 242 235 263
235 242 238 263
242 295 238 274
259 291 242 274
270 294 291 274
259 270 291 274
294 295 291 274
291 295 242 274
273 238 274 266
238 255 264 237
244 238 273 265
256 253 262 254
65 67 119 66
253 235 262 254
255 253 235 256
255 235 238 256
135 259 232 254
136 254 232 250
238 266 265 237
265 245 244 238
269 245 246 267
255 256 262 264
304 266 265 273
273 238 266 265
304 281 269 265
265 245 238 239
267 304 269 265
304 267 273 265
32 167 165 62
238 255 262 264
265 245 239 237
245 267 247 246
247 267 269 246
279 243 190 276
65 69 119 67
65 122 69 68
149 140 259 270
250 260 258 143
153 17 164 31
0 6 15 10
61 62 37 168
33 15 17 0
221 74 73 56
35 231 18 230
147 261 150 257
147 261 272 150
153 171 155 154
113 132 91 150
171 153 166 154
147 125 108 113
195 175 181 174
205 175 194 195
188 177 201 193
207 205 206 196
126 94 124 123
234 231 233 249
171 178 184 158
173 178 172 171
173 178 156 172
234 232 249 233
150 91 137 132
132 91 117 129
140 292 270 142
54 51 69 50
65 122 119 69
147 125 113 127
7 14 76 6
304 266 281 265
49 55 53 54
32 31 29 165
96 82 102 79
82 78 95 81
196 179 197 195
75 71 73 74
189 228 203 227
196 179 180 197
19 63 66 65
24 87 116 88
269 245 237 246
265 245 237 269
212 218 213 215
42 64 57 46
219 53 55 54
195 187 181 194
212 214 215 216
183 232 240 241
138 71 70 72
61 136 232 134
EDGES
0 1
0 3
0 6
0 9
0 10
0 13
0 15
0 16
0 17
0 18
0 28
0 33
0 35
0 36
1 3
1 4
1 15
1 16
1 18
1 28
1 33
1 35
1 36
2 6
2 7
2 8
2 10
2 12
2 14
2 15
3 4
3 6
3 14
3 15
3 16
3 25
3 26
3 76
3 80
4 16
4 25
4 26
4 35
4 90
5 25
5 26
5 76
5 77
5 85
5 90
6 7
6 8
6 10
6 14
6 15
6 76
6 80
7 8
7 14
7 76
7 80
7 81
7 82
8 12
8 14
8 82
9 10
9 11
9 13
9 17
9 28
9 31
10 11
10 12
10 13
10 15
10 17
11 13
11 17
11 28
11 31
11 162
11 164
12 13
12 14
12 15
13 15
13 17
13 162
13 164
14 15
14 76
14 82
14 83
15 16
15 17
15 18
15 33
15 76
15 83
16 18
16 26
16 35
16 76
16 83
16 84
16 90
16 115
16 230
17 28
17 29
17 31
17 33
17 34
17 37
17 153
17 154
17 163
17 164
17 165
17 166
18 33
18 35
18 36
18 84
18 230
18 231
18 234
19 20
19 21
19 23
19 27
19 57
19 59
19 60
19 63
19 65
19 66
20 21
20 22
20 59
21 22
21 39
21 42
21 57
21 58
21 59
21 65
21 66
22 38
22 39
22 47
22 57
22 58
22 59
23 24
23 27
23 59
24 27
24 59
24 60
24 87
24 88
24 114
24 116
25 26
25 35
25 76
26 35
26 76
26 85
26 90
26 115
27 59
27 60
27 63
27 66
27 88
27 114
28 29
28 31
28 33
28 34
28 36
29 31
29 32
29 34
29 165
30 31
30 32
30 43
30 153
30 155
30 159
30 165
30 166
30 171
31 32
31 153
31 162
31 164
31 165
31 166
32 34
32 43
32 62
32 165
32 166
32 167
32 171
33 34
33 35
33 36
33 37
33 165
33 231
34 36
34 37
34 62
34 165
35 36
35 84
35 90
35 115
35 230
35 231
36 37
36 61
36 115
36 134
36 231
37 61
37 62
37 165
37 168
37 231
38 39
38 40
38 47
38 57
38 58
38 59
39 40
39 41
39 42
39 47
39 57
40 41
40 44
40 47
40 49
41 42
41 44
41 47
42 44
42 46
42 47
42 57
42 64
43 62
43 155
43 159
43 165
43 166
43 167
43 169
43 171
44 45
44 46
44 47
44 48
44 49
44 54
45 47
45 48
45 49
45 52
45 54
46 47
46 54
46 57
46 64
46 69
46 71
47 49
47 50
47 54
47 57
47 58
47 67
47 69
48 49
48 52
49 50
49 52
49 53
49 54
49 55
50 51
50 54
50 55
50 67
50 69
51 54
51 55
51 56
51 68
51 69
51 70
51 71
51 73
51 74
51 219
51 221
52 53
52 54
52 219
53 54
53 55
53 219
54 55
54 69
54 71
54 219
54 221
55 56
55 219
55 221
56 70
56 73
56 74
56 75
56 219
56 221
57 58
57 64
57 65
57 67
57 69
58 59
58 60
58 65
58 66
58 67
59 60
59 66
60 66
60 114
60 116
60 118
60 119
61 62
61 134
61 135
61 136
61 168
61 229
61 231
61 232
62 165
62 167
62 168
62 170
62 231
63 64
63 65
63 66
63 68
63 72
63 114
63 117
63 119
63 122
63 133
64 65
64 67
64 68
64 69
64 71
64 72
65 66
65 67
65 68
65 69
65 72
65 119
65 122
66 67
66 114
66 118
66 119
67 69
67 119
68 69
68 70
68 71
68 72
68 122
68 139
69 70
69 71
69 72
69 119
69 122
70 71
70 72
70 74
70 75
70 122
70 138
70 139
71 72
71 73
71 74
71 75
71 138
71 221
72 122
72 133
72 138
72 139
72 140
72 148
73 74
73 75
73 221
74 75
74 221
75 138
75 139
75 141
76 77
76 79
76 80
76 82
76 83
76 85
76 90
76 96
76 102
76 104
76 112
77 85
77 86
77 87
77 89
77 90
77 92
77 94
77 96
77 104
77 106
77 124
78 79
78 80
78 81
78 82
78 95
78 96
78 97
79 80
79 82
79 96
79 102
80 81
80 82
81 82
81 95
82 83
82 95
82 96
82 97
82 99
82 102
82 103
83 84
83 90
83 102
83 104
83 111
83 112
83 115
83 230
83 248
84 111
84 115
84 134
84 230
84 231
84 248
84 249
85 86
85 90
86 87
86 89
86 90
86 91
86 92
86 94
86 104
87 88
87 89
87 92
87 93
87 116
87 124
88 89
88 92
88 93
88 114
88 116
89 92
90 91
90 94
90 104
90 111
90 112
90 115
91 94
91 111
91 112
91 113
91 115
91 117
91 123
91 126
91 129
91 131
91 132
91 137
91 143
91 150
92 93
92 94
92 104
92 106
92 124
93 94
93 104
93 106
93 114
93 116
93 120
93 124
93 129
94 104
94 105
94 106
94 107
94 109
94 112
94 113
94 114
94 117
94 123
94 124
94 126
94 129
95 97
95 99
95 103
96 97
96 98
96 100
96 101
96 102
96 103
96 104
97 98
97 99
97 100
97 101
97 103
98 99
98 100
98 101
98 104
98 105
98 107
98 108
98 109
99 100
99 101
99 103
100 101
100 102
100 103
100 105
101 102
101 104
101 105
101 109
102 103
102 104
102 105
102 112
104 105
104 106
104 107
104 109
104 112
105 109
105 112
106 107
106 123
106 124
107 108
107 109
107 113
107 123
107 125
108 109
108 110
108 113
108 125
108 145
108 147
109 110
109 112
109 113
109 144
110 113
110 144
110 145
110 146
110 147
110 251
110 257
111 112
111 113
111 115
111 134
111 143
111 249
111 250
112 113
112 143
113 123
113 125
113 126
113 127
113 131
113 132
113 137
113 143
113 144
113 146
113 147
113 150
113 251
113 257
113 258
114 116
114 117
114 118
114 119
114 120
114 121
114 129
115 117
115 134
115 137
115 143
115 231
116 118
116 120
116 124
117 119
117 121
117 128
117 129
117 132
117 133
117 134
117 137
118 119
118 120
119 120
119 121
119 122
119 128
119 133
120 121
120 124
120 129
121 128
121 129
122 128
122 132
122 133
122 137
122 139
122 140
122 148
123 124
123 125
123 126
124 126
124 129
125 126
125 127
125 147
126 127
126 129
126 131
127 131
127 132
127 147
127 150
128 129
128 132
128 133
128 137
129 131
129 132
130 132
130 137
130 139
130 140
130 148
130 149
130 150
130 151
130 152
131 132
132 137
132 139
132 140
132 148
132 150
133 134
133 137
133 148
134 136
134 137
134 143
134 231
134 232
134 249
134 250
135 136
135 229
135 232
135 242
135 254
135 259
136 137
136 143
136 149
136 232
136 250
136 254
136 258
136 259
136 260
136 263
137 143
137 148
137 149
137 150
137 258
137 259
138 139
138 140
138 141
138 142
139 140
139 141
139 142
139 151
140 141
140 142
140 148
140 149
140 151
140 152
140 259
140 270
140 292
141 142
141 151
142 151
142 152
142 270
142 292
143 149
143 150
143 249
143 250
143 258
143 260
143 272
144 146
144 251
144 258
145 146
145 147
145 257
146 147
146 251
146 257
146 261
147 150
147 251
147 257
147 261
147 272
148 149
148 152
149 150
149 152
149 258
149 259
149 260
149 270
149 271
149 272
150 152
150 251
150 257
150 258
150 261
150 272
151 152
152 270
152 271
152 272
152 292
152 294
153 154
153 155
153 159
153 162
153 163
153 164
153 166
153 171
154 155
154 156
154 162
154 163
154 166
154 171
154 173
155 156
155 157
155 158
155 159
155 162
155 169
155 171
156 158
156 171
156 172
156 173
156 176
156 177
156 178
157 158
157 159
157 160
157 161
157 169
158 159
158 160
158 161
158 169
158 171
158 173
158 177
158 178
158 184
158 193
159 169
160 161
160 167
160 169
160 184
160 188
160 192
160 193
160 200
160 211
160 222
161 169
161 191
161 192
161 193
162 163
162 164
163 164
165 166
165 167
165 170
165 231
166 167
166 170
166 171
167 168
167 169
167 170
167 171
167 183
167 211
167 229
167 240
167 268
168 170
168 229
168 231
168 232
168 240
169 171
169 184
169 211
170 171
170 183
170 231
170 232
170 240
171 172
171 173
171 178
171 183
171 184
171 211
172 173
172 178
172 183
172 184
172 185
173 177
173 178
173 183
173 184
174 175
174 179
174 180
174 181
174 195
174 197
175 176
175 181
175 182
175 194
175 195
175 197
175 205
176 177
176 178
176 182
176 187
176 188
176 194
176 201
177 178
177 184
177 188
177 193
177 194
177 201
178 182
178 184
178 187
178 188
178 193
179 180
179 181
179 195
179 196
179 197
180 181
180 196
180 197
181 182
181 187
181 194
181 195
182 187
182 194
183 184
183 185
183 211
183 232
183 240
183 241
184 185
184 186
184 188
184 193
184 211
185 186
185 188
185 204
185 211
185 220
185 224
185 241
185 244
185 268
186 187
186 188
186 189
186 204
186 224
186 228
186 243
186 244
187 188
187 189
187 194
187 195
187 204
187 224
187 228
187 243
188 193
188 194
188 200
188 201
188 204
188 211
188 224
189 190
189 194
189 195
189 203
189 208
189 210
189 226
189 227
189 228
189 243
189 277
190 210
190 212
190 226
190 227
190 243
190 267
190 276
190 277
190 279
191 192
191 193
191 200
191 201
191 204
192 193
192 200
193 194
193 200
193 201
194 195
194 201
194 203
194 204
194 205
194 224
194 228
195 196
195 197
195 203
195 205
195 206
195 208
195 209
195 210
195 214
195 226
195 227
196 197
196 198
196 199
196 205
196 206
196 207
196 209
196 214
197 198
197 205
197 207
198 199
198 207
199 207
199 209
199 214
199 216
200 201
200 202
200 204
200 211
200 222
201 203
201 204
201 205
202 204
202 211
202 222
202 224
202 225
203 204
203 205
203 206
203 208
203 209
203 224
203 227
203 228
204 211
204 220
204 222
204 224
205 206
205 207
205 208
206 207
206 208
206 209
207 209
207 213
207 214
207 216
208 209
208 227
209 210
209 213
209 214
209 216
209 226
209 227
210 212
210 213
210 214
210 216
210 226
211 220
211 222
211 240
211 241
211 268
212 213
212 214
212 215
212 216
212 218
212 226
212 278
212 279
212 282
212 298
212 299
212 301
213 215
213 216
213 217
213 218
213 226
213 278
213 298
214 215
214 216
215 216
215 217
215 218
216 217
217 218
217 278
217 280
217 298
217 301
218 278
218 280
219 221
220 222
220 223
220 224
220 225
220 241
220 244
220 268
220 286
220 289
220 296
220 297
222 223
222 224
222 225
223 224
223 225
223 289
224 225
224 228
224 244
224 289
224 296
224 297
225 288
225 289
225 290
225 296
226 227
226 276
226 279
226 298
226 299
227 228
227 243
227 276
227 277
227 299
227 300
227 302
227 303
228 243
228 244
228 267
228 277
228 296
228 297
228 300
228 302
229 232
229 240
229 242
230 231
230 234
230 248
231 232
231 233
231 234
231 248
231 249
232 233
232 234
232 235
232 236
232 240
232 241
232 242
232 249
232 250
232 252
232 254
232 259
233 234
233 235
233 249
234 235
234 236
234 248
234 249
234 250
234 252
235 236
235 238
235 239
235 240
235 241
235 242
235 252
235 253
235 254
235 255
235 256
235 259
235 262
235 263
236 249
236 252
236 253
236 254
237 238
237 239
237 245
237 246
237 255
237 262
237 264
237 265
237 266
237 269
238 239
238 241
238 242
238 244
238 245
238 255
238 256
238 262
238 263
238 264
238 265
238 266
238 268
238 273
238 274
238 295
239 245
239 255
239 265
240 241
240 242
240 268
241 242
241 244
241 268
241 286
241 295
242 254
242 259
242 263
242 268
242 274
242 291
242 293
242 295
243 244
243 267
243 276
243 277
243 279
244 245
244 247
244 265
244 267
244 268
244 273
244 286
244 295
244 297
244 300
244 304
245 246
245 247
245 265
245 267
245 269
246 247
246 267
246 269
247 267
247 269
248 249
249 250
249 252
250 252
250 254
250 258
250 260
250 263
251 257
251 258
252 253
252 254
253 254
253 255
253 256
253 262
254 256
254 259
254 262
254 263
255 256
255 262
255 264
256 262
256 264
257 258
257 260
257 261
258 260
258 261
258 263
258 272
259 260
259 263
259 270
259 271
259 274
259 275
259 291
260 261
260 263
260 270
260 271
260 272
260 274
260 275
261 271
261 272
261 275
262 263
262 264
262 266
263 266
263 271
263 274
263 275
264 265
264 266
265 266
265 267
265 269
265 273
265 281
265 304
266 273
266 274
266 281
266 304
267 269
267 273
267 276
267 277
267 281
267 300
267 304
268 286
268 287
268 293
268 295
269 281
269 304
270 271
270 272
270 274
270 275
270 291
270 292
270 294
271 272
271 273
271 275
271 292
271 294
271 304
272 275
273 274
273 275
273 294
273 295
273 297
273 304
274 275
274 291
274 294
274 295
275 294
275 295
276 277
276 279
276 283
276 299
276 303
276 305
277 281
277 300
277 302
277 303
277 304
278 279
278 280
278 282
278 298
278 301
279 280
279 282
279 283
279 298
279 299
279 305
280 282
280 298
280 301
281 300
281 302
281 304
282 283
282 284
282 285
282 298
282 299
282 301
283 285
283 298
283 299
283 303
283 305
284 285
284 298
284 299
284 301
285 299
285 305
286 287
286 288
286 289
286 290
286 293
286 295
286 296
286 297
287 288
287 290
287 293
287 295
288 289
288 290
288 296
288 297
289 296
289 297
290 293
290 295
290 296
290 297
291 292
291 293
291 294
291 295
292 294
293 295
294 295
294 304
295 297
295 304
296 297
296 300
297 300
297 304
298 299
298 301
299 300
299 302
299 303
299 305
300 302
300 304
302 303
302 305
303 305
SURFACE_TRIANGLES
0 1 3
0 1 28
0 3 6
0 6 10
0 9 10
0 9 28
1 3 4
1 4 35
1 28 36
1 35 36
2 6 7
2 6 10
2 7 8
2 8 12
2 10 12
3 4 25
3 6 80
3 25 76
3 76 80
4 25 35
5 25 26
5 25 76
5 26 85
5 76 77
5 77 85
6 7 80
7 8 82
7 80 81
7 81 82
8 12 14
8 14 82
9 10 11
9 11 31
9 28 31
10 11 13
10 12 13
11 13 162
11 31 162
12 13 15
12 14 15
13 15 17
13 17 164
13 162 164
14 15 83
14 82 83
15 16 18
15 16 83
15 17 33
15 18 33
16 18 230
16 83 230
17 33 165
17 154 163
17 154 166
17 163 164
17 165 166
18 33 231
18 230 234
18 231 234
19 20 21
19 20 59
19 21 57
19 23 27
19 23 59
19 27 63
19 57 65
19 63 65
20 21 22
20 22 59
21 22 39
21 39 42
21 42 57
22 38 39
22 38 59
23 24 27
23 24 59
24 27 88
24 59 60
24 60 116
24 87 88
24 87 116
25 26 35
26 35 115
26 85 90
26 90 115
27 63 114
27 88 114
28 29 31
28 29 34
28 34 36
29 31 32
29 32 34
30 31 32
30 31 153
30 32 43
30 43 159
30 153 159
31 153 162
32 34 62
32 43 62
33 165 231
34 36 37
34 37 62
35 36 115
36 37 61
36 61 134
36 115 134
37 61 62
38 39 40
38 40 47
38 47 58
38 58 59
39 40 41
39 41 42
40 41 44
40 44 49
40 47 49
41 42 44
42 44 46
42 46 64
42 57 64
43 62 167
43 159 169
43 167 169
44 45 48
44 45 54
44 46 54
44 48 49
45 48 52
45 52 54
46 54 71
46 64 71
47 49 50
47 50 67
47 58 67
48 49 52
49 50 55
49 52 53
49 53 55
50 51 55
50 51 69
50 67 69
51 55 56
51 56 70
51 68 69
51 68 70
52 53 219
52 54 219
53 55 219
54 71 221
54 219 221
55 56 221
55 219 221
56 70 75
56 74 75
56 74 221
57 64 65
58 59 60
58 60 66
58 66 67
60 66 118
60 116 118
61 62 168
61 134 136
61 135 136
61 135 229
61 168 229
62 167 168
63 64 65
63 64 72
63 72 133
63 114 117
63 117 133
64 71 72
66 67 119
66 118 119
67 69 119
68 69 122
68 70 122
69 119 122
70 75 139
70 122 139
71 72 138
71 73 75
71 73 221
71 75 138
72 133 148
72 138 140
72 140 148
73 74 75
73 74 221
75 138 141
75 139 141
76 77 96
76 79 80
76 79 96
77 85 86
77 86 89
77 87 89
77 87 124
77 96 104
77 104 106
77 106 124
78 79 80
78 79 96
78 80 81
78 81 95
78 95 97
78 96 97
81 82 95
82 83 102
82 95 99
82 99 103
82 102 103
83 84 111
83 84 248
83 102 112
83 111 112
83 230 248
84 111 249
84 248 249
85 86 90
86 89 92
86 90 91
86 91 94
86 92 94
87 88 89
87 116 124
88 89 92
88 92 93
88 93 114
90 91 115
91 94 117
91 115 117
92 93 94
93 94 114
94 114 117
95 97 99
96 97 98
96 98 104
97 98 99
98 99 101
98 101 109
98 104 107
98 107 108
98 108 109
99 100 101
99 100 103
100 101 105
100 102 103
100 102 105
101 105 109
102 105 112
104 106 107
105 109 112
106 107 123
106 123 124
107 108 125
107 123 125
108 109 110
108 110 145
108 125 147
108 145 147
109 110 144
109 112 113
109 113 144
110 144 251
110 145 257
110 251 257
111 112 113
111 113 143
111 143 249
113 143 258
113 144 258
115 117 134
116 118 120
116 120 124
117 133 134
118 119 120
119 120 121
119 121 128
119 122 128
120 121 129
120 124 129
121 128 129
122 128 132
122 132 139
123 124 126
123 125 126
124 126 129
125 126 127
125 127 147
126 127 131
126 129 131
127 131 132
127 132 150
127 147 150
128 129 132
129 131 132
130 132 139
130 132 150
130 139 151
130 150 152
130 151 152
133 134 137
133 137 148
134 136 137
135 136 259
135 229 242
135 242 259
136 137 259
137 148 149
137 149 259
138 140 142
138 141 142
139 141 151
140 142 292
140 148 149
140 149 259
140 259 270
140 270 292
141 142 151
142 151 152
142 152 292
143 249 250
143 250 258
144 251 258
145 146 147
145 146 257
146 147 261
146 257 261
147 150 272
147 261 272
150 152 272
152 271 272
152 271 294
152 292 294
153 155 159
153 155 162
154 155 156
154 155 162
154 156 173
154 162 163
154 166 171
154 171 173
155 156 158
155 157 158
155 157 159
156 158 177
156 172 173
156 172 178
156 176 177
156 176 178
157 158 161
157 159 169
157 161 169
158 161 193
158 177 193
160 161 169
160 161 192
160 167 169
160 167 211
160 192 200
160 200 222
160 211 222
161 191 192
161 191 193
162 163 164
165 166 170
165 170 231
166 170 171
167 168 229
167 211 268
167 229 240
167 240 268
170 171 183
170 183 232
170 231 232
171 173 183
172 173 183
172 178 184
172 183 185
172 184 185
174 175 181
174 175 197
174 180 181
174 180 197
175 176 182
175 176 194
175 181 182
175 194 205
175 197 205
176 177 194
176 178 182
177 193 194
178 182 187
178 184 188
178 187 188
179 180 181
179 180 196
179 181 195
179 195 196
180 196 197
181 182 187
181 187 195
183 185 241
183 232 241
184 185 186
184 186 188
185 186 244
185 241 244
186 187 188
186 187 243
186 243 244
187 189 195
187 189 243
189 190 210
189 190 243
189 195 210
190 210 212
190 212 279
190 243 279
191 192 200
191 193 201
191 200 204
191 201 204
193 194 201
194 201 205
195 196 214
195 210 214
196 197 198
196 198 199
196 199 214
197 198 207
197 205 207
198 199 207
199 207 216
199 214 216
200 202 204
200 202 222
201 203 204
201 203 205
202 204 224
202 222 225
202 224 225
203 204 224
203 205 206
203 206 209
203 208 209
203 208 227
203 224 228
203 227 228
205 206 207
206 207 209
207 209 213
207 213 216
208 209 227
209 213 226
209 226 227
210 212 214
211 220 222
211 220 268
212 214 215
212 215 218
212 218 278
212 278 279
213 216 217
213 217 298
213 226 298
214 215 216
215 216 217
215 217 218
217 218 280
217 280 301
217 298 301
218 278 280
220 222 223
220 223 289
220 268 286
220 286 289
222 223 225
223 225 289
224 225 296
224 228 296
225 288 289
225 288 290
225 290 296
226 227 299
226 298 299
227 228 300
227 299 300
228 296 300
229 240 242
230 234 248
231 232 233
231 233 234
232 233 235
232 235 241
233 234 235
234 235 236
234 236 249
234 248 249
235 236 253
235 238 239
235 238 241
235 239 255
235 253 255
236 249 252
236 252 253
237 239 245
237 239 255
237 245 246
237 246 269
237 255 264
237 264 265
237 265 269
238 239 245
238 241 244
238 244 245
240 242 268
242 259 291
242 268 293
242 291 293
243 244 267
243 267 276
243 276 279
244 245 247
244 247 267
245 246 247
246 247 269
247 267 269
249 250 252
250 252 254
250 254 263
250 258 263
251 257 258
252 253 254
253 254 256
253 255 256
254 256 262
254 262 263
255 256 264
256 262 264
257 258 260
257 260 261
258 260 263
259 270 291
260 261 275
260 263 274
260 274 275
261 272 275
262 263 266
262 264 266
263 266 274
264 265 266
265 266 281
265 269 281
266 273 274
266 273 304
266 281 304
267 269 281
267 276 277
267 277 281
268 286 293
270 291 292
271 272 275
271 273 275
271 273 304
271 294 304
273 274 275
276 277 303
276 279 283
276 283 303
277 281 302
277 302 303
278 279 280
279 280 282
279 282 283
280 282 301
281 300 302
281 300 304
282 283 285
282 284 285
282 284 301
283 285 305
283 303 305
284 285 299
284 298 299
284 298 301
285 299 305
286 287 288
286 287 293
286 288 289
287 288 290
287 290 293
290 293 295
290 295 297
290 296 297
291 292 294
291 293 295
291 294 295
294 295 304
295 297 304
296 297 300
297 300 304
299 300 302
299 302 305
302 303 305
