VERTICES
-1.11961 -0.621297 -1.59083
-1.0227 -0.52025 -2.04914
-1.34996 -0.580971 -1.86676
-1.53422 -0.0454049 -2.49773
-1.58496 0.297352 -2.75852
-1.08695 -0.383179 -2.457
-1.35181 -0.0117515 -2.68304
-0.966285 -0.360779 -2.13807
-0.92397 -0.286332 -2.11215
-0.863326 -0.191938 -2.08205
-0.868845 0.0104326 -1.6948
-0.770104 -0.0380165 -1.80774
-0.818167 0.0193189 -1.49834
-0.777466 0.0101195 -1.59057
-1.0883 -1.07748 -0.67359
-1.22155 -1.35425 -0.428393
-1.00028 -1.33048 -0.313052
-1.53204 -0.897909 -0.796181
-1.85036 -0.442797 -0.882966
-1.09482 -0.965411 -0.934653
-0.913488 -0.16396 -0.700036
-0.901945 -0.329121 -0.524218
-0.820338 -0.653686 -0.339798
-0.850627 -0.0737187 -0.884854
-0.888809 0.000771066 -1.1233
-0.45102 0.128043 -0.328291
-0.783973 0.136494 -1.03945
-0.130309 0.356986 -0.370503
-0.763684 -1.36695 -0.186416
-0.587833 -1.42795 -0.219146
-0.463543 -0.794021 -0.097
-0.411904 -1.04871 -0.0324302
-0.222024 -1.48514 -0.0305708
-0.350666 -1.58586 0.0129939
-0.15469 -1.51455 -0.00605393
-0.692387 -1.71355 0.014312
-1.64297 -0.790694 0.597692
-0.690677 -1.67736 0.611019
-0.204875 -1.80632 0.0635083
-0.0267815 -1.90625 0.481025
-0.664443 -1.37726 0.958262
-0.0173837 -1.36941 1.21782
-2.19736 0.00403488 -0.223952
-0.29311 0.0122476 -0.0719512
-2.20872 0.330548 0.197579
-0.152653 0.0111642 -0.0888665
-0.0624427 0.34527 -0.153574
-0.107659 -0.100272 0.0604431
-0.0548363 -0.430211 0.174442
-1.85057 -0.764472 0.232199
-1.98737 0.184617 0.614157
-1.91814 -0.488517 0.429481
-1.33349 -0.71445 0.97452
-1.41899 -0.135638 1.12977
-0.719363 -0.137932 1.45995
-0.0334785 0.283437 0.271875
-1.83866 0.404837 -1.8771
-1.44907 0.610494 -2.86125
-1.63713 0.641613 -2.85924
-0.919566 0.780764 -2.15354
-0.604332 0.641134 -1.61719
-0.566399 0.439061 -1.48539
-0.49127 0.556335 -1.49207
-0.386271 0.484228 -1.263
-0.603227 0.588172 -1.14686
-0.587925 0.588052 -0.887811
-0.261459 0.590372 -1.00601
-0.111912 0.504423 -0.972463
-0.118135 0.657791 -1.11634
-0.26194 0.592868 -0.688598
-1.91621 0.950524 -1.56086
-1.5559 1.1425 -2.7199
-1.7527 1.38257 -1.63283
-1.48071 0.886391 -2.89453
-1.41848 1.14821 -2.80931
-1.38701 1.72966 -1.68483
-1.1024 0.911245 -2.47527
-1.14723 1.68193 -1.52703
-2.14061 1.15201 -0.806317
-1.21714 2.23522 -0.81053
-1.12477 1.96094 -1.10231
-0.973694 2.25662 -0.740626
-0.586138 1.00733 -1.0047
-0.786126 1.14089 -1.13997
-2.23281 0.368055 -0.345756
-2.25509 0.89892 0.0692651
-1.92723 1.37251 0.354992
-1.99693 0.834036 0.600969
-1.48225 0.426875 1.12489
-1.33036 1.22941 0.916099
-1.35689 0.857697 1.07313
-1.83145 1.87973 -0.347883
-1.78542 1.91167 -0.631937
-0.715778 2.30392 -0.308627
-2.15157 1.43713 -0.258211
-1.33143 2.26681 -0.242968
-1.23082 1.89241 0.470669
-1.0379 2.27084 0.0943176
-0.443759 0.378586 -0.531635
-0.116404 0.501261 -0.632014
-0.293051 0.513365 -0.478884
-0.0280684 0.471294 0.0944691
-0.676208 0.421577 1.4184
-0.0201171 0.499155 -0.0272687
-0.162326 0.514459 1.42159
-0.481111 1.67664 -0.538089
-0.0796729 2.03004 -0.248639
-0.556467 2.28148 0.0621257
-0.664346 1.90267 0.602834
-0.553507 2.23842 0.217942
-0.645183 0.820446 1.27865
-0.554702 1.24259 1.07837
0.396827 -1.47825 -0.624873
0.399879 -1.47977 -0.608346
0.406018 -1.47523 -0.618892
0.376315 -1.79119 0.103933
0.441661 -1.84798 0.281285
0.195329 -1.60321 0.107681
0.015749 -1.60147 0.155664
0.395024 -1.46949 -0.584017
0.419142 -0.859139 -0.367247
0.336858 -0.46937 -0.321294
0.00208136 -0.419701 0.223346
0.0699464 -0.404039 0.165745
0.323968 -1.44112 -0.240407
0.335684 -0.798068 -0.290458
0.478254 -1.55577 -0.624868
0.655864 -1.58709 -0.518544
0.842038 -1.45161 -0.27871
1.71507 -1.54935 0.0681999
1.01774 -1.62918 0.321434
0.973351 -1.46209 0.189476
2.34242 -1.46382 0.235036
1.63109 -1.43398 0.0399912
0.784322 -0.556037 -0.049958
0.894523 -1.23318 0.0852326
0.973422 -0.698646 0.188851
1.2254 -1.42431 0.0876902
0.971693 -1.19895 0.313003
1.27072 -1.16779 0.249277
-0.0126906 -1.80825 0.790822
0.260688 -1.9162 0.475066
2.50013 -1.20158 0.628215
2.88913 -1.4599 0.656056
2.90002 -1.64823 0.666621
3.16263 -1.56633 0.761427
3.28752 -1.35632 0.708306
0.593536 -1.57027 1.00434
0.525721 -1.09204 1.42108
2.14056 -1.48814 1.37977
2.50964 -1.66463 0.847404
2.59065 -1.57966 1.03815
3.13771 -1.42836 0.959323
2.21608 -1.30683 1.38934
2.8068 -1.08597 0.628921
2.34114 -0.28652 0.447563
2.05518 -0.738428 0.491604
3.35882 -0.933502 0.687391
3.38901 -0.645776 0.697119
3.3533 -0.787054 0.857884
3.53548 -0.362173 0.844163
0.0433767 -0.917218 1.48671
0.796173 -0.549612 1.68285
0.933771 -0.785455 1.56248
1.52951 -0.617852 1.59446
2.11325 -0.50882 1.43427
2.5559 -0.730733 1.28039
3.2528 -0.546649 0.989033
0.0411208 0.416382 -0.154815
0.212123 -0.188888 -0.134286
0.21327 0.0713349 -0.197599
0.261609 0.315891 -0.686402
0.491119 0.234839 -0.657818
0.716176 0.198757 -0.174227
0.737149 0.403874 -0.538119
0.0729464 0.359329 0.0485094
-1.01115e-07 0.186987 0.329471
0.760755 -0.192396 0.169595
1.54854 0.174986 0.121735
0.963128 0.11124 0.129768
1.37823 0.41591 0.00603857
1.22846 0.178404 0.0575522
0.00305142 0.461823 -0.230094
0.0636538 0.595098 -0.589705
0.00188444 0.593778 -0.548024
0.063961 0.591754 -0.85258
0.148257 0.616972 -0.964151
0.707697 0.827151 -0.280281
0.930988 0.573235 -0.34279
0.215024 1.70376 -0.130097
-4.11292e-08 0.467549 0.1412
0.219688 1.89277 0.199262
0.774269 1.02055 0.157896
0.393239 1.60036 0.0548545
1.30704 0.617481 -0.158643
1.07261 0.819361 -0.224553
1.61823 -0.202782 0.364239
1.27134 -0.128633 0.376508
1.61856 0.0927785 0.558431
0.606065 1.16687 0.762307
0.0146517 1.93677 0.484184
1.63416 0.503156 0.530276
1.42727 0.63763 0.422359
2.97813 -0.276002 0.669955
3.4972 -0.281692 0.718756
3.4845 -0.0178611 0.779923
1.72208 0.171621 0.454252
2.35207 0.0383916 0.652796
1.71042 0.544406 0.786627
2.59791 0.0770861 0.671261
1.82173 0.17036 1.44034
0.799007 0.00360683 1.77914
0.841822 0.158615 1.68308
0.267299 0.855271 1.21288
0.31063 1.2568 0.898136
1.8562 0.184376 0.888918
1.53267 0.499316 1.14216
2.04925 0.221687 1.05658
2.6344 0.161985 1.20626
3.31691 0.171475 1.02339
3.18049 0.471809 0.925998
2.59841 0.454994 0.933106
3.16261 0.541342 0.97641
2.75974 0.611467 0.995218
TETRAHEDRA
45 101 46 43
60 12 64 70
138 117 135 131
64 13 26 12
84 65 85 98
169 125 121 123
74 71 76 75
176 48 122 54
2 7 0 5
56 24 12 70
56 59 76 70
216 215 198 208
66 185 68 69
179 192 188 173
122 41 161 40
25 20 22 21
176 177 122 123
209 219 203 220
101 190 200 111
108 101 200 111
96 94 105 86
108 89 101 111
157 203 159 158
89 98 100 101
108 189 101 103
3 57 6 4
83 26 64 65
48 55 47 54
118 41 117 122
139 164 197 136
123 138 135 136
28 29 22 30
129 132 150 144
101 55 90 25
49 35 15 36
106 189 191 200
34 32 33 118
213 190 214 199
24 56 18 70
200 190 214 111
150 142 151 143
140 138 41 148
4 2 59 56
71 57 74 76
190 213 214 111
19 17 0 2
119 114 113 112
215 165 207 217
21 22 25 43
48 161 52 40
92 80 75 79
49 51 22 21
163 164 139 136
216 212 179 197
213 176 177 212
56 12 60 70
156 155 165 166
164 163 197 136
82 65 86 94
21 36 51 22
138 140 41 117
49 16 22 36
80 92 75 72
166 155 209 203
101 190 111 110
0 17 18 2
13 60 64 11
10 13 11 60
28 22 36 30
176 55 102 104
139 147 138 130
189 106 108 200
114 119 113 126
34 31 32 118
179 181 194 180
72 83 78 70
60 57 10 59
24 26 64 70
24 12 0 10
55 45 43 101
202 178 181 180
66 62 64 68
79 109 95 105
122 48 31 40
24 56 12 10
6 10 9 57
76 59 72 70
7 10 1 8
83 26 78 70
7 6 5 2
17 19 0 18
213 216 179 202
17 19 18 20
80 72 77 83
72 59 77 83
105 108 109 97
51 49 22 36
22 52 30 43
39 33 38 37
0 24 18 20
19 0 18 20
119 124 127 128
24 0 18 2
56 24 18 2
59 2 3 10
0 24 10 2
24 56 10 2
9 3 8 10
0 7 10 1
7 6 8 5
9 3 6 8
82 64 66 65
71 76 75 72
193 191 214 199
192 175 187 173
95 94 91 105
118 48 31 122
60 57 11 10
118 41 140 117
10 57 3 59
11 57 9 10
82 83 60 64
83 59 60 70
68 62 64 82
59 2 10 56
110 88 90 55
36 35 16 37
72 59 83 70
26 24 78 70
215 210 164 165
71 57 76 58
94 84 65 85
177 169 170 173
12 24 64 70
64 11 60 61
56 59 4 76
59 76 75 77
71 56 58 76
57 59 76 4
3 57 4 59
4 57 58 76
56 4 58 76
71 56 76 70
106 189 108 105
106 105 107 93
76 74 75 77
26 83 64 70
79 93 105 81
154 156 142 166
76 59 75 72
171 183 186 185
59 75 72 77
75 80 72 77
216 213 214 199
99 69 100 184
62 82 60 64
135 128 134 136
182 184 103 187
101 55 190 110
61 62 60 64
167 158 203 204
97 105 96 95
25 65 84 98
185 66 68 67
189 108 101 200
160 158 159 167
212 177 179 197
67 62 66 68
177 176 175 170
146 157 152 159
105 92 91 95
175 122 123 176
51 50 21 42
10 13 60 12
13 60 12 64
65 85 98 86
187 68 186 183
60 57 9 11
61 63 62 64
65 13 26 64
150 147 149 130
82 66 68 69
56 10 59 60
82 83 65 94
82 83 64 65
56 12 10 60
108 106 109 200
24 26 12 64
83 82 86 94
55 213 190 111
44 20 21 42
43 27 45 100
105 106 107 109
66 62 63 64
64 82 66 68
108 106 105 109
88 55 53 43
82 66 69 65
65 82 98 100
68 184 82 69
185 67 69 66
49 51 21 42
44 84 85 98
27 69 100 99
27 99 100 184
43 27 100 46
15 16 49 36
59 56 60 70
83 60 64 70
71 76 72 70
69 82 65 100
80 72 83 78
92 80 83 78
80 92 72 78
189 106 191 193
20 44 84 42
203 219 205 220
83 26 65 78
88 87 90 50
27 100 46 182
114 119 127 128
48 55 54 176
78 56 70 84
56 18 70 84
24 78 70 84
18 24 70 84
24 18 20 84
24 26 78 84
26 65 78 84
26 20 65 84
53 161 52 48
23 24 20 84
24 23 26 84
26 23 20 84
106 191 109 200
191 200 193 214
83 82 105 86
106 191 107 109
101 55 110 90
69 65 98 100
100 27 184 182
105 89 96 86
79 92 105 95
118 33 39 37
191 200 214 199
184 67 99 69
92 83 105 91
93 109 105 107
212 54 104 162
106 81 105 93
43 54 55 53
89 101 111 90
184 100 182 103
41 148 122 161
185 183 69 184
97 89 96 105
82 65 105 86
46 184 27 182
200 190 193 214
55 90 25 43
90 88 25 43
209 218 219 220
98 89 105 86
117 115 116 141
36 28 30 31
100 46 182 103
42 17 18 21
87 89 98 86
65 98 105 86
80 92 83 105
100 89 101 105
89 108 101 105
98 89 100 105
82 98 100 105
69 82 100 105
108 189 103 105
65 83 78 94
65 85 86 94
92 80 79 105
79 80 81 105
189 81 105 106
101 108 103 105
100 101 103 105
82 65 98 105
82 69 184 105
69 100 184 105
184 100 103 105
189 184 103 105
68 187 184 183
68 186 183 185
68 184 69 183
184 189 82 105
184 189 68 82
68 183 69 185
85 87 98 86
97 89 105 108
142 139 133 129
189 191 200 193
163 139 138 136
111 101 110 90
179 175 192 173
101 189 200 193
190 101 200 193
183 170 172 168
101 190 103 193
189 101 103 193
183 186 187 174
183 171 186 174
184 189 103 193
213 55 104 110
105 94 83 86
105 94 91 83
83 92 78 91
78 92 94 91
83 78 94 91
95 109 97 105
55 102 104 110
20 18 21 42
176 213 55 104
142 150 151 153
190 55 111 110
55 213 111 110
88 50 25 43
40 39 37 118
213 176 212 104
110 54 102 90
163 140 138 147
48 161 122 54
192 187 195 188
192 187 188 173
177 123 134 136
213 176 55 199
55 176 190 199
213 55 190 199
43 36 52 50
110 54 55 102
33 35 38 37
138 148 122 41
35 39 38 37
22 52 36 30
43 36 21 52
89 111 110 90
88 52 43 53
18 20 84 42
50 44 21 42
43 31 47 48
42 17 21 49
18 17 20 21
40 39 118 140
110 88 54 90
54 88 55 53
55 45 101 47
101 55 25 43
55 88 90 43
195 179 188 194
17 19 14 15
123 122 117 138
50 21 25 43
23 25 65 20
36 21 52 22
138 41 122 117
52 30 43 48
17 49 22 21
16 28 22 36
16 15 49 22
90 88 50 25
51 44 50 42
15 21 14 17
15 17 49 22
14 20 19 17
16 21 15 22
163 140 148 138
176 122 161 54
124 115 127 128
22 30 25 43
87 90 50 25
89 101 90 25
89 98 101 25
44 50 21 25
20 44 21 25
176 177 169 170
67 69 66 99
27 66 69 99
25 100 43 98
25 100 101 43
85 25 50 44
25 85 87 98
87 89 90 25
89 87 98 25
44 20 84 25
25 65 20 84
44 84 98 25
53 52 43 48
49 35 36 37
218 210 221 217
176 177 175 179
32 43 31 47
43 53 48 54
118 115 39 38
31 28 37 40
176 177 123 169
169 175 176 170
41 122 31 40
52 36 30 31
147 163 139 138
148 163 177 162
115 135 131 128
159 142 166 154
28 29 30 31
148 163 138 136
114 125 119 120
152 165 166 142
102 176 104 54
212 54 162 211
156 139 149 153
141 117 140 147
116 117 141 147
117 118 141 140
138 116 131 130
28 52 31 36
120 125 124 135
116 126 115 127
125 119 120 124
119 120 124 128
28 31 35 33
29 28 35 33
28 29 31 33
54 55 102 176
47 43 48 54
211 212 210 164
30 52 31 40
118 41 40 140
123 124 125 117
212 211 162 164
141 118 39 140
142 159 152 157
142 165 166 156
178 202 206 180
115 117 118 141
117 115 135 131
183 168 174 182
37 52 28 36
53 161 48 54
52 30 48 40
104 176 161 54
37 52 40 28
48 30 31 40
118 31 37 40
140 138 147 117
118 115 141 39
33 118 39 38
33 34 118 38
218 223 222 220
142 165 156 153
28 16 35 37
16 28 36 37
110 88 55 54
31 28 35 37
31 35 33 37
32 33 118 37
31 32 118 37
32 31 33 37
192 68 184 189
119 114 120 128
116 117 147 138
163 177 197 136
55 47 54 43
215 156 196 155
168 172 174 173
124 125 117 135
142 156 149 153
148 177 122 162
148 122 161 162
162 54 104 161
177 176 122 162
176 177 212 162
122 176 161 162
176 104 161 162
176 212 104 162
155 215 165 207
212 216 210 164
216 164 197 198
120 114 127 128
188 187 174 173
169 175 123 176
115 117 116 131
115 124 117 135
139 138 131 130
125 123 117 135
141 116 147 130
117 123 138 135
115 124 135 128
147 116 138 130
208 216 202 201
116 117 138 131
129 139 133 137
160 158 167 204
116 115 130 127
124 120 135 128
175 177 170 173
123 125 121 134
129 139 137 130
137 139 131 130
127 131 115 130
116 115 131 130
127 131 128 115
120 135 128 134
198 216 208 201
177 123 169 134
139 165 153 156
115 126 124 127
120 125 135 134
143 157 152 146
126 119 124 127
121 125 120 134
177 175 179 173
114 119 126 127
169 123 121 134
177 169 121 134
164 197 198 196
192 195 194 180
213 176 199 179
176 213 177 179
177 213 212 179
212 213 216 179
184 192 103 187
192 68 187 184
190 176 175 179
212 216 164 197
177 212 162 197
163 177 162 197
175 190 179 192
162 212 164 197
163 162 164 197
215 210 165 217
165 218 207 217
163 148 177 136
177 122 123 136
123 122 138 136
125 135 134 136
123 125 134 136
125 123 135 136
177 148 122 136
148 138 122 136
216 215 210 198
210 215 164 198
216 210 164 198
197 139 136 196
215 164 198 196
164 156 139 196
164 139 197 196
189 192 193 184
172 168 170 173
171 172 186 174
198 181 202 178
206 197 198 178
198 215 196 155
207 218 221 217
167 203 205 204
133 142 129 132
157 143 152 142
168 175 170 173
197 216 198 202
146 143 145 152
166 167 218 219
150 142 149 153
166 154 203 167
149 165 139 164
151 150 149 153
202 206 180 201
145 143 144 152
129 132 142 150
132 142 150 143
152 151 149 153
139 165 156 164
209 196 155 207
150 132 143 144
152 150 151 143
152 150 143 144
139 147 130 149
164 163 139 149
163 147 139 149
129 130 150 149
129 139 130 149
160 167 205 204
159 142 154 157
142 129 150 149
142 139 149 156
207 218 209 221
55 45 47 43
192 179 195 180
219 218 222 220
198 215 155 207
215 156 155 165
164 156 196 165
215 164 196 165
156 215 196 165
167 218 219 203
218 209 219 203
159 142 152 166
159 152 167 166
154 159 167 166
152 165 142 153
184 192 193 103
45 101 47 46
155 165 166 207
166 165 218 207
199 213 179 202
202 206 201 198
223 218 221 220
208 210 216 215
7 3 6 2
166 155 207 209
218 166 207 209
175 168 187 173
9 3 10 6
209 203 205 220
3 8 10 2
7 3 8 6
2 7 10 0
0 7 1 5
166 155 154 156
157 203 154 159
159 154 167 203
158 159 167 203
167 166 218 203
218 166 209 203
165 210 218 217
160 167 219 205
219 167 203 205
218 209 221 220
178 202 198 206
195 179 194 180
8 2 7 10
209 204 205 203
198 181 179 202
198 181 178 179
179 192 195 188
184 67 69 185
195 192 194 202
183 184 182 187
43 51 50 21
43 51 21 36
10 13 12 11
41 118 40 31
216 198 202 201
179 216 197 202
192 194 202 180
176 199 179 192
190 176 179 192
176 190 199 192
190 103 193 192
179 192 202 180
190 193 214 192
214 193 199 192
190 214 199 192
199 179 192 202
181 179 188 173
168 182 103 187
187 168 174 173
216 213 199 202
175 168 103 187
190 103 192 187
175 190 192 187
190 175 103 187
183 172 171 174
182 183 187 174
168 182 187 174
179 181 188 194
181 179 202 180
34 47 31 48
47 32 34 31
71 57 73 74
57 71 73 58
4 2 3 59
196 207 198 155
95 86 94 96
95 94 105 96
101 100 46 43
6 10 57 3
123 118 117 122
169 175 170 123
85 25 87 50
142 152 153 151
154 166 203 155
183 172 174 168
126 117 115 124
32 43 47 45
43 31 48 30
25 100 98 101
100 101 46 103
48 161 40 122
152 142 143 151
118 48 34 31
28 52 40 31
94 84 78 65
85 25 44 98
21 43 52 22
43 51 36 50
41 118 31 122
23 65 26 20
7 3 2 8
79 109 105 93
14 20 17 21
36 35 15 16
198 179 197 202
198 179 178 197
15 21 17 22
16 21 14 15
43 27 46 45
142 139 129 149
88 52 50 43
149 165 153 139
EDGES
0 1
0 2
0 5
0 7
0 10
0 12
0 17
0 18
0 19
0 20
0 24
1 5
1 7
1 8
1 10
2 3
2 4
2 5
2 6
2 7
2 8
2 10
2 17
2 18
2 19
2 24
2 56
2 59
3 4
3 6
3 7
3 8
3 9
3 10
3 57
3 59
4 6
4 56
4 57
4 58
4 59
4 76
5 6
5 7
5 8
6 7
6 8
6 9
6 10
6 57
7 8
7 10
8 9
8 10
9 10
9 11
9 57
9 60
10 11
10 12
10 13
10 24
10 56
10 57
10 59
10 60
11 12
11 13
11 57
11 60
11 61
11 64
12 13
12 24
12 26
12 56
12 60
12 64
12 70
13 26
13 60
13 64
13 65
14 15
14 16
14 17
14 19
14 20
14 21
15 16
15 17
15 19
15 21
15 22
15 35
15 36
15 49
16 21
16 22
16 28
16 35
16 36
16 37
16 49
17 18
17 19
17 20
17 21
17 22
17 42
17 49
18 19
18 20
18 21
18 24
18 42
18 56
18 70
18 84
19 20
20 21
20 22
20 23
20 24
20 25
20 26
20 42
20 44
20 65
20 84
21 22
21 25
21 36
21 42
21 43
21 44
21 49
21 50
21 51
21 52
22 25
22 28
22 29
22 30
22 36
22 43
22 49
22 51
22 52
23 24
23 25
23 26
23 65
23 84
24 26
24 56
24 64
24 70
24 78
24 84
25 30
25 43
25 44
25 50
25 55
25 65
25 84
25 85
25 87
25 88
25 89
25 90
25 98
25 100
25 101
26 64
26 65
26 70
26 78
26 83
26 84
27 43
27 45
27 46
27 66
27 69
27 99
27 100
27 182
27 184
28 29
28 30
28 31
28 33
28 35
28 36
28 37
28 40
28 52
29 30
29 31
29 33
29 35
30 31
30 36
30 40
30 43
30 48
30 52
31 32
31 33
31 34
31 35
31 36
31 37
31 40
31 41
31 43
31 47
31 48
31 52
31 118
31 122
32 33
32 34
32 37
32 43
32 45
32 47
32 118
33 34
33 35
33 37
33 38
33 39
33 118
34 38
34 47
34 48
34 118
35 36
35 37
35 38
35 39
35 49
36 37
36 43
36 49
36 50
36 51
36 52
37 38
37 39
37 40
37 49
37 52
37 118
38 39
38 115
38 118
39 40
39 115
39 118
39 140
39 141
40 41
40 48
40 52
40 118
40 122
40 140
40 161
41 117
41 118
41 122
41 138
41 140
41 148
41 161
42 44
42 49
42 50
42 51
42 84
43 45
43 46
43 47
43 48
43 50
43 51
43 52
43 53
43 54
43 55
43 88
43 90
43 98
43 100
43 101
44 50
44 51
44 84
44 85
44 98
45 46
45 47
45 55
45 100
45 101
46 47
46 100
46 101
46 103
46 182
46 184
47 48
47 54
47 55
47 101
48 52
48 53
48 54
48 55
48 118
48 122
48 161
48 176
49 51
50 51
50 52
50 85
50 87
50 88
50 90
52 53
52 88
52 161
53 54
53 55
53 88
53 161
54 55
54 88
54 90
54 102
54 104
54 110
54 122
54 161
54 162
54 176
54 211
54 212
55 88
55 90
55 101
55 102
55 104
55 110
55 111
55 176
55 190
55 199
55 213
56 58
56 59
56 60
56 70
56 71
56 76
56 78
56 84
57 58
57 59
57 60
57 71
57 73
57 74
57 76
58 71
58 73
58 76
59 60
59 70
59 72
59 75
59 76
59 77
59 83
60 61
60 62
60 64
60 70
60 82
60 83
61 62
61 63
61 64
62 63
62 64
62 66
62 67
62 68
62 82
63 64
63 66
64 65
64 66
64 68
64 70
64 82
64 83
65 66
65 69
65 78
65 82
65 83
65 84
65 85
65 86
65 94
65 98
65 100
65 105
66 67
66 68
66 69
66 82
66 99
66 185
67 68
67 69
67 99
67 184
67 185
68 69
68 82
68 183
68 184
68 185
68 186
68 187
68 189
68 192
69 82
69 98
69 99
69 100
69 105
69 183
69 184
69 185
70 71
70 72
70 76
70 78
70 83
70 84
71 72
71 73
71 74
71 75
71 76
72 75
72 76
72 77
72 78
72 80
72 83
72 92
73 74
74 75
74 76
74 77
75 76
75 77
75 79
75 80
75 92
76 77
77 80
77 83
78 80
78 83
78 84
78 91
78 92
78 94
79 80
79 81
79 92
79 93
79 95
79 105
79 109
80 81
80 83
80 92
80 105
81 93
81 105
81 106
81 189
82 83
82 86
82 94
82 98
82 100
82 105
82 184
82 189
83 86
83 91
83 92
83 94
83 105
84 85
84 94
84 98
85 86
85 87
85 94
85 98
86 87
86 89
86 94
86 95
86 96
86 98
86 105
87 88
87 89
87 90
87 98
88 90
88 110
89 90
89 96
89 97
89 98
89 100
89 101
89 105
89 108
89 110
89 111
90 101
90 102
90 110
90 111
91 92
91 94
91 95
91 105
92 94
92 95
92 105
93 105
93 106
93 107
93 109
94 95
94 96
94 105
95 96
95 97
95 105
95 109
96 97
96 105
97 105
97 108
97 109
98 100
98 101
98 105
99 100
99 184
100 101
100 103
100 105
100 182
100 184
101 103
101 105
101 108
101 110
101 111
101 189
101 190
101 193
101 200
102 104
102 110
102 176
103 105
103 108
103 168
103 175
103 182
103 184
103 187
103 189
103 190
103 192
103 193
104 110
104 161
104 162
104 176
104 212
104 213
105 106
105 107
105 108
105 109
105 184
105 189
106 107
106 108
106 109
106 189
106 191
106 193
106 200
107 109
107 191
108 109
108 111
108 189
108 200
109 191
109 200
110 111
110 190
110 213
111 190
111 200
111 213
111 214
112 113
112 114
112 119
113 114
113 119
113 126
114 119
114 120
114 125
114 126
114 127
114 128
115 116
115 117
115 118
115 124
115 126
115 127
115 128
115 130
115 131
115 135
115 141
116 117
116 126
116 127
116 130
116 131
116 138
116 141
116 147
117 118
117 122
117 123
117 124
117 125
117 126
117 131
117 135
117 138
117 140
117 141
117 147
118 122
118 123
118 140
118 141
119 120
119 124
119 125
119 126
119 127
119 128
120 121
120 124
120 125
120 127
120 128
120 134
120 135
121 123
121 125
121 134
121 169
121 177
122 123
122 136
122 138
122 148
122 161
122 162
122 175
122 176
122 177
123 124
123 125
123 134
123 135
123 136
123 138
123 169
123 170
123 175
123 176
123 177
124 125
124 126
124 127
124 128
124 135
125 134
125 135
125 136
125 169
126 127
127 128
127 130
127 131
128 131
128 134
128 135
128 136
129 130
129 132
129 133
129 137
129 139
129 142
129 144
129 149
129 150
130 131
130 137
130 138
130 139
130 141
130 147
130 149
130 150
131 135
131 137
131 138
131 139
132 133
132 142
132 143
132 144
132 150
133 137
133 139
133 142
134 135
134 136
134 169
134 177
135 136
135 138
136 138
136 139
136 148
136 163
136 164
136 177
136 196
136 197
137 139
138 139
138 140
138 147
138 148
138 163
139 142
139 147
139 149
139 153
139 156
139 163
139 164
139 165
139 196
139 197
140 141
140 147
140 148
140 163
141 147
142 143
142 149
142 150
142 151
142 152
142 153
142 154
142 156
142 157
142 159
142 165
142 166
143 144
143 145
143 146
143 150
143 151
143 152
143 157
144 145
144 150
144 152
145 146
145 152
146 152
146 157
146 159
147 149
147 150
147 163
148 161
148 162
148 163
148 177
149 150
149 151
149 152
149 153
149 156
149 163
149 164
149 165
150 151
150 152
150 153
151 152
151 153
152 153
152 157
152 159
152 165
152 166
152 167
153 156
153 165
154 155
154 156
154 157
154 159
154 166
154 167
154 203
155 156
155 165
155 166
155 196
155 198
155 203
155 207
155 209
155 215
156 164
156 165
156 166
156 196
156 215
157 158
157 159
157 203
158 159
158 160
158 167
158 203
158 204
159 160
159 166
159 167
159 203
160 167
160 204
160 205
160 219
161 162
161 176
162 163
162 164
162 176
162 177
162 197
162 211
162 212
163 164
163 177
163 197
164 165
164 196
164 197
164 198
164 210
164 211
164 212
164 215
164 216
165 166
165 196
165 207
165 210
165 215
165 217
165 218
166 167
166 203
166 207
166 209
166 218
166 219
167 203
167 204
167 205
167 218
167 219
168 170
168 172
168 173
168 174
168 175
168 182
168 183
168 187
169 170
169 173
169 175
169 176
169 177
170 172
170 173
170 175
170 176
170 177
170 183
171 172
171 174
171 183
171 185
171 186
172 173
172 174
172 183
172 186
173 174
173 175
173 177
173 179
173 181
173 187
173 188
173 192
174 182
174 183
174 186
174 187
174 188
175 176
175 177
175 179
175 187
175 190
175 192
176 177
176 179
176 190
176 192
176 199
176 212
176 213
177 179
177 197
177 212
177 213
178 179
178 180
178 181
178 197
178 198
178 202
178 206
179 180
179 181
179 188
179 190
179 192
179 194
179 195
179 197
179 198
179 199
179 202
179 212
179 213
179 216
180 181
180 192
180 194
180 195
180 201
180 202
180 206
181 188
181 194
181 198
181 202
182 183
182 184
182 187
183 184
183 185
183 186
183 187
184 185
184 187
184 189
184 192
184 193
185 186
186 187
187 188
187 190
187 192
187 195
188 192
188 194
188 195
189 191
189 192
189 193
189 200
190 192
190 193
190 199
190 200
190 213
190 214
191 193
191 199
191 200
191 214
192 193
192 194
192 195
192 199
192 202
192 214
193 199
193 200
193 214
194 195
194 202
195 202
196 197
196 198
196 207
196 209
196 215
197 198
197 202
197 206
197 212
197 216
198 201
198 202
198 206
198 207
198 208
198 210
198 215
198 216
199 200
199 202
199 213
199 214
199 216
200 214
201 202
201 206
201 208
201 216
202 206
202 208
202 213
202 216
203 204
203 205
203 209
203 218
203 219
203 220
204 205
204 209
205 209
205 219
205 220
207 209
207 215
207 217
207 218
207 221
208 210
208 215
208 216
209 218
209 219
209 220
209 221
210 211
210 212
210 215
210 216
210 217
210 218
210 221
211 212
212 213
212 216
213 214
213 216
214 216
215 216
215 217
217 218
217 221
218 219
218 220
218 221
218 222
218 223
219 220
219 222
220 221
220 222
220 223
221 223
222 223
SURFACE_TRIANGLES
0 1 5
0 1 10
0 2 5
0 2 19
0 10 12
0 12 24
0 19 20
0 20 24
1 5 7
1 7 8
1 8 10
2 3 4
2 3 6
2 4 56
2 5 6
2 17 18
2 17 19
2 18 56
3 4 6
4 6 57
4 56 58
4 57 58
5 6 8
5 7 8
6 8 9
6 9 57
8 9 10
9 10 11
9 11 60
9 57 60
10 11 12
11 12 13
11 13 64
11 60 61
11 61 64
12 13 26
12 24 26
13 26 65
13 64 65
14 15 16
14 15 19
14 16 21
14 19 20
14 20 21
15 16 35
15 17 19
15 17 49
15 35 49
16 21 22
16 22 28
16 28 35
17 18 42
17 42 49
18 42 84
18 56 84
20 21 22
20 22 25
20 23 24
20 23 25
22 25 30
22 28 29
22 29 30
23 24 26
23 25 65
23 26 65
25 30 43
25 43 98
25 65 98
27 45 46
27 45 100
27 46 184
27 66 69
27 66 99
27 69 100
27 99 184
28 29 35
29 30 31
29 31 33
29 33 35
30 31 43
31 32 33
31 32 43
32 33 34
32 34 47
32 43 45
32 45 47
33 34 38
33 35 38
34 38 118
34 47 48
34 48 118
35 37 39
35 37 49
35 38 39
36 37 49
36 37 52
36 49 51
36 50 51
36 50 52
37 39 40
37 40 52
38 39 115
38 115 118
39 40 140
39 115 141
39 140 141
40 41 140
40 41 161
40 52 161
41 140 148
41 148 161
42 44 51
42 44 84
42 49 51
43 45 100
43 98 100
44 50 51
44 50 85
44 84 85
45 46 47
46 47 101
46 101 103
46 103 182
46 182 184
47 48 55
47 55 101
48 55 176
48 118 122
48 122 176
50 52 88
50 85 87
50 87 88
52 53 88
52 53 161
53 54 88
53 54 161
54 88 90
54 90 102
54 102 104
54 104 212
54 161 162
54 162 211
54 211 212
55 101 190
55 176 190
56 58 71
56 70 71
56 70 78
56 78 84
57 58 73
57 59 60
57 59 76
57 73 74
57 74 76
58 71 73
59 60 83
59 76 77
59 77 83
60 61 62
60 62 82
60 82 83
61 62 63
61 63 64
62 63 66
62 66 67
62 67 68
62 68 82
63 64 66
64 65 66
65 66 69
65 69 98
66 67 99
67 68 185
67 99 184
67 184 185
68 82 189
68 185 186
68 186 187
68 187 192
68 189 192
69 98 100
70 71 72
70 72 78
71 72 75
71 73 74
71 74 75
72 75 92
72 78 92
74 75 77
74 76 77
75 77 80
75 79 80
75 79 92
77 80 83
78 84 94
78 92 94
79 80 81
79 81 93
79 92 95
79 93 109
79 95 109
80 81 105
80 83 105
81 93 106
81 105 189
81 106 189
82 83 105
82 105 189
84 85 94
85 86 87
85 86 94
86 87 89
86 89 96
86 94 95
86 95 96
87 88 90
87 89 90
89 90 110
89 96 97
89 97 108
89 108 111
89 110 111
90 102 110
91 92 94
91 92 95
91 94 95
93 106 107
93 107 109
95 96 97
95 97 109
97 108 109
101 103 190
102 104 110
103 168 175
103 168 182
103 175 190
104 110 213
104 212 213
106 107 191
106 189 193
106 191 193
107 109 191
108 109 200
108 111 200
109 191 200
110 111 213
111 200 214
111 213 214
112 113 114
112 113 119
112 114 119
113 114 126
113 119 126
114 119 125
114 120 125
114 120 127
114 126 127
115 116 126
115 116 141
115 117 118
115 117 126
116 126 127
116 127 130
116 130 141
117 118 123
117 123 124
117 124 126
118 122 123
119 124 125
119 124 126
120 121 125
120 121 134
120 127 128
120 128 134
121 125 169
121 134 177
121 169 177
122 123 175
122 175 176
123 124 125
123 125 169
123 169 170
123 170 175
127 128 131
127 130 131
128 131 135
128 134 136
128 135 136
129 130 137
129 130 150
129 132 133
129 132 144
129 133 137
129 144 150
130 131 137
130 141 147
130 147 150
131 135 138
131 137 139
131 138 139
132 133 142
132 142 143
132 143 144
133 137 139
133 139 142
134 136 177
135 136 138
136 138 139
136 139 196
136 177 197
136 196 197
139 142 156
139 156 196
140 141 147
140 147 163
140 148 163
142 143 157
142 154 156
142 154 157
143 144 145
143 145 146
143 146 157
144 145 152
144 150 152
145 146 152
146 152 159
146 157 159
147 149 150
147 149 163
148 161 162
148 162 163
149 150 151
149 151 152
149 152 153
149 153 165
149 163 164
149 164 165
150 151 152
152 153 165
152 159 167
152 165 166
152 166 167
154 155 156
154 155 203
154 157 203
155 156 196
155 196 209
155 203 209
157 158 159
157 158 203
158 159 160
158 160 204
158 203 204
159 160 167
160 167 219
160 204 205
160 205 219
162 163 164
162 164 211
164 165 210
164 210 211
165 166 218
165 210 218
166 167 219
166 218 219
168 170 175
168 170 183
168 182 183
169 170 173
169 173 177
170 172 173
170 172 183
171 172 183
171 172 186
171 183 185
171 185 186
172 173 174
172 174 186
173 174 188
173 177 179
173 179 181
173 181 188
174 186 187
174 187 188
175 176 190
177 179 197
178 179 181
178 179 197
178 180 181
178 180 206
178 197 206
180 181 194
180 194 202
180 201 202
180 201 206
181 188 194
182 183 184
183 184 185
187 188 195
187 192 195
188 194 195
189 192 193
191 193 199
191 199 200
192 193 199
192 195 202
192 199 202
194 195 202
196 197 198
196 198 207
196 207 209
197 198 206
198 201 206
198 201 208
198 207 215
198 208 215
199 200 214
199 202 216
199 214 216
201 202 208
202 208 216
203 204 209
204 205 209
205 209 220
205 219 220
207 209 221
207 215 217
207 217 221
208 210 215
208 210 216
209 220 221
210 211 212
210 212 216
210 215 217
210 217 221
210 218 221
212 213 216
213 214 216
218 219 222
218 221 223
218 222 223
219 220 222
220 221 223
220 222 223
