# CentVoxTetrahedralizerHybrid tetrahedral mesh
# Detection mode: INTERSECTION_ONLY
# Grid: 12^3
# Merge block size: 1
# Protection layers: 2
# Smoothed: Yes
# Vertices: 592
# Tetrahedra: 1165

VERTICES
-1.140171 0.347730 -1.877817
-1.054703 0.381918 -1.843630
-1.105984 0.433198 -1.843630
-1.020516 0.467385 -1.877817
-1.131625 0.356277 -1.689788
-0.952142 0.320381 -1.689788
-1.157265 0.484479 -1.689788
-0.952142 0.474223 -1.689788
-0.883768 -0.165077 -1.621413
-0.798300 -0.130890 -1.587226
-0.849580 -0.079609 -1.587226
-0.764113 -0.045422 -1.621413
-0.952142 -0.171915 -1.433384
-0.747019 -0.182171 -1.433384
-0.952142 0.022952 -1.433384
-0.757275 0.022952 -1.433384
-1.157265 0.330637 -1.433384
-0.952142 0.217819 -1.433384
-1.131625 0.458839 -1.433384
-0.952142 0.535760 -1.433384
-0.798300 0.381918 -1.587226
-0.764113 0.467385 -1.621413
-0.736763 0.279356 -1.433384
-0.772659 0.458839 -1.433384
-1.140171 -0.165077 -1.365009
-1.105984 -0.079609 -1.330822
-1.105984 -0.130890 -1.279541
-0.952142 -0.192427 -1.176980
-1.167521 0.022952 -1.176980
-1.045380 0.022952 -1.176980
-0.772659 -0.156530 -1.176980
-0.654714 0.022952 -1.176980
-1.020516 0.210982 -1.245354
-0.634201 0.279356 -1.176980
-1.147009 0.279356 -1.176980
-1.157265 0.484479 -1.176980
-0.952142 0.597297 -1.176980
-0.736763 0.535760 -1.176980
-0.849580 0.894725 -1.330822
-0.764113 0.860538 -1.365009
-0.883768 0.980193 -1.365009
-0.798300 0.946006 -1.330822
-0.911117 0.792164 -1.176980
-0.757275 0.792164 -1.176980
-0.875221 0.971646 -1.176980
-0.747019 0.997287 -1.176980
-0.920584 -0.233451 -0.920576
-0.695738 -0.233451 -0.920576
-0.952142 0.022952 -0.920576
-0.695738 -0.038585 -0.920576
-1.105984 0.125514 -1.023138
-1.157265 0.279356 -0.971857
-0.952142 0.279356 -0.859039
-0.695738 0.320381 -0.920576
-0.541896 0.125514 -1.074419
-0.507709 0.210982 -1.108606
-0.490615 0.074233 -0.920576
-0.516256 0.202435 -0.920576
-1.105984 0.433198 -1.023138
-0.952142 0.535760 -0.920576
-0.695738 0.535760 -0.920576
-1.013679 0.792164 -0.920576
-0.644457 0.792163 -0.971857
-0.952142 1.007543 -0.920576
-0.695738 0.987030 -0.920576
-0.370960 -0.934288 -0.852202
-0.285492 -0.900101 -0.818015
-0.336773 -0.848821 -0.818015
-0.251305 -0.814633 -0.852202
-0.362413 -0.925742 -0.664173
-0.234211 -0.951382 -0.664173
-0.388054 -0.797540 -0.664173
-0.259852 -0.823180 -0.664173
-0.849580 -0.643697 -0.818015
-0.764113 -0.677885 -0.852202
-0.952142 -0.489855 -0.879552
-0.695738 -0.489855 -0.859039
-0.883768 -0.677885 -0.732547
-0.798300 -0.643697 -0.766734
-0.952142 -0.489855 -0.664173
-0.695738 -0.489855 -0.664173
-1.105984 -0.387294 -0.818015
-1.140171 -0.301826 -0.852202
-1.140171 -0.421481 -0.732547
-1.176988 -0.233451 -0.664173
-0.952142 -0.233451 -0.664173
-0.664181 -0.233451 -0.664173
-0.507709 -0.421481 -0.852202
-0.541896 -0.336013 -0.818015
-0.541896 -0.387294 -0.766734
-0.439334 -0.233451 -0.664173
-0.922839 0.052256 -0.664173
-0.695738 0.022952 -0.664173
-0.952142 0.279356 -0.664173
-0.695738 0.217819 -0.664173
-0.439335 0.022952 -0.725709
-0.439334 0.279356 -0.664173
-0.952142 0.535760 -0.632615
-0.695738 0.535760 -0.664173
-0.993167 0.792164 -0.664173
-0.695585 0.792768 -0.664077
-0.507709 0.604134 -0.852202
-0.516256 0.792163 -0.843655
-0.439335 0.535760 -0.664173
-0.398310 0.792164 -0.664173
-1.140171 0.860538 -0.852202
-1.105984 0.946006 -0.818015
-1.105984 0.894725 -0.766734
-1.140171 0.980193 -0.732547
-0.952142 0.987030 -0.664173
-0.695738 1.048567 -0.664173
-0.507709 0.980193 -0.852202
-0.516256 0.971646 -0.664173
-0.439334 -1.002663 -0.407769
-0.182931 -1.002663 -0.469306
-0.439334 -0.807796 -0.407769
-0.182931 -0.787284 -0.407769
-0.900861 -0.438574 -0.407769
-0.772659 -0.412934 -0.407769
-1.029063 -0.310373 -0.407769
-0.644457 -0.284732 -0.407769
-1.396575 -0.165077 -0.595798
-1.388028 0.022952 -0.587251
-1.208546 0.022952 -0.664173
-1.388028 -0.156530 -0.407769
-1.208546 -0.233451 -0.407769
-1.423925 0.022952 -0.407769
-1.311107 0.125514 -0.305207
-0.883768 0.091327 -0.476143
-0.798300 0.125514 -0.510330
-0.439334 -0.233451 -0.407769
-0.439181 0.023557 -0.407674
-0.285492 -0.130890 -0.561611
-0.234211 0.022952 -0.612892
-0.182931 -0.192427 -0.407769
-0.106010 0.022952 -0.484690
-1.396575 0.210982 -0.595798
-1.208546 0.279356 -0.602636
-1.362388 0.176795 -0.510330
-1.249570 0.279356 -0.407769
-0.875221 0.279356 -0.484690
-0.695738 0.279356 -0.448793
-0.541896 0.381918 -0.510330
-0.182931 0.279356 -0.602636
-0.114556 0.210982 -0.476143
-1.140171 0.467385 -0.595798
-1.131625 0.458839 -0.407769
-0.952142 0.535760 -0.407769
-0.182931 0.535760 -0.664173
-0.507709 0.467385 -0.476143
-0.182778 0.536364 -0.407674
0.005099 0.347730 -0.595798
-0.003448 0.535760 -0.587251
0.073473 0.279356 -0.469306
0.114498 0.535760 -0.407769
-0.727296 0.535760 -0.407769
-0.875221 0.792163 -0.484690
-0.747019 0.792163 -0.356488
-0.362413 0.869085 -0.407769
-0.182931 0.715242 -0.587251
-0.182931 0.792163 -0.407769
0.005099 0.723789 -0.595798
-0.003448 0.715242 -0.407769
-0.883768 0.980193 -0.476143
-0.695738 0.987030 -0.407769
-0.490615 0.997287 -0.407769
-0.336773 -1.156505 -0.305207
-0.182931 -1.207786 -0.356488
-0.370960 -1.190692 -0.219739
-0.182931 -1.197529 -0.151365
-0.439334 -1.002663 -0.151365
-0.251305 -1.071037 -0.082991
0.073473 -1.182145 -0.330848
0.073473 -1.002663 -0.366744
0.073473 -1.259066 -0.151365
0.176035 -0.900101 -0.253927
0.261502 -1.190692 -0.339395
0.227315 -1.105224 -0.305207
0.252956 -1.182145 -0.151365
0.329877 -1.002663 -0.151365
-0.593177 -0.900101 -0.305207
-0.627364 -0.814633 -0.339395
-0.627364 -0.934288 -0.219739
-0.593177 -0.848821 -0.253927
-0.439334 -0.787284 -0.151365
-0.182931 -0.746259 -0.151365
-0.029088 -0.848821 -0.305207
0.073473 -0.787284 -0.151365
-0.875221 -0.412934 -0.151365
-0.747019 -0.438574 -0.151365
-0.993167 -0.233451 -0.151365
-0.618817 -0.310373 -0.151365
0.945246 -0.387294 -0.305207
1.099088 -0.438574 -0.356488
0.842684 -0.233451 -0.366744
1.099088 -0.233451 -0.407769
0.893965 -0.438574 -0.151365
1.099088 -0.428318 -0.151365
0.765763 -0.310373 -0.151365
1.167462 -0.301826 -0.082991
1.252930 -0.387294 -0.305207
1.304211 -0.233451 -0.356488
1.287118 -0.421481 -0.219739
1.293955 -0.233451 -0.151365
-1.396575 -0.165077 -0.219739
-1.208546 -0.156530 -0.228286
-1.362388 -0.079609 -0.253927
-1.208546 0.022952 -0.192390
-1.029063 0.022952 -0.074444
-0.695585 0.023557 -0.151270
-0.439334 -0.233451 -0.151365
-0.439181 0.023557 -0.151270
-0.182931 -0.233451 -0.151365
-0.182778 0.023557 -0.151270
0.073473 -0.156530 -0.330848
0.073473 0.022952 -0.407769
0.073473 -0.233451 -0.151365
0.073626 0.023557 -0.151270
0.329877 -0.182171 -0.356488
0.329877 0.022952 -0.407769
0.329877 -0.233451 -0.151365
0.330030 0.023557 -0.151270
0.586281 -0.156530 -0.330848
0.586281 0.022952 -0.407769
0.586281 -0.233451 -0.151365
0.586434 0.023557 -0.151270
0.842684 0.022952 -0.407769
0.842837 0.023557 -0.151270
1.099088 0.022952 -0.407769
1.099241 0.023557 -0.151270
1.278571 0.022952 -0.330848
1.355492 0.022952 -0.151365
-1.131625 0.279356 -0.228286
-1.003423 0.279356 -0.100084
-0.695585 0.279961 -0.151270
-0.370960 0.347730 -0.082991
-0.285492 0.381918 -0.048804
0.073626 0.279961 -0.151270
0.329877 0.279356 -0.366744
0.406798 0.356277 -0.151365
0.586281 0.202435 -0.330848
0.586281 0.279356 -0.151365
0.842684 0.228075 -0.356488
0.842684 0.279356 -0.151365
1.099088 0.202435 -0.330848
1.099088 0.279356 -0.151365
1.287118 0.210982 -0.339395
1.278571 0.202435 -0.151365
-1.167521 0.535760 -0.151365
-0.983699 0.535760 -0.151365
-0.695738 0.576784 -0.151365
-0.439334 0.535760 -0.089828
-0.182931 0.535760 -0.110341
0.073473 0.628998 -0.151365
0.227315 0.433198 -0.305207
0.288852 0.535760 -0.151365
-0.695738 0.760606 -0.151365
-0.439334 0.792164 -0.192390
-0.151373 0.792164 -0.151365
0.073473 0.792163 -0.151365
-0.627364 0.980193 -0.219739
-0.541896 0.946006 -0.253927
-0.182931 -1.218042 0.105039
0.073473 -1.259066 0.105039
-0.285492 -1.105224 0.002477
0.073626 -1.002058 0.105134
0.329877 -1.218042 0.105039
0.432438 -1.105224 0.002477
-0.439334 -1.002663 0.105039
-0.439334 -0.746259 0.105039
-0.182931 -0.746259 0.105039
0.073473 -0.684722 0.105039
0.329877 -0.746259 -0.089828
0.261502 -0.677885 0.036664
0.483719 -0.900101 -0.048804
0.535000 -0.746259 -0.100084
0.586281 -1.002663 0.105039
0.663202 -0.746259 0.028118
0.398251 -0.558230 -0.082991
0.483719 -0.592417 -0.048804
0.329877 -0.551392 0.105039
0.586281 -0.489855 0.105039
-0.952142 -0.489855 0.105039
-0.695738 -0.489855 0.043502
-1.029063 -0.233451 0.028118
-0.627364 -0.301826 0.036664
0.842684 -0.489855 0.043502
1.058063 -0.489855 0.105039
0.774310 -0.301826 0.036664
1.160625 -0.233451 0.105039
-0.952142 0.022952 0.105039
-0.695738 0.099873 0.181960
-0.439334 -0.233451 0.105039
-0.439334 0.022952 0.146063
-0.182931 -0.182171 0.053758
-0.182931 0.022952 0.166576
0.073473 -0.156530 0.028118
0.073473 0.022952 0.146063
0.329877 -0.192427 0.105039
0.252956 0.022952 0.181960
0.586281 -0.294988 0.105039
0.586434 0.023557 0.105134
0.945246 0.125514 0.207600
1.099088 0.022952 0.146063
1.287118 -0.165077 0.036664
1.278571 0.022952 0.028118
-0.890605 0.279356 0.105039
-0.695738 0.228075 0.156319
-0.407777 0.279356 0.105039
-0.182931 0.279356 0.105039
0.073473 0.279356 0.198276
0.329877 0.279356 0.105039
0.586281 0.279356 0.105039
0.842684 0.238331 0.105039
1.099088 0.202435 0.028118
1.287118 0.210982 0.036664
-1.003423 0.484479 0.105039
-0.593177 0.638321 0.002477
-0.439334 0.535760 0.105039
-0.182931 0.442522 0.105039
0.032448 0.535760 0.105039
0.329877 0.535760 0.105039
-1.131625 0.792163 -0.074444
-0.952142 0.792164 -0.110341
-1.131625 0.612681 0.105039
-1.167521 0.792164 0.105039
-0.952142 0.885401 0.105039
-0.695738 0.792164 0.064014
0.227315 0.689602 -0.048804
0.073473 0.792163 0.073481
0.288852 0.792164 0.105039
-1.140171 0.980193 -0.082991
-1.054703 0.946006 -0.048804
-1.105984 0.946006 0.002477
-0.952142 1.007543 0.105039
-0.131650 1.048567 -0.100084
-0.003448 1.048567 -0.074444
-0.131650 0.843444 0.105039
-0.244468 1.048567 0.105039
0.114498 1.048567 0.105039
-0.080369 1.202410 -0.048804
0.005099 1.236597 -0.082991
-0.182931 1.263946 0.105039
-0.003448 1.228050 0.105039
-0.336773 -1.156505 0.207600
-0.370960 -1.190692 0.293068
-0.182931 -1.197529 0.361442
-0.439334 -1.064199 0.361442
-0.182931 -1.002663 0.402467
0.073473 -1.259066 0.361442
0.073473 -0.925742 0.438363
0.329877 -1.259066 0.361442
0.261502 -0.934288 0.429817
0.483719 -1.156505 0.207600
0.535000 -1.207786 0.361442
0.663202 -1.079584 0.361442
-0.593177 -0.900101 0.207600
-0.695738 -0.746259 0.146063
-0.644457 -0.951382 0.361442
-0.772659 -0.823180 0.361442
-0.388054 -0.694978 0.361442
-0.182931 -0.807796 0.361442
0.073473 -0.746259 0.320418
0.329877 -0.746259 0.422979
0.517906 -0.677885 0.429817
0.842684 -0.925742 0.181960
0.842684 -0.746259 0.105039
0.842684 -1.043687 0.361442
0.842837 -0.745654 0.361538
1.099088 -0.951382 0.156319
1.099088 -0.746259 0.166576
1.099088 -1.079584 0.284521
1.150369 -0.694978 0.361442
1.252930 -0.900101 0.207600
1.287118 -0.814633 0.173413
1.355492 -1.002663 0.320418
1.355492 -0.807796 0.361442
-0.849580 -0.643697 0.207600
-0.900861 -0.694978 0.361442
-0.952142 -0.489855 0.361442
-0.764113 -0.421481 0.429817
-0.490615 -0.489855 0.156319
-0.377798 -0.489855 0.361442
0.141847 -0.558230 0.173413
0.176035 -0.592417 0.258881
0.329877 -0.541136 0.310162
0.524744 -0.489855 0.361442
0.842837 -0.489250 0.361538
1.160625 -0.489855 0.361442
-1.105984 -0.387294 0.207600
-1.157265 -0.233451 0.156319
-1.140171 -0.421481 0.293068
-1.147009 -0.233451 0.361442
-0.952142 -0.284732 0.412723
-0.798300 -0.336013 0.464004
-0.388054 -0.233451 0.310162
0.545256 -0.233451 0.361442
0.842837 -0.232847 0.361538
1.150369 -0.233451 0.310162
-1.105984 -0.079609 0.207600
-1.157265 -0.028328 0.361442
-0.952142 0.084489 0.361442
-0.695738 0.063977 0.361442
-0.439334 -0.038585 0.361442
0.432438 -0.130890 0.258881
0.381158 0.022952 0.310162
0.586281 0.022952 0.422979
0.842684 0.063977 0.361442
1.099088 -0.038585 0.361442
-0.182931 0.022952 0.361442
-0.029088 0.125514 0.258881
-0.182931 0.279356 0.329885
0.073473 0.279356 0.320418
0.329877 0.279356 0.268205
0.586281 0.228075 0.310162
0.740123 0.176795 0.258881
-0.911117 0.279356 0.361442
-0.727296 0.279356 0.361442
-0.952142 0.535760 0.361442
-0.695738 0.484479 0.412723
-0.439334 0.320381 0.361442
-0.439334 0.535760 0.393000
-0.234211 0.484479 0.361442
0.150394 0.535760 0.284521
0.278596 0.535760 0.310162
-1.140171 0.604134 0.293068
-1.105984 0.689602 0.258881
-0.993167 0.792164 0.361442
-0.695585 0.792768 0.361538
-0.516256 0.792163 0.181960
-0.439334 0.792163 0.361442
0.073473 0.792164 0.320418
0.252956 0.792163 0.284521
-0.695738 0.971646 0.181960
-0.875221 0.971646 0.361442
-0.695738 1.048567 0.361442
-0.439334 1.048567 0.146063
-0.439334 1.048567 0.329885
-0.080369 0.894725 0.258881
-0.182931 1.048567 0.320418
0.073473 1.048567 0.299905
0.227315 0.946006 0.207600
0.261502 0.980193 0.293068
-0.336773 1.202410 0.207600
-0.370960 1.236597 0.293068
-0.182931 1.228050 0.284521
0.005099 1.236597 0.293068
-0.114556 -1.190692 0.549472
0.073473 -1.182145 0.540925
-0.182931 -1.002663 0.524608
0.073473 -1.053943 0.566565
0.329877 -1.207786 0.566565
0.329877 -1.002663 0.556309
0.483719 -1.156505 0.515285
0.586281 -1.002663 0.617846
0.945246 -1.156505 0.464004
1.099088 -1.207786 0.412723
0.911059 -1.190692 0.549472
1.099088 -1.182145 0.540925
0.842684 -1.064199 0.617846
1.099088 -1.053943 0.669127
1.355492 -1.182145 0.438363
1.355492 -1.207786 0.566565
1.355492 -1.002663 0.679383
1.543521 -1.190692 0.429817
1.534975 -1.002663 0.438363
1.509334 -1.156505 0.515285
1.560615 -1.002663 0.566565
-0.593177 -0.900101 0.515285
-0.439334 -0.951382 0.566565
-0.695738 -0.746259 0.576822
-0.410031 -0.716956 0.617846
-0.182931 -0.746259 0.617846
0.329877 -0.746259 0.617846
0.493043 -0.746259 0.617846
0.842837 -0.745654 0.617941
1.201650 -0.643697 0.515285
1.355492 -0.746259 0.617846
1.543521 -0.814633 0.429817
1.509334 -0.848821 0.515285
-0.849580 -0.643697 0.515285
-0.883768 -0.558230 0.549472
-0.695738 -0.489855 0.556309
-0.439334 -0.489855 0.617846
0.586281 -0.489855 0.617846
0.740123 -0.387294 0.720407
1.167462 -0.558230 0.549472
-0.695738 -0.233451 0.576822
-0.516256 -0.233451 0.694767
-0.251305 -0.421481 0.429817
-0.259852 -0.233451 0.438363
-0.182931 -0.489855 0.617846
-0.141906 -0.233451 0.617846
0.663202 -0.233451 0.540925
0.842684 -0.233451 0.658871
0.996527 -0.130890 0.720407
1.287118 -0.421481 0.429817
1.278571 -0.233451 0.438363
1.293955 -0.489855 0.617846
1.396516 -0.233451 0.617846
-1.140171 -0.165077 0.549472
-0.952142 -0.156530 0.540925
-1.105984 -0.079609 0.515285
-0.952142 0.022952 0.617846
-0.695738 0.022952 0.617846
-0.439334 0.022952 0.617846
-0.182931 0.022952 0.556309
0.654655 -0.045422 0.549472
0.842684 -0.053969 0.540925
1.099088 -0.018072 0.617846
1.287118 -0.045422 0.429817
1.355492 -0.038585 0.617846
-0.875221 0.202435 0.617846
-0.747019 0.228075 0.617846
-0.377798 0.279356 0.617846
-0.182931 0.279356 0.617846
-0.439334 0.535760 0.617846
-0.259852 0.458839 0.617846
-0.883768 0.604134 0.549472
-0.695738 0.612681 0.540925
-0.875221 0.792163 0.540925
-0.695738 0.792163 0.617846
-0.516256 0.792163 0.540925
-0.883768 0.980193 0.549472
-0.695738 0.971646 0.540925
-0.507709 0.980193 0.549472
0.688842 -0.900101 0.771688
0.842684 -0.951382 0.822969
0.586281 -0.746259 0.833225
0.842684 -0.746259 0.874250
1.099088 -0.925742 0.797329
1.099088 -0.746259 0.915274
1.287118 -0.934288 0.805875
1.355492 -0.746259 0.874250
-0.370960 -0.677885 0.805875
-0.182931 -0.684722 0.874250
-0.362413 -0.489855 0.797329
-0.182931 -0.489855 0.874250
0.073473 -0.669338 0.694767
0.073473 -0.541136 0.669127
0.073473 -0.705234 0.874250
0.073473 -0.551392 0.874250
0.329877 -0.566776 0.694767
0.329877 -0.669338 0.797329
0.329877 -0.541136 0.822969
0.586281 -0.566776 0.797329
0.842684 -0.489855 0.833225
1.099088 -0.489855 0.935787
1.355492 -0.489855 0.874250
-0.388054 -0.233451 0.822969
-0.182931 -0.233451 0.812713
0.945246 -0.336013 0.771688
1.099088 -0.233451 0.833225
1.355492 -0.233451 0.812713
-0.362413 0.022952 0.797329
-0.182931 0.022952 0.915274
-0.029088 -0.130890 0.720407
0.022192 0.022952 0.669127
0.005099 -0.165077 0.805875
0.011936 0.022952 0.874250
1.201650 -0.079609 0.771688
1.355492 -0.028328 0.822969
1.509334 -0.130890 0.720407
1.543521 -0.045422 0.686220
1.543521 -0.165077 0.805875
1.509334 -0.079609 0.771688
-0.849580 0.125514 0.771688
-0.764113 0.091327 0.805875
-0.883768 0.210982 0.805875
-0.798300 0.176795 0.771688
-0.388054 0.279356 0.822969
-0.182931 0.279356 0.874250
-0.029088 0.176795 0.720407
0.022192 0.228075 0.874250
-0.336773 0.433198 0.771688
-0.251305 0.467385 0.805875
-0.114556 -0.677885 1.062279
-0.029088 -0.643697 1.028092
-0.080369 -0.592417 1.028092
0.005099 -0.558230 1.062279
1.201650 -0.643697 1.028092
1.355492 -0.694978 1.079373
1.167462 -0.558230 1.062279
1.355492 -0.566776 1.053732
1.543521 -0.677885 0.942624
1.509334 -0.592417 0.976811
1.509334 -0.643697 1.028092
1.543521 -0.558230 1.062279
-0.080369 0.125514 1.028092
0.005099 0.091327 1.062279
-0.114556 0.210982 1.062279
-0.029088 0.176795 1.028092

TETRAHEDRA
0 1 2 4
1 3 2 7
1 2 4 7
1 4 5 7
2 4 7 6
8 9 10 12
9 11 10 15
9 10 12 15
9 12 13 15
10 12 15 14
4 5 7 17
4 7 6 18
4 16 17 18
7 17 19 18
4 17 7 18
5 20 7 17
20 21 7 23
20 7 17 23
20 17 22 23
7 17 23 19
24 12 25 26
12 14 25 29
12 25 26 29
12 26 27 29
25 26 29 28
12 13 15 30
12 15 14 29
12 27 30 29
15 30 31 29
12 30 15 29
14 15 17 29
15 22 17 33
15 17 29 33
15 29 31 33
17 29 33 32
16 17 18 34
17 19 18 36
17 18 34 36
17 34 32 36
18 34 36 35
17 22 23 33
17 23 19 36
17 32 33 36
23 33 37 36
17 33 23 36
38 39 41 43
38 41 40 44
38 42 43 44
41 43 45 44
38 43 41 44
27 30 29 46
30 31 29 49
30 29 46 49
30 46 47 49
29 46 49 48
28 29 34 50
29 32 34 52
29 34 50 52
29 50 48 52
34 50 52 51
29 31 33 49
29 33 32 52
29 48 49 52
33 49 53 52
29 49 33 52
31 54 33 49
54 55 33 57
54 33 49 57
54 49 56 57
33 49 57 53
34 32 36 52
34 36 35 58
34 51 52 58
36 52 59 58
34 52 36 58
32 33 36 52
33 37 36 60
33 36 52 60
33 52 53 60
36 52 60 59
36 37 43 60
36 43 42 61
36 59 60 61
43 60 62 61
36 60 43 61
42 43 44 61
43 45 44 64
43 44 61 64
43 61 62 64
44 61 64 63
65 66 67 69
66 68 67 72
66 67 69 72
66 69 70 72
67 69 72 71
73 74 76 78
73 76 75 79
73 77 78 79
76 78 80 79
73 78 76 79
81 75 46 79
81 46 82 84
81 83 79 84
46 79 85 84
81 79 46 84
75 76 46 79
76 47 46 86
76 46 79 86
76 79 80 86
46 79 86 85
76 87 88 89
76 88 47 86
76 80 89 86
88 89 90 86
76 89 88 86
48 49 52 91
49 53 52 94
49 52 91 94
49 91 92 94
52 91 94 93
49 56 57 95
49 57 53 94
49 92 95 94
57 95 96 94
49 95 57 94
59 60 61 97
60 62 61 100
60 61 97 100
60 97 98 100
61 97 100 99
60 101 102 103
60 102 62 100
60 98 103 100
102 103 104 100
60 103 102 100
105 61 106 107
61 63 106 109
61 106 107 109
61 107 99 109
106 107 109 108
61 62 64 100
61 64 63 109
61 99 100 109
64 100 110 109
61 100 64 109
62 102 64 100
102 111 64 112
102 64 100 112
102 100 104 112
64 100 112 110
69 70 72 114
69 72 71 115
69 113 114 115
72 114 116 115
69 114 72 115
79 80 86 118
79 86 85 119
79 117 118 119
86 118 120 119
79 118 86 119
121 84 122 124
84 123 122 127
84 122 124 127
84 124 125 127
122 124 127 126
84 85 91 119
84 91 123 127
84 125 119 127
91 119 128 127
84 119 91 127
85 86 91 119
86 92 91 129
86 91 119 129
86 119 120 129
91 119 129 128
86 90 95 130
86 95 92 129
86 120 130 129
95 130 131 129
86 130 95 129
90 132 95 130
132 133 95 135
132 95 130 135
132 130 134 135
95 130 135 131
122 123 137 127
122 137 136 138
122 126 127 138
137 127 139 138
122 127 137 138
123 91 137 127
91 93 137 140
91 137 127 140
91 127 128 140
137 127 140 139
92 95 94 129
95 96 94 142
95 94 129 142
95 129 131 142
94 129 142 141
95 133 143 135
95 143 96 142
95 131 135 142
143 135 144 142
95 135 143 142
137 93 97 140
137 97 145 146
137 139 140 146
97 140 147 146
137 140 97 146
96 143 103 142
143 148 103 150
143 103 142 150
143 142 144 150
103 142 150 149
143 151 152 153
143 152 148 150
143 144 153 150
152 153 154 150
143 153 152 150
97 98 100 155
97 100 99 156
97 147 155 156
100 155 157 156
97 155 100 156
98 103 100 155
103 104 100 158
103 100 155 158
103 155 149 158
100 155 158 157
103 148 159 150
103 159 104 158
103 149 150 158
159 150 160 158
103 150 159 158
148 152 159 150
152 161 159 162
152 159 150 162
152 150 154 162
159 150 162 160
99 100 109 156
100 110 109 164
100 109 156 164
100 156 157 164
109 156 164 163
100 104 112 158
100 112 110 164
100 157 158 164
112 158 165 164
100 158 112 164
166 167 114 169
166 114 113 170
166 168 169 170
114 169 171 170
166 169 114 170
167 172 114 169
172 173 114 175
172 114 169 175
172 169 174 175
114 169 175 171
172 176 177 178
172 177 173 175
172 174 178 175
177 178 179 175
172 178 177 175
180 113 115 170
180 115 181 183
180 182 170 183
115 170 184 183
180 170 115 183
113 114 115 170
114 116 115 185
114 115 170 185
114 170 171 185
115 170 185 184
114 173 186 175
114 186 116 185
114 171 175 185
186 175 187 185
114 175 186 185
117 118 119 188
118 120 119 191
118 119 188 191
118 188 189 191
119 188 191 190
192 193 195 197
192 195 194 198
192 196 197 198
195 197 199 198
192 197 195 198
193 200 195 197
200 201 195 203
200 195 197 203
200 197 202 203
195 197 203 199
124 125 127 205
124 127 126 206
124 204 205 206
127 205 207 206
124 205 127 206
125 119 127 205
119 128 127 208
119 127 205 208
119 205 190 208
127 205 208 207
119 120 129 191
119 129 128 208
119 190 191 208
129 191 209 208
119 191 129 208
120 130 129 191
130 131 129 211
130 129 191 211
130 191 210 211
129 191 211 209
130 134 135 212
130 135 131 211
130 210 212 211
135 212 213 211
130 212 135 211
134 214 135 212
214 215 135 217
214 135 212 217
214 212 216 217
135 212 217 213
214 218 219 220
214 219 215 217
214 216 220 217
219 220 221 217
214 220 219 217
218 222 219 220
222 223 219 225
222 219 220 225
222 220 224 225
219 220 225 221
222 194 226 198
222 226 223 225
222 224 198 225
226 198 227 225
222 198 226 225
194 195 226 198
195 228 226 229
195 226 198 229
195 198 199 229
226 198 229 227
195 201 230 203
195 230 228 229
195 199 203 229
230 203 231 229
195 203 230 229
127 128 140 208
127 140 139 232
127 207 208 232
140 208 233 232
127 208 140 232
128 129 140 208
129 141 140 234
129 140 208 234
129 208 209 234
140 208 234 233
129 131 142 211
129 142 141 234
129 209 211 234
142 211 235 234
129 211 142 234
131 135 142 211
135 144 142 236
135 142 211 236
135 211 213 236
142 211 236 235
135 215 153 217
135 153 144 236
135 213 217 236
153 217 237 236
135 217 153 236
215 219 153 217
219 238 153 239
219 153 217 239
219 217 221 239
153 217 239 237
219 223 240 225
219 240 238 239
219 221 225 239
240 225 241 239
219 225 240 239
223 226 240 225
226 242 240 243
226 240 225 243
226 225 227 243
240 225 243 241
226 228 244 229
226 244 242 243
226 227 229 243
244 229 245 243
226 229 244 243
228 230 244 229
230 246 244 247
230 244 229 247
230 229 231 247
244 229 247 245
139 140 146 232
140 147 146 249
140 146 232 249
140 232 233 249
146 232 249 248
140 141 155 234
140 155 147 249
140 233 234 249
155 234 250 249
140 234 155 249
141 142 155 234
142 149 155 251
142 155 234 251
142 234 235 251
155 234 251 250
142 144 150 236
142 150 149 251
142 235 236 251
150 236 252 251
142 236 150 251
144 153 150 236
153 154 150 253
153 150 236 253
153 236 237 253
150 236 253 252
153 238 254 239
153 254 154 253
153 237 239 253
254 239 255 253
153 239 254 253
155 149 158 251
155 158 157 256
155 250 251 256
158 251 257 256
155 251 158 256
149 150 158 251
150 160 158 258
150 158 251 258
150 251 252 258
158 251 258 257
150 154 162 253
150 162 160 258
150 252 253 258
162 253 259 258
150 253 162 258
157 158 164 256
158 165 164 261
158 164 256 261
158 256 257 261
164 256 261 260
169 174 175 263
169 175 171 264
169 262 263 264
175 263 265 264
169 263 175 264
174 178 175 263
178 179 175 267
178 175 263 267
178 263 266 267
175 263 267 265
170 171 185 264
170 185 184 269
170 268 264 269
185 264 270 269
170 264 185 269
171 175 185 264
175 187 185 271
175 185 264 271
175 264 265 271
185 264 271 270
175 179 272 267
175 272 187 271
175 265 267 271
272 267 273 271
175 267 272 271
179 274 272 267
274 275 272 277
274 272 267 277
274 267 276 277
272 267 277 273
272 275 279 277
272 279 278 280
272 273 277 280
279 277 281 280
272 277 279 280
188 189 191 283
188 191 190 284
188 282 283 284
191 283 285 284
188 283 191 284
196 197 198 286
197 199 198 289
197 198 286 289
197 286 287 289
198 286 289 288
190 191 208 284
191 209 208 291
191 208 284 291
191 284 285 291
208 284 291 290
191 210 211 292
191 211 209 291
191 285 292 291
211 292 293 291
191 292 211 291
210 212 211 292
212 213 211 295
212 211 292 295
212 292 294 295
211 292 295 293
212 216 217 296
212 217 213 295
212 294 296 295
217 296 297 295
212 296 217 295
216 220 217 296
220 221 217 299
220 217 296 299
220 296 298 299
217 296 299 297
220 224 225 300
220 225 221 299
220 298 300 299
225 300 301 299
220 300 225 299
224 198 225 300
198 227 225 302
198 225 300 302
198 300 288 302
225 300 302 301
198 199 229 289
198 229 227 302
198 288 289 302
229 289 303 302
198 289 229 302
199 203 229 289
203 231 229 305
203 229 289 305
203 289 304 305
229 289 305 303
208 209 234 291
208 234 233 306
208 290 291 306
234 291 307 306
208 291 234 306
209 211 234 291
211 235 234 308
211 234 291 308
211 291 293 308
234 291 308 307
211 213 236 295
211 236 235 308
211 293 295 308
236 295 309 308
211 295 236 308
213 217 236 295
217 237 236 310
217 236 295 310
217 295 297 310
236 295 310 309
217 221 239 299
217 239 237 310
217 297 299 310
239 299 311 310
217 299 239 310
221 225 239 299
225 241 239 312
225 239 299 312
225 299 301 312
239 299 312 311
225 227 243 302
225 243 241 312
225 301 302 312
243 302 313 312
225 302 243 312
227 229 243 302
229 245 243 314
229 243 302 314
229 302 303 314
243 302 314 313
229 231 247 305
229 247 245 314
229 303 305 314
247 305 315 314
229 305 247 314
233 234 249 306
234 250 249 317
234 249 306 317
234 306 307 317
249 306 317 316
234 235 251 308
234 251 250 317
234 307 308 317
251 308 318 317
234 308 251 317
236 237 253 310
236 253 252 319
236 309 310 319
253 310 320 319
236 310 253 319
237 239 253 310
239 255 253 321
239 253 310 321
239 310 311 321
253 310 321 320
248 249 322 324
249 323 322 326
249 322 324 326
249 324 316 326
322 324 326 325
249 250 256 317
249 256 323 326
249 316 317 326
256 317 327 326
249 317 256 326
253 255 328 321
253 328 259 329
253 320 321 329
328 321 330 329
253 321 328 329
322 323 332 326
322 332 331 333
322 325 326 333
332 326 334 333
322 326 332 333
258 259 336 329
258 336 335 338
258 337 329 338
336 329 339 338
258 329 336 338
335 336 340 338
336 341 340 343
336 340 338 343
336 338 339 343
340 338 343 342
344 262 264 346
344 264 268 347
344 345 346 347
264 346 348 347
344 346 264 347
262 263 264 346
263 265 264 350
263 264 346 350
263 346 349 350
264 346 350 348
263 266 267 351
263 267 265 350
263 349 351 350
267 351 352 350
263 351 267 350
266 353 267 351
353 276 267 355
353 267 351 355
353 351 354 355
267 351 355 352
356 268 269 347
356 269 357 359
356 358 347 359
269 347 360 359
356 347 269 359
268 264 269 347
264 270 269 361
264 269 347 361
264 347 348 361
269 347 361 360
264 265 271 350
264 271 270 361
264 348 350 361
271 350 362 361
264 350 271 361
265 267 271 350
267 273 271 363
267 271 350 363
267 350 352 363
271 350 363 362
267 276 277 355
267 277 273 363
267 352 355 363
277 355 364 363
267 355 277 363
276 365 277 355
365 366 277 368
365 277 355 368
365 355 367 368
277 355 368 364
365 369 370 371
365 370 366 368
365 367 371 368
370 371 372 368
365 371 370 368
369 373 370 371
373 374 370 376
373 370 371 376
373 371 375 376
370 371 376 372
377 357 283 359
377 283 282 379
377 378 359 379
283 359 380 379
377 359 283 379
357 269 283 359
269 381 283 382
269 283 359 382
269 359 360 382
283 359 382 380
271 273 280 363
271 280 383 384
271 362 363 384
280 363 385 384
271 363 280 384
273 277 280 363
277 281 280 386
277 280 363 386
277 363 364 386
280 363 386 385
277 366 286 368
277 286 281 386
277 364 368 386
286 368 387 386
277 368 286 386
366 370 286 368
370 287 286 388
370 286 368 388
370 368 372 388
286 368 388 387
389 282 284 379
389 284 390 392
389 391 379 392
284 379 393 392
389 379 284 392
282 283 284 379
283 285 284 394
283 284 379 394
283 379 380 394
284 379 394 393
283 381 292 382
283 292 285 394
283 380 382 394
292 382 395 394
283 382 292 394
281 286 300 386
286 288 300 397
286 300 386 397
286 386 387 397
300 386 397 396
286 287 289 388
286 289 288 397
286 387 388 397
289 388 398 397
286 388 289 397
390 284 399 392
284 290 399 401
284 399 392 401
284 392 393 401
399 392 401 400
284 285 291 394
284 291 290 401
284 393 394 401
291 394 402 401
284 394 291 401
285 292 291 394
292 293 291 403
292 291 394 403
292 394 395 403
291 394 403 402
298 300 299 404
300 301 299 406
300 299 404 406
300 404 396 406
299 404 406 405
300 288 302 397
300 302 301 406
300 396 397 406
302 397 407 406
300 397 302 406
288 289 302 397
289 303 302 408
289 302 397 408
289 397 398 408
302 397 408 407
295 297 310 410
295 310 309 411
295 409 410 411
310 410 412 411
295 410 310 411
299 301 312 406
299 312 311 413
299 405 406 413
312 406 414 413
299 406 312 413
301 302 312 406
302 313 312 415
302 312 406 415
302 406 407 415
312 406 415 414
306 307 317 417
306 317 316 418
306 416 417 418
317 417 419 418
306 417 317 418
307 308 317 417
308 318 317 421
308 317 417 421
308 417 420 421
317 417 421 419
308 309 319 411
308 319 318 421
308 420 411 421
319 411 422 421
308 411 319 421
310 311 321 413
310 321 320 423
310 412 413 423
321 413 424 423
310 413 321 423
324 316 326 418
324 326 325 426
324 425 418 426
326 418 427 426
324 418 326 426
316 317 326 418
317 327 326 428
317 326 418 428
317 418 419 428
326 418 428 427
317 318 429 421
317 429 327 428
317 419 421 428
429 421 430 428
317 421 429 428
320 321 329 423
321 330 329 432
321 329 423 432
321 423 424 432
329 423 432 431
326 327 433 428
326 433 334 434
326 427 428 434
433 428 435 434
326 428 433 434
327 429 433 428
429 436 433 437
429 433 428 437
429 428 430 437
433 428 437 435
337 329 338 438
329 339 338 440
329 338 438 440
329 438 431 440
338 438 440 439
329 330 441 432
329 441 339 440
329 431 432 440
441 432 442 440
329 432 441 440
436 338 443 437
338 342 443 445
338 443 437 445
338 437 439 445
443 437 445 444
338 339 343 440
338 343 342 445
338 439 440 445
343 440 446 445
338 440 343 445
346 349 350 448
346 350 348 449
346 447 448 449
350 448 450 449
346 448 350 449
349 351 350 448
351 352 350 452
351 350 448 452
351 448 451 452
350 448 452 450
351 354 355 453
351 355 352 452
351 451 453 452
355 453 454 452
351 453 355 452
455 456 371 458
455 371 367 459
455 457 458 459
371 458 460 459
455 458 371 459
456 461 371 458
461 375 371 463
461 371 458 463
461 458 462 463
371 458 463 460
461 464 465 466
461 465 375 463
461 462 466 463
465 466 467 463
461 466 465 463
358 347 359 468
347 360 359 471
347 359 468 471
347 468 469 471
359 468 471 470
347 348 361 449
347 361 360 471
347 469 449 471
361 449 472 471
347 449 361 471
352 355 363 452
355 364 363 474
355 363 452 474
355 452 454 474
363 452 474 473
355 367 368 459
355 368 364 474
355 454 459 474
368 459 475 474
355 459 368 474
367 371 368 459
371 372 368 476
371 368 459 476
371 459 460 476
368 459 476 475
371 375 376 463
371 376 372 476
371 460 463 476
376 463 477 476
371 463 376 476
375 465 376 463
465 478 376 479
465 376 463 479
465 463 467 479
376 463 479 477
378 359 379 480
359 380 379 482
359 379 480 482
359 480 470 482
379 480 482 481
359 360 382 471
359 382 380 482
359 470 471 482
382 471 483 482
359 471 382 482
364 368 386 474
368 387 386 485
368 386 474 485
368 474 475 485
386 474 485 484
368 372 388 476
368 388 387 485
368 475 476 485
388 476 486 485
368 476 388 485
380 382 394 482
382 395 394 488
382 394 482 488
382 482 483 488
394 482 488 487
382 489 490 491
382 490 395 488
382 483 491 488
490 491 492 488
382 491 490 488
386 387 397 485
386 397 396 493
386 484 485 493
397 485 494 493
386 485 397 493
387 388 397 485
388 398 397 495
388 397 485 495
388 485 486 495
397 485 495 494
388 496 497 498
388 497 398 495
388 486 498 495
497 498 499 495
388 498 497 495
392 393 401 501
392 401 400 502
392 500 501 502
401 501 503 502
392 501 401 502
393 394 401 501
394 402 401 504
394 401 501 504
394 501 487 504
401 501 504 503
394 395 403 488
394 403 402 504
394 487 488 504
403 488 505 504
394 488 403 504
395 490 403 488
490 409 403 506
490 403 488 506
490 488 492 506
403 488 506 505
396 397 406 493
397 407 406 508
397 406 493 508
397 493 494 508
406 493 508 507
397 398 408 495
397 408 407 508
397 494 495 508
408 495 509 508
397 495 408 508
398 497 408 495
497 510 408 511
497 408 495 511
497 495 499 511
408 495 511 509
401 402 417 504
401 417 416 512
401 503 504 512
417 504 513 512
401 504 417 512
420 411 421 514
411 422 421 517
411 421 514 517
411 514 515 517
421 514 517 516
418 419 428 519
418 428 427 520
418 518 519 520
428 519 521 520
418 519 428 520
419 421 428 519
421 430 428 522
421 428 519 522
421 519 516 522
428 519 522 521
427 428 434 520
428 435 434 524
428 434 520 524
428 520 521 524
434 520 524 523
428 430 437 522
428 437 435 524
428 521 522 524
437 522 525 524
428 522 437 524
454 459 474 526
459 475 474 529
459 474 526 529
459 526 527 529
474 526 529 528
459 460 476 530
459 476 475 529
459 527 530 529
476 530 531 529
459 530 476 529
460 463 476 530
463 477 476 533
463 476 530 533
463 530 532 533
476 530 533 531
471 472 491 535
471 491 483 536
471 534 535 536
491 535 537 536
471 535 491 536
472 538 491 535
538 539 491 541
538 491 535 541
538 535 540 541
491 535 541 537
538 473 542 543
538 542 539 541
538 540 543 541
542 543 544 541
538 543 542 541
473 474 542 543
474 484 542 545
474 542 543 545
474 543 528 545
542 543 545 544
474 475 485 529
474 485 484 545
474 528 529 545
485 529 546 545
474 529 485 545
475 476 485 529
476 486 485 547
476 485 529 547
476 529 531 547
485 529 547 546
476 477 498 533
476 498 486 547
476 531 533 547
498 533 548 547
476 533 498 547
483 491 488 536
491 492 488 550
491 488 536 550
491 536 537 550
488 536 550 549
485 486 495 547
485 495 494 551
485 546 547 551
495 547 552 551
485 547 495 551
486 498 495 547
498 499 495 553
498 495 547 553
498 547 548 553
495 547 553 552
488 492 506 550
488 506 505 554
488 549 550 554
506 550 555 554
488 550 506 554
492 556 506 550
556 557 506 559
556 506 550 559
556 550 558 559
506 550 559 555
495 499 511 553
495 511 509 560
495 552 553 560
511 553 561 560
495 553 511 560
499 562 511 553
562 563 511 565
562 511 553 565
562 553 564 565
511 553 565 561
503 504 512 566
504 513 512 569
504 512 566 569
504 566 567 569
512 566 569 568
505 506 514 554
506 515 514 571
506 514 554 571
506 554 555 571
514 554 571 570
506 557 572 559
506 572 515 571
506 555 559 571
572 559 573 571
506 559 572 571
514 515 517 571
514 517 516 574
514 570 571 574
517 571 575 574
514 571 517 574
535 540 541 577
535 541 537 578
535 576 577 578
541 577 579 578
535 577 541 578
531 533 547 580
533 548 547 583
533 547 580 583
533 580 581 583
547 580 583 582
533 584 585 586
533 585 548 583
533 581 586 583
585 586 587 583
533 586 585 583
555 559 571 588
559 573 571 591
559 571 588 591
559 588 589 591
571 588 591 590

EDGES
0 1
0 2
0 4
1 2
1 3
1 4
1 5
1 7
2 3
2 4
2 6
2 7
3 7
4 5
4 6
4 7
4 16
4 17
4 18
5 7
5 17
5 20
6 7
6 18
7 17
7 18
7 19
7 20
7 21
7 23
8 9
8 10
8 12
9 10
9 11
9 12
9 13
9 15
10 11
10 12
10 14
10 15
11 15
12 13
12 14
12 15
12 24
12 25
12 26
12 27
12 29
12 30
13 15
13 30
14 15
14 17
14 25
14 29
15 17
15 22
15 29
15 30
15 31
15 33
16 17
16 18
16 34
17 18
17 19
17 20
17 22
17 23
17 29
17 32
17 33
17 34
17 36
18 19
18 34
18 35
18 36
19 23
19 36
20 21
20 22
20 23
21 23
22 23
22 33
23 33
23 36
23 37
24 25
24 26
25 26
25 28
25 29
26 27
26 28
26 29
27 29
27 30
27 46
28 29
28 34
28 50
29 30
29 31
29 32
29 33
29 34
29 46
29 48
29 49
29 50
29 52
30 31
30 46
30 47
30 49
31 33
31 49
31 54
32 33
32 34
32 36
32 52
33 36
33 37
33 49
33 52
33 53
33 54
33 55
33 57
33 60
34 35
34 36
34 50
34 51
34 52
34 58
35 36
35 58
36 37
36 42
36 43
36 52
36 58
36 59
36 60
36 61
37 43
37 60
38 39
38 40
38 41
38 42
38 43
38 44
39 41
39 43
40 41
40 44
41 43
41 44
41 45
42 43
42 44
42 61
43 44
43 45
43 60
43 61
43 62
43 64
44 45
44 61
44 63
44 64
45 64
46 47
46 48
46 49
46 75
46 76
46 79
46 81
46 82
46 84
46 85
46 86
47 49
47 76
47 86
47 88
48 49
48 50
48 52
48 91
49 52
49 53
49 54
49 56
49 57
49 91
49 92
49 94
49 95
50 51
50 52
51 52
51 58
52 53
52 58
52 59
52 60
52 91
52 93
52 94
53 57
53 60
53 94
54 55
54 56
54 57
55 57
56 57
56 95
57 94
57 95
57 96
58 59
59 60
59 61
59 97
60 61
60 62
60 97
60 98
60 100
60 101
60 102
60 103
61 62
61 63
61 64
61 97
61 99
61 100
61 105
61 106
61 107
61 109
62 64
62 100
62 102
63 64
63 106
63 109
64 100
64 102
64 109
64 110
64 111
64 112
65 66
65 67
65 69
66 67
66 68
66 69
66 70
66 72
67 68
67 69
67 71
67 72
68 72
69 70
69 71
69 72
69 113
69 114
69 115
70 72
70 114
71 72
71 115
72 114
72 115
72 116
73 74
73 75
73 76
73 77
73 78
73 79
74 76
74 78
75 76
75 79
75 81
76 78
76 79
76 80
76 86
76 87
76 88
76 89
77 78
77 79
78 79
78 80
79 80
79 81
79 83
79 84
79 85
79 86
79 117
79 118
79 119
80 86
80 89
80 118
81 82
81 83
81 84
82 84
83 84
84 85
84 91
84 119
84 121
84 122
84 123
84 124
84 125
84 127
85 86
85 91
85 119
86 88
86 89
86 90
86 91
86 92
86 95
86 118
86 119
86 120
86 129
86 130
87 88
87 89
88 89
88 90
89 90
90 95
90 130
90 132
91 92
91 93
91 94
91 119
91 123
91 127
91 128
91 129
91 137
91 140
92 94
92 95
92 129
93 94
93 97
93 137
93 140
94 95
94 96
94 129
94 141
94 142
95 96
95 129
95 130
95 131
95 132
95 133
95 135
95 142
95 143
96 103
96 142
96 143
97 98
97 99
97 100
97 137
97 140
97 145
97 146
97 147
97 155
97 156
98 100
98 103
98 155
99 100
99 107
99 109
99 156
100 102
100 103
100 104
100 109
100 110
100 112
100 155
100 156
100 157
100 158
100 164
101 102
101 103
102 103
102 104
102 111
102 112
103 104
103 142
103 143
103 148
103 149
103 150
103 155
103 158
103 159
104 112
104 158
104 159
105 106
105 107
106 107
106 108
106 109
107 108
107 109
108 109
109 110
109 156
109 163
109 164
110 112
110 164
111 112
112 158
112 164
112 165
113 114
113 115
113 166
113 170
113 180
114 115
114 116
114 166
114 167
114 169
114 170
114 171
114 172
114 173
114 175
114 185
114 186
115 116
115 170
115 180
115 181
115 183
115 184
115 185
116 185
116 186
117 118
117 119
117 188
118 119
118 120
118 188
118 189
118 191
119 120
119 125
119 127
119 128
119 129
119 188
119 190
119 191
119 205
119 208
120 129
120 130
120 191
121 122
121 124
122 123
122 124
122 126
122 127
122 136
122 137
122 138
123 127
123 137
124 125
124 126
124 127
124 204
124 205
124 206
125 127
125 205
126 127
126 138
126 206
127 128
127 137
127 138
127 139
127 140
127 205
127 206
127 207
127 208
127 232
128 129
128 140
128 208
129 130
129 131
129 140
129 141
129 142
129 191
129 208
129 209
129 211
129 234
130 131
130 132
130 134
130 135
130 191
130 210
130 211
130 212
131 135
131 142
131 211
132 133
132 134
132 135
133 135
133 143
134 135
134 212
134 214
135 142
135 143
135 144
135 153
135 211
135 212
135 213
135 214
135 215
135 217
135 236
136 137
136 138
137 138
137 139
137 140
137 145
137 146
138 139
139 140
139 146
139 232
140 141
140 146
140 147
140 155
140 208
140 232
140 233
140 234
140 249
141 142
141 155
141 234
142 143
142 144
142 149
142 150
142 155
142 211
142 234
142 235
142 236
142 251
143 144
143 148
143 150
143 151
143 152
143 153
144 150
144 153
144 236
145 146
146 147
146 232
146 248
146 249
147 155
147 156
147 249
148 150
148 152
148 159
149 150
149 155
149 158
149 251
150 152
150 153
150 154
150 158
150 159
150 160
150 162
150 236
150 251
150 252
150 253
150 258
151 152
151 153
152 153
152 154
152 159
152 161
152 162
153 154
153 215
153 217
153 219
153 236
153 237
153 238
153 239
153 253
153 254
154 162
154 253
154 254
155 156
155 157
155 158
155 234
155 249
155 250
155 251
155 256
156 157
156 163
156 164
157 158
157 164
157 256
158 159
158 160
158 164
158 165
158 251
158 256
158 257
158 258
158 261
159 160
159 161
159 162
160 162
160 258
161 162
162 253
162 258
162 259
163 164
164 165
164 256
164 260
164 261
165 261
166 167
166 168
166 169
166 170
167 169
167 172
168 169
168 170
169 170
169 171
169 172
169 174
169 175
169 262
169 263
169 264
170 171
170 180
170 182
170 183
170 184
170 185
170 264
170 268
170 269
171 175
171 185
171 264
172 173
172 174
172 175
172 176
172 177
172 178
173 175
173 177
173 186
174 175
174 178
174 263
175 177
175 178
175 179
175 185
175 186
175 187
175 263
175 264
175 265
175 267
175 271
175 272
176 177
176 178
177 178
177 179
178 179
178 263
178 266
178 267
179 267
179 272
179 274
180 181
180 182
180 183
181 183
182 183
183 184
184 185
184 269
185 186
185 187
185 264
185 269
185 270
185 271
186 187
187 271
187 272
188 189
188 190
188 191
188 282
188 283
188 284
189 191
189 283
190 191
190 205
190 208
190 284
191 208
191 209
191 210
191 211
191 283
191 284
191 285
191 291
191 292
192 193
192 194
192 195
192 196
192 197
192 198
193 195
193 197
193 200
194 195
194 198
194 222
194 226
195 197
195 198
195 199
195 200
195 201
195 203
195 226
195 228
195 229
195 230
196 197
196 198
196 286
197 198
197 199
197 200
197 202
197 203
197 286
197 287
197 289
198 199
198 222
198 224
198 225
198 226
198 227
198 229
198 286
198 288
198 289
198 300
198 302
199 203
199 229
199 289
200 201
200 202
200 203
201 203
201 230
202 203
203 229
203 230
203 231
203 289
203 304
203 305
204 205
204 206
205 206
205 207
205 208
206 207
207 208
207 232
208 209
208 232
208 233
208 234
208 284
208 290
208 291
208 306
209 211
209 234
209 291
210 211
210 212
210 292
211 212
211 213
211 234
211 235
211 236
211 291
211 292
211 293
211 295
211 308
212 213
212 214
212 216
212 217
212 292
212 294
212 295
212 296
213 217
213 236
213 295
214 215
214 216
214 217
214 218
214 219
214 220
215 217
215 219
216 217
216 220
216 296
217 219
217 220
217 221
217 236
217 237
217 239
217 295
217 296
217 297
217 299
217 310
218 219
218 220
218 222
219 220
219 221
219 222
219 223
219 225
219 238
219 239
219 240
220 221
220 222
220 224
220 225
220 296
220 298
220 299
220 300
221 225
221 239
221 299
222 223
222 224
222 225
222 226
223 225
223 226
223 240
224 225
224 300
225 226
225 227
225 239
225 240
225 241
225 243
225 299
225 300
225 301
225 302
225 312
226 227
226 228
226 229
226 240
226 242
226 243
226 244
227 229
227 243
227 302
228 229
228 230
228 244
229 230
229 231
229 243
229 244
229 245
229 247
229 289
229 302
229 303
229 305
229 314
230 231
230 244
230 246
230 247
231 247
231 305
232 233
232 248
232 249
233 234
233 249
233 306
234 235
234 249
234 250
234 251
234 291
234 306
234 307
234 308
234 317
235 236
235 251
235 308
236 237
236 251
236 252
236 253
236 295
236 308
236 309
236 310
236 319
237 239
237 253
237 310
238 239
238 240
238 254
239 240
239 241
239 253
239 254
239 255
239 299
239 310
239 311
239 312
239 321
240 241
240 242
240 243
241 243
241 312
242 243
242 244
243 244
243 245
243 302
243 312
243 313
243 314
244 245
244 246
244 247
245 247
245 314
246 247
247 305
247 314
247 315
248 249
248 322
248 324
249 250
249 256
249 306
249 316
249 317
249 322
249 323
249 324
249 326
250 251
250 256
250 317
251 252
251 256
251 257
251 258
251 308
251 317
251 318
252 253
252 258
252 319
253 254
253 255
253 258
253 259
253 310
253 319
253 320
253 321
253 328
253 329
254 255
255 321
255 328
256 257
256 260
256 261
256 317
256 323
256 326
256 327
257 258
257 261
258 259
258 329
258 335
258 336
258 337
258 338
259 328
259 329
259 336
260 261
262 263
262 264
262 344
262 346
263 264
263 265
263 266
263 267
263 346
263 349
263 350
263 351
264 265
264 268
264 269
264 270
264 271
264 344
264 346
264 347
264 348
264 350
264 361
265 267
265 271
265 350
266 267
266 351
266 353
267 271
267 272
267 273
267 274
267 276
267 277
267 350
267 351
267 352
267 353
267 355
267 363
268 269
268 344
268 347
268 356
269 270
269 283
269 347
269 356
269 357
269 359
269 360
269 361
269 381
269 382
270 271
270 361
271 272
271 273
271 280
271 350
271 361
271 362
271 363
271 383
271 384
272 273
272 274
272 275
272 277
272 278
272 279
272 280
273 277
273 280
273 363
274 275
274 276
274 277
275 277
275 279
276 277
276 353
276 355
276 365
277 279
277 280
277 281
277 286
277 355
277 363
277 364
277 365
277 366
277 368
277 386
278 279
278 280
279 280
279 281
280 281
280 363
280 383
280 384
280 385
280 386
281 286
281 300
281 386
282 283
282 284
282 377
282 379
282 389
283 284
283 285
283 292
283 357
283 359
283 377
283 379
283 380
283 381
283 382
283 394
284 285
284 290
284 291
284 379
284 389
284 390
284 392
284 393
284 394
284 399
284 401
285 291
285 292
285 394
286 287
286 288
286 289
286 300
286 366
286 368
286 370
286 386
286 387
286 388
286 397
287 289
287 370
287 388
288 289
288 300
288 302
288 397
289 302
289 303
289 304
289 305
289 388
289 397
289 398
289 408
290 291
290 306
290 399
290 401
291 292
291 293
291 306
291 307
291 308
291 394
291 401
291 402
291 403
292 293
292 294
292 295
292 381
292 382
292 394
292 395
292 403
293 295
293 308
293 403
294 295
294 296
295 296
295 297
295 308
295 309
295 310
295 409
295 410
295 411
296 297
296 298
296 299
297 299
297 310
297 410
298 299
298 300
298 404
299 300
299 301
299 310
299 311
299 312
299 404
299 405
299 406
299 413
300 301
300 302
300 386
300 396
300 397
300 404
300 406
301 302
301 312
301 406
302 303
302 312
302 313
302 314
302 397
302 406
302 407
302 408
302 415
303 305
303 314
303 408
304 305
305 314
305 315
306 307
306 316
306 317
306 416
306 417
306 418
307 308
307 317
307 417
308 309
308 317
308 318
308 319
308 411
308 417
308 420
308 421
309 310
309 319
309 411
310 311
310 319
310 320
310 321
310 410
310 411
310 412
310 413
310 423
311 312
311 321
311 413
312 313
312 406
312 413
312 414
312 415
313 314
313 415
314 315
316 317
316 324
316 326
316 418
317 318
317 326
317 327
317 417
317 418
317 419
317 421
317 428
317 429
318 319
318 421
318 429
319 320
319 411
319 421
319 422
320 321
320 329
320 423
321 328
321 329
321 330
321 413
321 423
321 424
321 432
322 323
322 324
322 325
322 326
322 331
322 332
322 333
323 326
323 332
324 325
324 326
324 418
324 425
324 426
325 326
325 333
325 426
326 327
326 332
326 333
326 334
326 418
326 426
326 427
326 428
326 433
326 434
327 428
327 429
327 433
328 329
328 330
329 330
329 336
329 337
329 338
329 339
329 423
329 431
329 432
329 438
329 440
329 441
330 432
330 441
331 332
331 333
332 333
332 334
333 334
334 433
334 434
335 336
335 338
335 340
336 338
336 339
336 340
336 341
336 343
337 338
337 438
338 339
338 340
338 342
338 343
338 436
338 437
338 438
338 439
338 440
338 443
338 445
339 343
339 440
339 441
340 341
340 342
340 343
341 343
342 343
342 443
342 445
343 440
343 445
343 446
344 345
344 346
344 347
345 346
345 347
346 347
346 348
346 349
346 350
346 447
346 448
346 449
347 348
347 356
347 358
347 359
347 360
347 361
347 449
347 468
347 469
347 471
348 350
348 361
348 449
349 350
349 351
349 448
350 351
350 352
350 361
350 362
350 363
350 448
350 449
350 450
350 452
351 352
351 353
351 354
351 355
351 448
351 451
351 452
351 453
352 355
352 363
352 452
353 354
353 355
354 355
354 453
355 363
355 364
355 365
355 367
355 368
355 452
355 453
355 454
355 459
355 474
356 357
356 358
356 359
357 359
357 377
358 359
358 468
359 360
359 377
359 378
359 379
359 380
359 382
359 468
359 470
359 471
359 480
359 482
360 361
360 382
360 471
361 362
361 449
361 471
361 472
362 363
362 384
363 364
363 384
363 385
363 386
363 452
363 473
363 474
364 368
364 386
364 474
365 366
365 367
365 368
365 369
365 370
365 371
366 368
366 370
367 368
367 371
367 455
367 459
368 370
368 371
368 372
368 386
368 387
368 388
368 459
368 474
368 475
368 476
368 485
369 370
369 371
369 373
370 371
370 372
370 373
370 374
370 376
370 388
371 372
371 373
371 375
371 376
371 455
371 456
371 458
371 459
371 460
371 461
371 463
371 476
372 376
372 388
372 476
373 374
373 375
373 376
374 376
375 376
375 461
375 463
375 465
376 463
376 465
376 476
376 477
376 478
376 479
377 378
377 379
378 379
378 480
379 380
379 389
379 391
379 392
379 393
379 394
379 480
379 481
379 482
380 382
380 394
380 482
381 382
382 394
382 395
382 471
382 482
382 483
382 488
382 489
382 490
382 491
383 384
384 385
385 386
386 387
386 396
386 397
386 474
386 484
386 485
386 493
387 388
387 397
387 485
388 397
388 398
388 476
388 485
388 486
388 495
388 496
388 497
388 498
389 390
389 391
389 392
390 392
390 399
391 392
392 393
392 399
392 400
392 401
392 500
392 501
392 502
393 394
393 401
393 501
394 395
394 401
394 402
394 403
394 482
394 487
394 488
394 501
394 504
395 403
395 488
395 490
396 397
396 404
396 406
396 493
397 398
397 406
397 407
397 408
397 485
397 493
397 494
397 495
397 508
398 408
398 495
398 497
399 400
399 401
400 401
400 502
401 402
401 416
401 417
401 501
401 502
401 503
401 504
401 512
402 403
402 417
402 504
403 409
403 488
403 490
403 504
403 505
403 506
404 405
404 406
405 406
405 413
406 407
406 413
406 414
406 415
406 493
406 507
406 508
407 408
407 415
407 508
408 495
408 497
408 508
408 509
408 510
408 511
409 410
409 411
409 490
409 506
410 411
410 412
411 412
411 420
411 421
411 422
411 514
411 515
411 517
412 413
412 423
413 414
413 423
413 424
414 415
416 417
416 418
416 512
417 418
417 419
417 420
417 421
417 504
417 512
417 513
418 419
418 425
418 426
418 427
418 428
418 518
418 519
418 520
419 421
419 428
419 519
420 421
420 514
421 422
421 428
421 429
421 430
421 514
421 516
421 517
421 519
421 522
422 517
423 424
423 431
423 432
424 432
425 426
426 427
427 428
427 434
427 520
428 429
428 430
428 433
428 434
428 435
428 437
428 519
428 520
428 521
428 522
428 524
429 430
429 433
429 436
429 437
430 437
430 522
431 432
431 438
431 440
432 440
432 441
432 442
433 434
433 435
433 436
433 437
434 435
434 520
434 523
434 524
435 437
435 524
436 437
436 443
437 439
437 443
437 444
437 445
437 522
437 524
437 525
438 439
438 440
439 440
439 445
440 441
440 442
440 445
440 446
441 442
443 444
443 445
444 445
445 446
447 448
447 449
448 449
448 450
448 451
448 452
449 450
449 469
449 471
449 472
450 452
451 452
451 453
452 453
452 454
452 473
452 474
453 454
454 459
454 474
454 526
455 456
455 457
455 458
455 459
456 458
456 461
457 458
457 459
458 459
458 460
458 461
458 462
458 463
459 460
459 474
459 475
459 476
459 526
459 527
459 529
459 530
460 463
460 476
460 530
461 462
461 463
461 464
461 465
461 466
462 463
462 466
463 465
463 466
463 467
463 476
463 477
463 479
463 530
463 532
463 533
464 465
464 466
465 466
465 467
465 478
465 479
466 467
467 479
468 469
468 470
468 471
469 471
470 471
470 480
470 482
471 472
471 482
471 483
471 491
471 534
471 535
471 536
472 491
472 535
472 538
473 474
473 538
473 542
473 543
474 475
474 484
474 485
474 526
474 528
474 529
474 542
474 543
474 545
475 476
475 485
475 529
476 477
476 485
476 486
476 498
476 529
476 530
476 531
476 533
476 547
477 479
477 498
477 533
478 479
480 481
480 482
481 482
482 483
482 487
482 488
483 488
483 491
483 536
484 485
484 493
484 542
484 545
485 486
485 493
485 494
485 495
485 529
485 545
485 546
485 547
485 551
486 495
486 498
486 547
487 488
487 501
487 504
488 490
488 491
488 492
488 504
488 505
488 506
488 536
488 549
488 550
488 554
489 490
489 491
490 491
490 492
490 506
491 492
491 535
491 536
491 537
491 538
491 539
491 541
491 550
492 506
492 550
492 556
493 494
493 507
493 508
494 495
494 508
494 551
495 497
495 498
495 499
495 508
495 509
495 511
495 547
495 551
495 552
495 553
495 560
496 497
496 498
497 498
497 499
497 510
497 511
498 499
498 533
498 547
498 548
498 553
499 511
499 553
499 562
500 501
500 502
501 502
501 503
501 504
502 503
503 504
503 512
503 566
504 505
504 512
504 513
504 566
504 567
504 569
505 506
505 514
505 554
506 514
506 515
506 550
506 554
506 555
506 556
506 557
506 559
506 571
506 572
507 508
508 509
509 511
509 560
510 511
511 553
511 560
511 561
511 562
511 563
511 565
512 513
512 566
512 568
512 569
513 569
514 515
514 516
514 517
514 554
514 570
514 571
514 574
515 517
515 571
515 572
516 517
516 519
516 522
516 574
517 571
517 574
517 575
518 519
518 520
519 520
519 521
519 522
520 521
520 523
520 524
521 522
521 524
522 524
522 525
523 524
524 525
526 527
526 528
526 529
527 529
527 530
528 529
528 543
528 545
529 530
529 531
529 545
529 546
529 547
530 531
530 532
530 533
531 533
531 547
531 580
532 533
533 547
533 548
533 580
533 581
533 583
533 584
533 585
533 586
534 535
534 536
535 536
535 537
535 538
535 540
535 541
535 576
535 577
535 578
536 537
536 549
536 550
537 541
537 550
537 578
538 539
538 540
538 541
538 542
538 543
539 541
539 542
540 541
540 543
540 577
541 542
541 543
541 544
541 577
541 578
541 579
542 543
542 544
542 545
543 544
543 545
544 545
545 546
546 547
546 551
547 548
547 551
547 552
547 553
547 580
547 582
547 583
548 553
548 583
548 585
549 550
549 554
550 554
550 555
550 556
550 558
550 559
551 552
552 553
552 560
553 560
553 561
553 562
553 564
553 565
554 555
554 570
554 571
555 559
555 571
555 588
556 557
556 558
556 559
557 559
557 572
558 559
559 571
559 572
559 573
559 588
559 589
559 591
560 561
561 565
562 563
562 564
562 565
563 565
564 565
566 567
566 568
566 569
567 569
568 569
570 571
570 574
571 572
571 573
571 574
571 575
571 588
571 590
571 591
572 573
573 591
574 575
576 577
576 578
577 578
577 579
578 579
580 581
580 582
580 583
581 583
581 586
582 583
583 585
583 586
583 587
584 585
584 586
585 586
585 587
586 587
588 589
588 590
588 591
589 591
590 591

SURFACE_TRIANGLES
588 591 590
588 589 591
559 589 588
559 573 591
555 559 588
583 586 587
583 587 585
581 586 583
533 586 581
548 583 585
584 585 586
559 591 589
533 584 586
533 585 584
580 583 582
547 582 583
531 580 547
577 579 578
541 578 579
541 579 577
535 576 578
535 577 576
537 578 541
535 540 577
571 575 574
517 574 575
514 570 574
516 574 517
515 517 571
559 572 573
506 515 572
571 573 572
557 572 559
514 554 570
554 555 571
505 554 514
505 514 506
566 569 568
512 568 569
512 566 568
512 569 513
503 566 512
503 504 566
553 565 561
553 562 564
511 565 563
499 562 553
499 511 562
553 561 560
511 560 561
552 553 560
495 552 560
509 560 511
495 560 509
550 559 555
550 558 559
556 559 558
550 556 558
550 555 554
549 550 554
488 554 505
547 553 552
547 548 553
498 553 548
498 499 553
485 551 494
536 550 549
488 536 549
536 537 550
491 492 550
476 486 498
529 547 546
529 531 547
485 545 546
528 529 545
484 545 485
542 544 545
474 528 543
474 542 484
473 474 543
541 543 544
541 544 542
540 543 541
504 569 567
538 543 540
539 541 542
538 539 542
473 543 538
535 538 540
491 541 539
491 539 538
535 537 536
534 535 536
471 535 534
471 536 483
471 472 535
463 532 530
463 477 533
460 463 530
529 530 531
527 530 529
459 530 527
477 498 533
459 460 530
526 529 528
454 459 526
437 525 522
521 522 524
434 523 524
520 521 524
434 524 435
530 532 533
516 522 519
421 522 516
421 516 519
419 421 519
519 521 520
418 519 518
418 520 427
421 516 517
411 517 515
411 515 514
421 517 422
411 422 517
420 514 421
416 512 417
401 416 417
435 524 437
402 417 504
401 417 402
408 509 511
408 511 510
398 408 497
408 508 509
494 495 508
407 508 408
493 508 507
406 507 508
411 514 420
406 508 407
396 493 406
490 506 492
403 506 409
492 506 556
409 506 490
403 409 490
488 505 504
403 504 505
487 488 504
430 437 522
487 504 501
393 394 501
501 503 502
401 502 503
401 512 416
500 501 502
392 500 502
400 502 401
392 393 501
497 499 498
388 498 486
388 398 497
496 497 498
388 497 496
485 494 493
533 548 585
484 485 493
386 493 396
490 492 491
382 491 483
382 395 490
489 490 491
382 490 489
482 488 487
394 482 487
380 482 394
585 587 586
547 580 582
372 388 476
386 474 484
364 474 386
471 483 482
382 483 471
470 471 482
470 482 480
511 563 562
379 392 391
546 547 551
350 449 450
447 448 449
244 245 247
515 571 572
330 441 432
457 458 459
244 247 246
230 246 247
236 252 251
226 242 244
240 241 243
38 39 43
322 324 325
480 482 481
232 233 249
343 445 446
36 43 37
79 119 85
282 389 284
66 67 68
327 433 429
128 140 129
245 314 247
195 230 201
331 333 332
194 226 195
434 520 523
198 224 222
255 328 321
194 198 222
15 22 33
219 223 222
218 222 220
464 465 466
363 473 474
16 34 18
514 574 516
214 218 220
292 395 382
576 577 578
155 256 157
421 429 430
130 134 212
12 13 30
371 461 456
130 210 191
530 533 531
81 84 82
119 205 125
553 564 565
190 208 205
194 222 226
205 207 206
124 204 206
124 206 126
96 103 143
197 202 203
197 200 202
566 567 569
309 319 411
458 460 459
195 201 200
84 91 85
463 479 477
439 440 445
30 47 46
192 197 196
370 374 373
115 183 184
103 148 143
7 21 20
175 186 187
116 185 186
356 359 357
114 116 186
114 186 173
18 34 35
90 132 130
408 510 497
164 261 165
325 326 333
488 549 554
170 182 180
180 183 181
136 138 137
117 188 119
200 201 203
50 52 51
235 236 251
113 170 180
176 177 178
306 418 316
172 177 176
27 30 46
388 486 476
321 432 424
394 487 501
200 203 202
86 130 120
114 172 167
169 171 170
61 97 99
166 169 168
262 344 264
497 511 499
203 230 231
119 188 190
166 167 169
114 167 166
97 98 155
463 466 467
109 163 164
172 173 177
109 164 110
153 154 254
99 156 109
289 303 408
152 162 154
238 239 240
392 501 500
201 230 203
230 244 246
64 109 110
0 4 2
528 545 543
148 159 152
338 439 437
103 104 159
102 104 103
429 433 436
155 157 156
47 88 76
555 588 571
97 147 156
103 149 155
97 155 147
172 176 178
250 251 256
115 181 183
143 153 144
184 269 185
302 314 313
286 287 370
494 551 495
143 148 152
155 249 250
151 152 153
84 119 125
283 357 377
143 151 153
46 85 86
143 152 151
362 363 384
97 146 147
90 95 132
97 147 140
571 588 590
152 154 153
79 84 83
97 145 146
97 137 145
93 137 97
115 185 116
504 513 569
95 143 133
240 243 242
94 141 142
59 60 97
363 386 385
547 552 551
195 226 228
199 203 289
26 29 28
65 67 66
44 64 45
305 315 314
367 371 455
269 382 360
219 238 240
252 253 258
80 86 118
146 249 147
12 30 27
130 212 210
91 123 137
205 208 207
37 43 60
242 243 244
69 115 71
36 58 59
91 137 93
60 103 98
33 53 57
421 430 522
118 120 191
54 57 56
54 55 57
44 61 63
533 581 580
472 538 535
59 97 61
120 130 191
571 591 573
454 526 474
86 90 88
365 369 371
243 245 244
46 47 49
192 198 194
95 96 143
64 110 112
253 329 259
30 49 47
280 386 281
44 63 64
281 386 300
2 4 6
29 46 48
30 31 49
27 46 29
263 266 351
338 443 342
284 389 390
169 174 263
117 118 188
84 122 123
2 6 7
31 33 54
134 135 214
7 19 23
76 80 78
67 71 72
137 138 139
141 155 142
9 10 11
43 64 62
198 286 288
28 34 29
243 312 313
38 44 40
152 159 161
287 289 388
461 464 466
522 525 524
5 7 20
379 481 482
258 259 329
52 94 53
119 190 205
4 5 17
222 223 226
506 572 557
103 159 148
350 362 361
64 112 111
8 12 10
193 195 200
104 158 159
169 172 174
110 164 112
106 108 109
40 44 41
1 3 7
56 57 95
433 435 437
8 9 12
73 79 75
1 2 3
324 418 425
122 138 136
72 115 116
91 92 94
459 527 526
468 471 470
1 7 5
92 129 94
61 99 107
308 411 420
336 343 339
468 469 471
498 548 533
91 93 140
86 95 90
95 133 132
38 43 42
0 2 1
418 427 426
129 140 141
236 309 319
154 253 254
135 144 153
20 23 22
355 459 454
15 33 31
437 444 443
46 86 47
347 449 469
91 128 129
451 453 452
239 241 240
85 91 86
216 220 296
77 78 79
379 480 481
226 240 242
43 45 64
476 498 477
4 17 16
562 563 565
31 54 49
36 59 61
347 468 358
17 20 22
67 72 68
178 267 266
51 52 58
23 36 37
71 115 72
197 199 289
297 299 310
253 259 258
84 121 122
113 114 166
164 260 261
28 29 50
379 380 394
48 52 50
24 26 25
33 57 55
137 146 145
38 42 44
61 107 105
10 12 14
159 160 162
5 20 17
86 120 118
418 518 520
25 26 28
282 377 379
86 89 90
9 13 12
12 27 26
35 58 36
243 314 245
13 15 30
223 240 226
156 157 164
9 11 15
49 92 91
212 216 296
289 304 305
311 413 312
81 83 84
97 156 99
256 326 327
432 442 440
127 139 138
69 113 115
386 484 493
62 64 102
46 49 48
358 468 359
60 101 103
22 23 33
204 205 206
41 44 45
166 168 170
170 183 182
49 54 56
140 147 155
471 491 472
14 17 15
232 249 248
338 438 439
519 522 521
299 405 413
19 36 23
15 17 22
268 344 347
291 293 308
173 186 175
403 505 506
57 94 96
70 72 114
365 370 369
7 23 21
228 244 230
52 53 60
271 361 362
52 60 59
1 5 4
337 438 338
295 411 309
66 72 70
437 524 525
239 321 311
18 35 36
239 311 312
34 51 58
493 494 508
79 83 81
18 36 19
298 300 404
336 340 341
0 1 4
135 143 144
15 31 30
34 58 35
41 45 43
329 431 438
197 203 199
170 184 183
73 76 74
74 76 78
271 362 384
73 75 76
73 78 77
73 77 79
571 590 591
249 322 323
291 402 403
417 513 504
172 178 174
220 222 224
46 75 81
67 69 71
371 456 455
251 318 308
440 442 441
109 156 163
158 160 159
140 155 141
147 155 156
269 283 381
361 472 449
210 212 292
57 96 95
253 259 328
46 84 85
115 184 185
76 89 80
492 556 550
79 85 84
46 76 75
192 195 193
402 504 403
4 18 6
46 47 76
276 365 355
413 424 423
91 140 128
360 382 471
38 40 41
259 336 329
157 256 164
193 200 197
359 378 377
76 88 87
42 61 44
76 87 89
198 300 224
281 300 286
127 232 139
75 79 81
137 139 146
7 18 19
80 89 86
88 90 89
135 215 214
63 109 64
48 49 91
84 125 124
48 91 52
142 155 149
132 133 135
473 542 474
126 206 127
440 446 445
127 206 207
456 461 458
29 48 50
52 91 93
52 93 94
153 219 215
113 180 115
91 94 93
302 407 408
53 94 57
370 376 374
535 578 537
60 98 97
60 102 101
73 74 78
239 254 255
253 255 254
156 164 163
192 196 198
79 118 117
17 29 32
61 105 106
63 106 109
185 187 186
99 109 107
106 107 108
101 102 103
14 25 29
392 400 399
177 179 178
107 109 108
84 123 91
135 153 215
192 193 197
266 267 353
256 257 261
52 59 58
272 278 279
218 219 222
231 247 305
207 208 232
64 111 102
102 111 112
102 112 104
134 214 212
69 70 114
497 510 511
268 347 356
230 247 231
310 413 412
94 142 96
94 129 141
69 114 113
72 116 114
195 228 230
258 329 337
118 189 188
491 537 541
79 80 118
307 308 417
180 182 183
34 50 51
84 124 121
121 124 122
104 112 158
465 479 467
175 272 179
122 124 126
471 534 536
192 194 195
66 70 69
214 220 216
379 394 393
169 263 262
115 180 181
33 37 60
258 336 259
339 440 441
86 91 92
531 533 580
319 422 411
348 350 361
130 132 134
132 135 134
122 137 123
153 238 219
16 17 34
122 136 137
196 286 198
175 179 177
289 408 398
178 266 263
126 127 138
12 26 24
139 232 146
46 82 84
96 142 103
256 261 260
277 286 366
449 471 469
153 254 238
105 107 106
350 452 352
155 250 256
290 291 306
158 258 160
251 252 258
158 257 258
251 258 257
179 272 274
170 269 184
20 21 23
154 162 253
376 479 478
160 258 162
49 95 92
162 259 253
162 258 259
158 165 261
482 483 488
86 92 95
289 398 388
158 261 257
164 256 260
448 452 450
169 264 171
169 262 264
178 179 267
526 527 529
421 514 516
170 264 268
170 268 269
236 319 252
133 143 135
271 383 280
185 270 271
256 327 317
340 342 343
61 106 63
175 187 272
271 273 272
179 274 267
272 275 274
554 571 570
12 25 14
282 379 389
65 69 67
274 275 277
272 273 280
274 277 276
351 451 448
251 317 318
272 279 275
272 280 278
278 280 279
256 323 326
187 271 272
277 279 281
279 280 281
188 189 283
189 191 283
188 284 190
188 283 282
258 338 335
188 282 284
191 285 283
511 561 565
214 219 218
455 456 458
197 287 286
452 474 473
520 524 523
197 289 287
309 411 310
249 323 256
124 205 204
321 424 413
208 284 290
277 281 286
458 463 460
418 419 519
191 292 285
346 348 347
146 248 249
292 294 295
292 295 293
298 404 299
220 300 298
294 296 295
46 81 82
65 66 69
295 296 297
310 411 412
350 352 363
328 329 330
310 412 423
220 298 296
296 298 299
296 299 297
317 327 429
220 224 300
329 339 441
417 512 513
185 269 270
39 41 43
376 476 477
208 233 232
124 125 205
198 288 300
351 354 453
570 571 574
338 436 443
36 42 43
556 557 559
29 34 32
43 62 60
388 496 498
203 231 305
147 249 155
325 426 326
12 24 25
203 304 289
389 391 392
562 565 564
208 306 233
219 240 223
495 509 508
33 60 53
310 320 319
291 307 306
406 414 413
291 308 307
250 256 317
103 142 149
235 308 236
98 103 155
293 295 308
236 308 309
427 520 434
295 309 308
299 311 310
283 285 292
10 15 11
506 557 556
239 312 241
159 162 161
396 406 404
241 312 243
395 403 490
4 16 18
302 303 314
243 313 314
346 449 348
303 305 314
247 315 305
247 314 315
233 306 249
367 455 459
214 215 219
249 306 316
471 483 491
235 251 308
250 317 251
60 62 102
292 403 395
252 319 253
309 310 319
253 319 320
9 15 13
239 255 321
287 388 370
249 316 324
122 126 138
248 322 249
248 249 324
248 324 322
418 426 425
249 256 250
491 550 537
322 333 331
253 328 255
196 197 286
259 329 328
253 320 329
26 27 29
321 328 330
404 406 405
322 332 323
323 332 326
322 331 332
322 325 333
326 332 334
306 307 417
343 446 440
23 37 33
332 333 334
326 334 333
258 335 336
185 271 187
334 434 433
66 68 72
258 337 338
462 466 463
449 472 471
335 340 336
335 338 340
291 403 293
336 341 343
340 343 341
338 342 340
262 346 344
14 29 17
344 346 345
344 345 347
326 334 433
271 384 383
399 400 401
359 470 480
345 346 347
93 97 140
262 263 346
212 214 216
191 210 292
113 166 170
263 349 346
547 583 548
485 546 551
263 351 349
79 117 119
266 353 351
267 276 353
276 355 353
351 353 354
355 367 459
347 358 356
353 355 354
268 356 269
286 370 366
306 416 418
269 356 357
356 358 359
437 439 445
269 361 270
300 396 404
326 426 427
47 86 88
297 310 410
310 423 320
317 429 318
357 359 377
270 361 271
167 172 169
350 363 362
277 366 365
338 437 436
114 173 172
355 365 367
302 408 303
86 90 130
365 366 370
267 274 276
365 371 367
38 41 39
369 370 373
369 373 371
518 519 520
373 374 376
371 373 375
370 372 376
540 541 577
302 415 407
363 385 384
282 283 377
377 378 379
173 175 177
316 418 324
580 581 583
346 447 449
417 421 419
269 357 283
483 536 488
269 381 382
363 474 364
484 542 545
472 491 538
359 480 378
290 399 401
271 280 273
251 257 256
326 434 334
280 383 384
280 384 385
91 129 92
280 385 386
431 440 438
226 244 228
370 388 372
389 392 390
127 207 232
379 391 389
473 538 542
2 7 3
379 393 392
329 336 339
283 292 381
372 476 376
292 382 381
286 300 288
36 61 42
300 386 396
284 390 399
174 178 263
390 392 399
284 399 290
392 502 400
290 401 291
382 489 491
291 401 402
49 56 95
292 293 403
458 461 462
406 493 507
299 404 405
379 482 380
289 305 303
295 297 410
504 567 566
112 165 158
190 284 208
295 410 409
269 360 361
295 409 411
170 171 264
409 410 411
310 412 410
212 296 294
410 412 411
299 413 311
203 305 304
405 406 413
302 313 415
212 294 292
312 415 313
350 450 452
406 407 415
276 277 365
312 414 415
406 415 414
329 423 431
25 28 29
506 514 515
306 417 416
416 417 418
168 169 170
417 419 418
465 467 466
308 420 417
455 458 457
308 309 411
112 164 165
308 318 319
318 421 319
319 421 422
437 445 444
310 311 413
264 344 268
311 321 413
412 413 423
78 80 79
324 426 325
308 319 309
324 425 426
375 376 465
318 429 421
474 526 528
28 50 34
320 423 329
501 504 503
321 330 432
10 14 15
423 424 432
423 432 431
326 433 327
326 427 434
347 348 449
433 434 435
429 436 437
433 437 436
238 254 239
146 232 248
429 437 430
33 55 54
329 438 337
438 440 439
329 441 330
431 432 440
432 441 442
436 437 443
342 443 445
443 444 445
461 465 464
463 533 532
363 364 386
87 88 89
342 445 343
208 290 306
346 349 448
517 575 571
348 449 350
152 161 162
373 376 375
346 448 447
8 10 9
448 450 449
349 351 448
275 279 277
448 451 452
354 355 453
312 413 414
351 453 451
401 503 512
355 454 453
84 85 119
452 453 454
455 457 459
371 375 461
458 462 463
495 551 552
375 465 461
118 191 189
461 466 462
347 469 468
339 343 440
359 468 470
543 545 544
348 361 449
17 32 34
6 18 7
529 546 545
360 471 361
361 471 472
352 452 363
452 454 474
363 452 473
417 420 421
376 478 465
465 478 479
463 467 479
376 477 479
378 480 379
