# CentVoxTetrahedralizerHybrid tetrahedral mesh
# Detection mode: INTERSECTION_ONLY
# Grid: 12^3
# Merge block size: 1
# Protection layers: 2
# Smoothed: Yes
# Vertices: 431
# Tetrahedra: 945

VERTICES
-1.174847 -0.092051 -1.840014
-1.064016 -0.136384 -1.884346
-1.241346 0.107445 -1.906513
-1.075099 0.107445 -1.873263
-1.219179 -0.136384 -1.729183
-0.975351 -0.184126 -1.640518
-1.228046 0.107445 -1.640518
-0.975351 0.107445 -1.640518
-1.208096 0.439938 -1.873263
-1.041849 0.439938 -1.906513
-1.307844 0.439938 -1.640518
-0.875603 0.439938 -1.740266
-1.219179 0.683767 -1.884346
-1.108348 0.639434 -1.840014
-1.228046 0.772432 -1.640518
-0.975351 0.772432 -1.640518
-0.886686 -0.468877 -1.551853
-0.775855 -0.424544 -1.507521
-0.709356 -0.225048 -1.574019
-0.975351 -0.557542 -1.308025
-0.642857 -0.557542 -1.308025
-1.041849 -0.225048 -1.374523
-0.642857 -0.225048 -1.308024
-0.742605 0.107445 -1.540770
-1.108348 -0.025552 -1.441022
-0.642857 0.107445 -1.308025
-1.254645 0.107445 -1.308025
-1.387643 0.439938 -1.308025
-0.976370 0.439980 -1.307382
-0.709356 0.439938 -1.574019
-0.642857 0.439938 -1.308024
-1.361043 0.772432 -1.308025
-0.875603 0.872180 -1.308024
-0.775855 0.639434 -1.507521
-0.709356 0.705933 -1.308025
-1.219179 1.016260 -1.551853
-1.108348 0.971928 -1.507520
-1.208096 1.005177 -1.308024
-1.041849 1.038427 -1.308025
-0.886686 -0.801370 -1.219360
-0.642857 -0.790287 -1.208277
-0.875603 -0.790287 -0.975531
-0.642857 -0.890035 -0.975531
-0.975351 -0.557542 -0.975531
-0.642857 -0.477743 -0.975531
-0.399029 -0.801370 -1.219360
-0.443361 -0.690539 -1.175027
-0.310364 -0.890035 -0.934609
-0.376863 -0.624041 -0.975531
-1.219179 -0.468877 -1.219360
-1.208096 -0.225048 -1.208277
-1.174847 -0.424544 -1.108528
-1.254645 -0.225048 -0.975531
-0.975351 -0.225048 -0.895733
-0.642857 -0.225048 -0.975531
-1.307844 0.107445 -0.975531
-0.886686 0.018780 -0.886866
-0.642857 0.066523 -0.975531
-1.374343 0.373440 -0.975531
-0.976370 0.439980 -0.974888
-0.589658 0.439938 -0.975531
-1.551673 0.528603 -1.219360
-1.507340 0.639434 -1.175027
-1.540589 0.539686 -0.975531
-1.573839 0.705933 -0.975531
-1.407592 0.872180 -0.975531
-0.886686 0.861097 -1.064196
-0.722656 0.772432 -0.975531
-1.254645 1.104925 -0.975531
-0.975351 1.104925 -1.055330
-0.221699 -1.133864 -0.886866
0.022130 -1.122781 -0.875783
0.022130 -0.956534 -0.909032
-0.210616 -1.122781 -0.643038
0.022130 -1.169330 -0.643038
-0.310364 -0.890035 -0.643038
0.022130 -0.969834 -0.643038
0.265958 -1.133864 -0.886866
0.221626 -1.023033 -0.842534
0.221626 -1.089531 -0.776035
0.265958 -0.978700 -0.731703
-0.908852 -0.823537 -0.643038
-0.642857 -0.890035 -0.643038
-0.895552 -0.557542 -0.643038
-0.642857 -0.491043 -0.709536
-0.390162 -0.557542 -0.643038
-1.174847 -0.092051 -0.776035
-0.975351 -0.225048 -0.643038
-1.307844 0.107445 -0.643038
-0.975351 0.027647 -0.643038
-0.443361 -0.092051 -0.842534
-0.310364 0.107445 -0.922332
-0.601935 -0.225048 -0.643038
-0.363563 -0.225048 -0.643038
-0.642857 0.054246 -0.643038
-0.310364 0.027647 -0.643038
-1.428751 0.439938 -0.643038
-0.976370 0.439980 -0.642395
-0.509860 0.572936 -0.776035
-0.310364 0.340190 -0.875783
-0.310364 0.493137 -0.643038
-0.110868 0.240442 -0.842534
-0.066535 0.351273 -0.886866
-0.044369 0.173944 -0.643038
-0.077619 0.340190 -0.643038
-1.587139 0.439938 -0.643038
-1.507340 0.639434 -0.776035
-1.307844 0.772432 -0.643038
-1.108348 0.905429 -0.510040
-0.576359 0.772432 -0.709536
-1.228046 1.104925 -0.643038
-1.064016 1.016260 -0.554373
-0.709356 1.104925 -0.909032
-0.563059 1.104925 -0.643038
-1.174847 1.304421 -0.842534
-0.975351 1.370920 -0.909032
-1.241346 1.370920 -0.643038
-0.975351 1.437419 -0.643038
-0.775855 1.304421 -0.842534
-0.709356 1.370920 -0.643038
-0.310364 -1.169330 -0.310544
0.022130 -1.142730 -0.310544
-0.310364 -0.890035 -0.431451
0.022130 -0.890035 -0.363743
-0.895552 -0.890035 -0.310544
-0.642857 -0.956534 -0.377043
-1.028550 -0.557542 -0.310544
-0.643877 -0.557500 -0.309902
-0.243865 -0.557542 -0.377043
-0.975351 -0.225048 -0.310544
-0.642857 -0.225048 -0.310544
-0.310364 -0.304847 -0.310544
-1.507340 0.240442 -0.510040
-1.551673 0.196110 -0.399209
-1.307844 0.107445 -0.310544
-1.507340 0.306941 -0.443542
-1.307844 0.439938 -0.310544
-0.975351 0.107445 -0.310544
-0.975351 0.439938 -0.189638
-0.642857 0.187243 -0.310544
-0.731522 0.351273 -0.221879
-0.310364 0.107445 -0.310544
-0.177367 0.572936 -0.443542
-0.077619 0.207193 -0.310544
-0.031069 0.439938 -0.310544
-1.174847 0.639434 -0.443542
-1.028550 0.772432 -0.310544
-0.643877 0.772473 -0.309902
-0.410112 0.772432 -0.543290
-0.257165 0.772432 -0.310544
-1.075099 1.005177 -0.310544
-0.554192 1.193590 -0.399209
-0.399029 1.016260 -0.554373
-0.390162 1.104925 -0.310544
-1.241346 1.171424 -0.310544
-1.208096 1.337671 -0.310544
-0.975351 1.437419 -0.310544
-0.642857 1.357620 -0.310544
-0.886686 -1.133864 -0.221879
-0.642857 -1.122781 -0.210796
-0.842353 -1.089531 -0.111048
-0.642857 -1.169330 0.021949
-0.975351 -0.890035 0.021949
-0.775855 -1.023033 0.154946
-0.310364 -1.222529 0.021949
-0.311383 -0.889994 0.022592
0.022130 -1.222529 0.021949
0.021110 -0.889994 0.022592
0.265958 -1.133864 -0.221879
0.254875 -0.890035 -0.210796
0.254875 -1.122781 0.021949
0.407822 -0.890035 0.021949
-1.108348 -0.690539 -0.111048
-0.643877 -0.557500 0.022592
-0.311383 -0.557500 0.022592
0.022130 -0.557542 -0.230746
0.110794 -0.468877 -0.066716
0.265958 -0.646207 -0.221879
0.354623 -0.557542 -0.057849
-1.174847 -0.424544 -0.177547
-1.241346 -0.225048 -0.244046
-1.254645 -0.557542 0.021949
-1.307844 -0.225048 0.021949
-0.886686 -0.136384 -0.066716
-0.642857 -0.125300 -0.077799
-0.310364 -0.158550 -0.044550
-0.066535 -0.313713 -0.221879
0.022130 -0.225048 -0.057849
-1.307844 0.107445 0.021949
-0.875603 0.107445 -0.077799
-1.228046 0.439938 0.021949
-0.975351 0.439938 -0.031250
-0.642857 0.107445 -0.031250
-0.310364 0.007697 -0.077799
-0.775855 0.306941 -0.111048
-0.311383 0.439980 0.022592
0.022130 0.107445 -0.031250
0.121878 0.439938 -0.077799
-0.975351 0.772432 0.021949
-0.731522 0.861097 0.110614
-0.177367 0.905429 -0.111048
-0.110868 0.639434 -0.177547
0.022130 0.772432 0.021949
-0.975351 1.104925 0.021949
-0.642857 1.104925 0.101748
-0.310364 1.104925 0.021949
-1.208096 1.204673 0.021949
-1.241346 1.370920 0.021949
-0.975351 1.357620 0.021949
-0.642857 1.370920 -0.044550
-0.399029 1.348754 -0.221879
-0.443361 1.304421 -0.111048
-0.509860 -1.089531 0.221445
-0.310364 -1.156030 0.287944
-0.642857 -0.890035 0.354443
-0.310364 -0.989783 0.454190
0.022130 -1.122781 0.254694
0.022130 -0.956534 0.420941
0.354623 -1.169330 0.354443
0.354623 -1.010942 0.354443
-1.174847 -0.757038 0.154946
-1.219179 -0.801370 0.265778
-0.975351 -0.790287 0.254694
-1.208096 -0.557542 0.254694
-0.975351 -0.557542 0.407641
-0.775855 -0.690539 0.487440
-0.311383 -0.557500 0.355085
0.021110 -0.557500 0.355085
0.353604 -0.557500 0.355085
0.554119 -0.757038 0.154946
0.620618 -0.557542 0.088448
0.633917 -0.890035 0.354443
0.687116 -0.557542 0.354443
-1.254645 -0.225048 0.354443
-1.108348 -0.358046 0.487440
-0.643877 -0.225007 0.355085
-0.311383 -0.225007 0.355085
0.021110 -0.225007 0.355085
0.354623 -0.225048 0.075148
0.487620 -0.092051 0.221445
0.554119 -0.358046 0.154946
0.633917 -0.225048 0.354443
-1.307844 0.107445 0.354443
-0.976370 0.107486 0.355085
-0.643877 0.107486 0.355085
-0.311383 0.107486 0.355085
0.021110 0.107486 0.355085
0.254875 0.107445 0.121697
0.421122 0.107445 0.287944
-1.307844 0.439938 0.354443
-0.976370 0.439980 0.355085
-0.643877 0.439980 0.355085
-0.311383 0.439980 0.355085
0.021110 0.439980 0.355085
0.288124 0.439938 0.088448
0.454371 0.439938 0.254694
-1.219179 0.683767 0.110614
-1.208096 0.672684 0.354443
-0.975351 0.825631 0.354443
-0.775855 0.905429 0.221445
-0.311383 0.772473 0.355085
0.155127 0.905429 0.221445
0.221626 0.639434 0.154946
0.354623 0.772432 0.354443
-0.642857 1.104925 0.354443
-0.310364 1.184724 0.354443
-0.110868 0.971928 0.154946
0.022130 1.051726 0.354443
-1.219179 1.193590 0.265778
-0.975351 1.104925 0.354443
-1.174847 1.304421 0.221445
-1.064016 1.348754 0.265778
0.554119 -1.089531 0.487440
0.487620 -1.089531 0.553939
0.598451 -1.133864 0.598271
0.354623 -0.890035 0.633737
0.587368 -0.890035 0.587188
1.108275 -1.133864 0.443107
1.219106 -1.089531 0.487440
1.119358 -0.890035 0.454190
1.285604 -0.890035 0.420941
1.152607 -1.089531 0.553939
1.263438 -1.133864 0.598271
1.072809 -0.890035 0.686936
1.352103 -0.890035 0.686936
1.773261 -1.133864 0.443107
1.884093 -1.089531 0.487440
1.784344 -0.890035 0.454190
2.017090 -0.890035 0.407641
1.817594 -1.089531 0.553939
1.928425 -1.133864 0.598271
1.684596 -0.890035 0.686936
2.017090 -0.890035 0.686936
-0.509860 -0.757038 0.553939
-0.310364 -0.823537 0.620437
-0.642857 -0.557542 0.686936
-0.310364 -0.557542 0.766734
0.022130 -0.790287 0.587188
0.022130 -0.557542 0.740135
0.354623 -0.657290 0.786684
0.633917 -0.557542 0.686936
1.108275 -0.646207 0.443107
1.219106 -0.690539 0.487440
1.099408 -0.557542 0.686936
1.352103 -0.557542 0.633737
1.751095 -0.557542 0.420941
2.017090 -0.557542 0.434241
1.584849 -0.557542 0.587188
2.070289 -0.557542 0.686936
2.216586 -0.757038 0.487440
2.260919 -0.646207 0.443107
2.260919 -0.801370 0.598271
2.216586 -0.690539 0.553939
-0.842353 -0.424544 0.553939
-0.975351 -0.225048 0.633737
-0.742605 -0.225048 0.786684
-0.221699 -0.313713 0.775601
-0.110868 -0.358046 0.819933
0.353604 -0.225007 0.687579
0.766915 -0.225048 0.686936
1.817594 -0.358046 0.487440
1.928425 -0.313713 0.443107
1.684597 -0.225048 0.633737
1.937292 -0.225048 0.686936
-1.174847 -0.092051 0.553939
-1.241346 0.107445 0.620437
-0.975351 0.107445 0.686936
-0.642857 0.107445 0.740135
-0.443361 0.240442 0.819933
0.021110 0.107486 0.687579
0.353604 0.107486 0.687579
0.587368 0.107445 0.454190
0.753615 0.107445 0.620437
-1.208096 0.439938 0.587188
-0.975351 0.439938 0.686936
-0.642857 0.439938 0.686936
-0.376863 0.439938 0.753435
0.021110 0.439980 0.687579
0.353604 0.439980 0.687579
0.620618 0.439938 0.420941
0.786864 0.439938 0.587188
-1.219179 0.683767 0.598271
-0.975351 0.772432 0.607137
-0.642857 0.772432 0.686936
-0.310364 0.772432 0.766734
0.022130 0.838930 0.753435
0.354623 0.852230 0.686936
0.554119 0.639434 0.487440
0.687116 0.719233 0.686936
-0.886686 1.016260 0.598271
-0.642857 1.104925 0.607137
-0.310364 1.104925 0.633737
0.022130 1.005177 0.587188
0.221626 0.971928 0.487440
0.265958 1.016260 0.598271
-0.509860 1.304421 0.487440
-0.399029 1.348754 0.443107
-0.554192 1.348754 0.598271
-0.443361 1.304421 0.553939
1.152607 -0.757038 0.886432
1.352103 -0.823537 0.952931
1.019610 -0.557542 1.019429
1.352103 -0.557542 1.019429
1.684597 -0.790287 0.919681
1.684597 -0.557542 1.019429
1.928425 -0.801370 0.930764
1.917342 -0.557542 0.919681
-0.509860 -0.424544 0.886432
-0.399029 -0.468877 0.930764
-0.576359 -0.225048 0.952931
-0.310364 -0.225048 0.939631
0.121878 -0.457794 1.019429
0.354623 -0.504343 1.019429
-0.031069 -0.225048 1.019429
0.487620 -0.358046 1.152427
0.687116 -0.436635 1.019429
0.687116 -0.278247 1.019429
1.019610 -0.225048 0.740135
1.352103 -0.225048 0.686936
1.019610 -0.345955 1.019429
1.352103 -0.225048 1.072628
1.684597 -0.225048 1.019429
1.950591 -0.225048 0.952931
-0.509860 -0.025552 0.886432
-0.310364 0.107445 0.966230
0.022130 0.107445 1.099228
0.265958 0.196110 1.108094
0.686097 0.107486 1.020072
1.019610 0.107445 0.686936
1.018590 0.107486 1.020072
1.352103 0.107445 0.740135
1.431902 0.107445 1.019429
1.684597 0.007697 0.786684
1.684597 0.040946 0.952931
1.928425 0.018780 0.775601
1.884093 -0.025552 0.886432
-0.210616 0.439938 0.919681
0.022130 0.439938 1.019429
0.254875 0.439938 1.119177
0.686097 0.439980 1.020072
1.019610 0.439938 0.740135
1.119358 0.539686 1.019429
1.219106 0.306941 0.819933
1.285604 0.373440 1.019429
-0.221699 0.683767 0.930764
0.022130 0.672684 0.919681
0.354623 0.719233 1.019429
0.687116 0.772432 1.019429
0.886612 0.639434 0.819933
0.953111 0.705933 1.019429
0.110794 -0.468877 1.263258
0.221626 -0.424544 1.218925
0.121878 -0.225048 1.252175
0.354623 -0.225048 1.298724
0.775781 -0.468877 1.263258
0.886612 -0.424544 1.218925
0.687116 -0.225048 1.272124
1.019610 -0.225048 1.298724
0.110794 0.018780 1.263258
0.354623 0.107445 1.272124
0.687116 0.107445 1.351923
1.019610 0.107445 1.351923
1.219106 -0.092051 1.218925
1.285604 0.107445 1.285424
0.421122 0.439938 1.285424
0.687116 0.439938 1.351923
1.019610 0.439938 1.298724
1.219106 0.306941 1.218925
0.487620 0.639434 1.218925
0.687116 0.705933 1.285424
0.886612 0.639434 1.218925

TETRAHEDRA
0 1 3 5
0 3 2 6
0 4 5 6
3 5 7 6
0 5 3 6
2 3 8 6
3 9 8 11
3 8 6 11
3 6 7 11
8 6 11 10
8 9 13 11
8 13 12 14
8 10 11 14
13 11 15 14
8 11 13 14
16 17 5 19
17 18 5 22
17 5 19 22
17 19 20 22
5 19 22 21
5 18 23 22
5 23 7 24
5 21 22 24
23 22 25 24
5 22 23 24
6 7 11 24
6 11 10 27
6 26 24 27
11 24 28 27
6 24 11 27
7 23 11 24
23 29 11 30
23 11 24 30
23 24 25 30
11 24 30 28
10 11 14 27
11 15 14 32
11 14 27 32
11 27 28 32
14 27 32 31
11 29 33 30
11 33 15 32
11 28 30 32
33 30 34 32
11 30 33 32
14 15 36 32
14 36 35 37
14 31 32 37
36 32 38 37
14 32 36 37
39 40 19 41
40 20 19 44
40 19 41 44
40 41 42 44
19 41 44 43
40 45 46 47
40 46 20 44
40 42 47 44
46 47 48 44
40 47 46 44
49 19 50 51
19 21 50 53
19 50 51 53
19 51 43 53
50 51 53 52
19 20 22 44
19 22 21 53
19 43 44 53
22 44 54 53
19 44 22 53
50 21 24 53
50 24 26 55
50 52 53 55
24 53 56 55
50 53 24 55
21 22 24 53
22 25 24 57
22 24 53 57
22 53 54 57
24 53 57 56
26 24 27 55
24 28 27 59
24 27 55 59
24 55 56 59
27 55 59 58
24 25 30 57
24 30 28 59
24 56 57 59
30 57 60 59
24 57 30 59
61 27 62 63
27 31 62 65
27 62 63 65
27 63 58 65
62 63 65 64
27 28 32 59
27 32 31 65
27 58 59 65
32 59 66 65
27 59 32 65
28 30 32 59
30 34 32 67
30 32 59 67
30 59 60 67
32 59 67 66
31 32 37 65
32 38 37 69
32 37 65 69
32 65 66 69
37 65 69 68
70 71 47 73
71 72 47 76
71 47 73 76
71 73 74 76
47 73 76 75
71 77 78 79
71 78 72 76
71 74 79 76
78 79 80 76
71 79 78 76
41 42 44 82
41 44 43 83
41 81 82 83
44 82 84 83
41 82 44 83
42 47 44 82
47 48 44 85
47 44 82 85
47 82 75 85
44 82 85 84
52 53 55 86
53 56 55 89
53 55 86 89
53 86 87 89
55 86 89 88
54 90 57 92
90 91 57 95
90 57 92 95
90 92 93 95
57 92 95 94
55 56 59 89
55 59 58 96
55 88 89 96
59 89 97 96
55 89 59 96
56 57 59 89
57 60 59 98
57 59 89 98
57 89 94 98
59 89 98 97
57 91 99 95
57 99 60 98
57 94 95 98
99 95 100 98
57 95 99 98
91 101 99 95
101 102 99 104
101 99 95 104
101 95 103 104
99 95 104 100
63 58 65 96
63 65 64 106
63 105 96 106
65 96 107 106
63 96 65 106
58 59 65 96
59 66 65 108
59 65 96 108
59 96 97 108
65 96 108 107
59 60 67 98
59 67 66 108
59 97 98 108
67 98 109 108
59 98 67 108
65 66 69 108
65 69 68 110
65 107 108 110
69 108 111 110
65 108 69 110
66 67 69 108
67 112 69 113
67 69 108 113
67 108 109 113
69 108 113 111
68 69 114 110
69 115 114 117
69 114 110 117
69 110 111 117
114 110 117 116
69 112 118 113
69 118 115 117
69 111 113 117
118 113 119 117
69 113 118 117
73 74 76 121
73 76 75 122
73 120 121 122
76 121 123 122
73 121 76 122
81 82 83 124
82 84 83 127
82 83 124 127
82 124 125 127
83 124 127 126
82 75 85 122
82 85 84 127
82 125 122 127
85 122 128 127
82 122 85 127
83 84 92 127
83 92 87 129
83 126 127 129
92 127 130 129
83 127 92 129
84 85 92 127
85 93 92 131
85 92 127 131
85 127 128 131
92 127 131 130
132 88 96 134
132 96 105 135
132 133 134 135
96 134 136 135
132 134 96 135
88 89 96 134
89 97 96 138
89 96 134 138
89 134 137 138
96 134 138 136
89 94 98 139
89 98 97 138
89 137 139 138
98 139 140 138
89 139 98 138
94 95 98 139
95 100 98 142
95 98 139 142
95 139 141 142
98 139 142 140
95 103 104 143
95 104 100 142
95 141 143 142
104 143 144 142
95 143 104 142
96 97 108 138
96 108 107 145
96 136 138 145
108 138 146 145
96 138 108 145
97 98 108 138
98 109 108 147
98 108 138 147
98 138 140 147
108 138 147 146
98 100 148 142
98 148 109 147
98 140 142 147
148 142 149 147
98 142 148 147
108 109 113 147
108 113 111 150
108 146 147 150
113 147 151 150
108 147 113 150
109 148 113 147
148 152 113 153
148 113 147 153
148 147 149 153
113 147 153 151
110 111 117 150
110 117 116 155
110 154 150 155
117 150 156 155
110 150 117 155
111 113 117 150
113 119 117 157
113 117 150 157
113 150 151 157
117 150 157 156
158 159 124 160
159 125 124 163
159 124 160 163
159 160 161 163
124 160 163 162
159 120 122 164
159 122 125 163
159 161 164 163
122 164 165 163
159 164 122 163
120 121 122 164
121 123 122 167
121 122 164 167
121 164 166 167
122 164 167 165
121 168 169 170
121 169 123 167
121 166 170 167
169 170 171 167
121 170 169 167
124 125 127 163
124 127 126 172
124 162 163 172
127 163 173 172
124 163 127 172
125 122 127 163
122 128 127 174
122 127 163 174
122 163 165 174
127 163 174 173
122 123 175 167
122 175 128 174
122 165 167 174
175 167 176 174
122 167 175 174
123 169 175 167
169 177 175 178
169 175 167 178
169 167 171 178
175 167 178 176
179 126 129 172
179 129 180 182
179 181 172 182
129 172 183 182
179 172 129 182
126 127 129 172
127 130 129 184
127 129 172 184
127 172 173 184
129 172 184 183
127 128 131 174
127 131 130 184
127 173 174 184
131 174 185 184
127 174 131 184
128 175 131 174
175 186 131 187
175 131 174 187
175 174 176 187
131 174 187 185
180 129 134 182
129 137 134 189
129 134 182 189
129 182 183 189
134 182 189 188
134 137 138 189
134 138 136 190
134 188 189 190
138 189 191 190
134 189 138 190
139 141 142 193
139 142 140 194
139 192 193 194
142 193 195 194
139 193 142 194
141 143 142 193
143 144 142 197
143 142 193 197
143 193 196 197
142 193 197 195
138 140 147 194
138 147 146 198
138 191 194 198
147 194 199 198
138 194 147 198
140 142 147 194
142 149 147 200
142 147 194 200
142 194 195 200
147 194 200 199
142 144 201 197
142 201 149 200
142 195 197 200
201 197 202 200
142 197 201 200
146 147 150 198
147 151 150 204
147 150 198 204
147 198 199 204
150 198 204 203
147 149 153 200
147 153 151 204
147 199 200 204
153 200 205 204
147 200 153 204
154 150 155 206
150 156 155 208
150 155 206 208
150 206 203 208
155 206 208 207
150 151 157 204
150 157 156 208
150 203 204 208
157 204 209 208
150 204 157 208
151 153 157 204
153 210 157 211
153 157 204 211
153 204 205 211
157 204 211 209
161 164 163 212
164 165 163 215
164 163 212 215
164 212 213 215
163 212 215 214
164 166 167 216
164 167 165 215
164 213 216 215
167 216 217 215
164 216 167 215
166 170 167 216
170 171 167 219
170 167 216 219
170 216 218 219
167 216 219 217
220 162 172 222
220 172 181 223
220 221 222 223
172 222 224 223
220 222 172 223
162 163 172 222
163 173 172 225
163 172 222 225
163 222 214 225
172 222 225 224
163 165 174 215
163 174 173 225
163 214 215 225
174 215 226 225
163 215 174 225
165 167 174 215
167 176 174 227
167 174 215 227
167 215 217 227
174 215 227 226
167 171 178 219
167 178 176 227
167 217 219 227
178 219 228 227
167 219 178 227
171 229 178 219
229 230 178 232
229 178 219 232
229 219 231 232
178 219 232 228
181 172 182 223
172 183 182 234
172 182 223 234
172 223 224 234
182 223 234 233
172 173 184 225
172 184 183 234
172 224 225 234
184 225 235 234
172 225 184 234
173 174 184 225
174 185 184 236
174 184 225 236
174 225 226 236
184 225 236 235
174 176 187 227
174 187 185 236
174 226 227 236
187 227 237 236
174 227 187 236
176 178 187 227
178 238 187 239
178 187 227 239
178 227 228 239
187 227 239 237
178 230 240 232
178 240 238 239
178 228 232 239
240 232 241 239
178 232 240 239
182 183 189 234
182 189 188 242
182 233 234 242
189 234 243 242
182 234 189 242
183 184 189 234
184 192 189 244
184 189 234 244
184 234 235 244
189 234 244 243
184 185 193 236
184 193 192 244
184 235 236 244
193 236 245 244
184 236 193 244
185 187 193 236
187 196 193 246
187 193 236 246
187 236 237 246
193 236 246 245
187 238 247 239
187 247 196 246
187 237 239 246
247 239 248 246
187 239 247 246
188 189 190 242
189 191 190 250
189 190 242 250
189 242 243 250
190 242 250 249
189 192 194 244
189 194 191 250
189 243 244 250
194 244 251 250
189 244 194 250
192 193 194 244
193 195 194 252
193 194 244 252
193 244 245 252
194 244 252 251
193 196 197 246
193 197 195 252
193 245 246 252
197 246 253 252
193 246 197 252
196 247 197 246
247 254 197 255
247 197 246 255
247 246 248 255
197 246 255 253
190 191 198 250
190 198 256 257
190 249 250 257
198 250 258 257
190 250 198 257
191 194 198 250
194 199 198 259
194 198 250 259
194 250 251 259
198 250 259 258
194 195 200 252
194 200 199 259
194 251 252 259
200 252 260 259
194 252 200 259
195 197 200 252
197 202 200 261
197 200 252 261
197 252 253 261
200 252 261 260
197 254 262 255
197 262 202 261
197 253 255 261
262 255 263 261
197 255 262 261
199 200 204 259
200 205 204 265
200 204 259 265
200 259 260 265
204 259 265 264
200 202 266 261
200 266 205 265
200 260 261 265
266 261 267 265
200 261 266 265
206 203 208 269
206 208 207 270
206 268 269 270
208 269 271 270
206 269 208 270
218 272 219 273
272 231 219 276
272 219 273 276
272 273 274 276
219 273 276 275
277 278 279 281
278 280 279 284
278 279 281 284
278 281 282 284
279 281 284 283
285 286 287 289
286 288 287 292
286 287 289 292
286 289 290 292
287 289 292 291
214 215 225 293
215 226 225 296
215 225 293 296
215 293 294 296
225 293 296 295
215 217 227 297
215 227 226 296
215 294 297 296
227 297 298 296
215 297 227 296
217 219 227 297
219 228 227 299
219 227 297 299
219 297 275 299
227 297 299 298
219 231 232 276
219 232 228 299
219 275 276 299
232 276 300 299
219 276 232 299
279 280 302 284
279 302 301 303
279 283 284 303
302 284 304 303
279 284 302 303
287 288 306 292
287 306 305 307
287 291 292 307
306 292 308 307
287 292 306 307
288 309 306 292
309 310 306 312
309 306 292 312
309 292 311 312
306 292 312 308
224 225 234 313
225 235 234 315
225 234 313 315
225 313 295 315
234 313 315 314
225 226 236 296
225 236 235 315
225 295 296 315
236 296 316 315
225 296 236 315
226 227 236 296
227 237 236 317
227 236 296 317
227 296 298 317
236 296 317 316
227 228 239 299
227 239 237 317
227 298 299 317
239 299 318 317
227 299 239 317
228 232 239 299
232 241 239 319
232 239 299 319
232 299 300 319
239 299 319 318
305 306 320 307
306 321 320 323
306 320 307 323
306 307 308 323
320 307 323 322
233 234 242 324
234 243 242 326
234 242 324 326
234 324 314 326
242 324 326 325
234 235 244 315
234 244 243 326
234 314 315 326
244 315 327 326
234 315 244 326
235 236 244 315
236 245 244 328
236 244 315 328
236 315 316 328
244 315 328 327
236 237 246 317
236 246 245 328
236 316 317 328
246 317 329 328
236 317 246 328
237 239 246 317
239 248 246 330
239 246 317 330
239 317 318 330
246 317 330 329
239 241 331 319
239 331 248 330
239 318 319 330
331 319 332 330
239 319 331 330
242 243 250 326
242 250 249 333
242 325 326 333
250 326 334 333
242 326 250 333
243 244 250 326
244 251 250 335
244 250 326 335
244 326 327 335
250 326 335 334
244 245 252 328
244 252 251 335
244 327 328 335
252 328 336 335
244 328 252 335
245 246 252 328
246 253 252 337
246 252 328 337
246 328 329 337
252 328 337 336
246 248 255 330
246 255 253 337
246 329 330 337
255 330 338 337
246 330 255 337
248 331 255 330
331 339 255 340
331 255 330 340
331 330 332 340
255 330 340 338
249 250 257 333
250 258 257 342
250 257 333 342
250 333 334 342
257 333 342 341
250 251 259 335
250 259 258 342
250 334 335 342
259 335 343 342
250 335 259 342
251 252 259 335
252 260 259 344
252 259 335 344
252 335 336 344
259 335 344 343
252 253 261 337
252 261 260 344
252 336 337 344
261 337 345 344
252 337 261 344
253 255 261 337
255 263 261 346
255 261 337 346
255 337 338 346
261 337 346 345
255 339 347 340
255 347 263 346
255 338 340 346
347 340 348 346
255 340 347 346
258 259 269 342
259 264 269 350
259 269 342 350
259 342 343 350
269 342 350 349
259 260 265 344
259 265 264 350
259 343 344 350
265 344 351 350
259 344 265 350
260 261 265 344
261 267 265 352
261 265 344 352
261 344 345 352
265 344 352 351
261 263 353 346
261 353 267 352
261 345 346 352
353 346 354 352
261 346 353 352
264 265 355 350
265 356 355 358
265 355 350 358
265 350 351 358
355 350 358 357
283 284 303 359
284 304 303 362
284 303 359 362
284 359 360 362
303 359 362 361
284 291 307 363
284 307 304 362
284 360 363 362
307 363 364 362
284 363 307 362
291 292 307 363
292 308 307 366
292 307 363 366
292 363 365 366
307 363 366 364
295 296 315 367
296 316 315 370
296 315 367 370
296 367 368 370
315 367 370 369
298 299 317 371
299 318 317 374
299 317 371 374
299 371 372 374
317 371 374 373
299 300 319 375
299 319 318 374
299 372 375 374
319 375 376 374
299 375 319 374
303 304 378 362
303 378 377 379
303 361 362 379
378 362 380 379
303 362 378 379
304 307 378 362
307 322 378 381
307 378 362 381
307 362 364 381
378 362 381 380
307 308 323 366
307 323 322 381
307 364 366 381
323 366 382 381
307 366 323 381
315 316 328 370
315 328 327 383
315 369 370 383
328 370 384 383
315 370 328 383
316 317 328 370
317 329 328 385
317 328 370 385
317 370 373 385
328 370 385 384
317 318 330 374
317 330 329 385
317 373 374 385
330 374 386 385
317 374 330 385
318 319 330 374
319 332 330 387
319 330 374 387
319 374 376 387
330 374 387 386
319 377 388 379
319 388 332 387
319 376 379 387
388 379 389 387
319 379 388 387
377 378 388 379
378 390 388 391
378 388 379 391
378 379 380 391
388 379 391 389
378 322 392 381
378 392 390 391
378 380 381 391
392 381 393 391
378 381 392 391
322 323 392 381
323 394 392 395
323 392 381 395
323 381 382 395
392 381 395 393
328 329 337 385
328 337 336 396
328 384 385 396
337 385 397 396
328 385 337 396
329 330 337 385
330 338 337 398
330 337 385 398
330 385 386 398
337 385 398 397
330 332 340 387
330 340 338 398
330 386 387 398
340 387 399 398
330 387 340 398
332 388 340 387
388 400 340 401
388 340 387 401
388 387 389 401
340 387 401 399
388 390 402 391
388 402 400 401
388 389 391 401
402 391 403 401
388 391 402 401
336 337 344 396
337 345 344 405
337 344 396 405
337 396 397 405
344 396 405 404
337 338 346 398
337 346 345 405
337 397 398 405
346 398 406 405
337 398 346 405
338 340 346 398
340 348 346 407
340 346 398 407
340 398 399 407
346 398 407 406
340 400 408 401
340 408 348 407
340 399 401 407
408 401 409 407
340 401 408 407
371 372 374 411
371 374 373 412
371 410 411 412
374 411 413 412
371 411 374 412
375 361 379 415
375 379 376 416
375 414 415 416
379 415 417 416
375 415 379 416
373 374 385 412
374 386 385 419
374 385 412 419
374 412 413 419
385 412 419 418
374 376 387 416
374 387 386 419
374 413 416 419
387 416 420 419
374 416 387 419
376 379 387 416
379 389 387 421
379 387 416 421
379 416 417 421
387 416 421 420
379 380 391 422
379 391 389 421
379 417 422 421
391 422 423 421
379 422 391 421
386 387 398 419
387 399 398 425
387 398 419 425
387 419 420 425
398 419 425 424
387 389 401 421
387 401 399 425
387 420 421 425
401 421 426 425
387 421 401 425
389 391 401 421
391 403 401 427
391 401 421 427
391 421 423 427
401 421 427 426
398 399 407 425
398 407 406 428
398 424 425 428
407 425 429 428
398 425 407 428
399 401 407 425
401 409 407 430
401 407 425 430
401 425 426 430
407 425 430 429

EDGES
0 1
0 2
0 3
0 4
0 5
0 6
1 3
1 5
2 3
2 6
2 8
3 5
3 6
3 7
3 8
3 9
3 11
4 5
4 6
5 6
5 7
5 16
5 17
5 18
5 19
5 21
5 22
5 23
5 24
6 7
6 8
6 10
6 11
6 24
6 26
6 27
7 11
7 23
7 24
8 9
8 10
8 11
8 12
8 13
8 14
9 11
9 13
10 11
10 14
10 27
11 13
11 14
11 15
11 23
11 24
11 27
11 28
11 29
11 30
11 32
11 33
12 13
12 14
13 14
13 15
14 15
14 27
14 31
14 32
14 35
14 36
14 37
15 32
15 33
15 36
16 17
16 19
17 18
17 19
17 20
17 22
18 22
18 23
19 20
19 21
19 22
19 39
19 40
19 41
19 43
19 44
19 49
19 50
19 51
19 53
20 22
20 40
20 44
20 46
21 22
21 24
21 50
21 53
22 23
22 24
22 25
22 44
22 53
22 54
22 57
23 24
23 25
23 29
23 30
24 25
24 26
24 27
24 28
24 30
24 50
24 53
24 55
24 56
24 57
24 59
25 30
25 57
26 27
26 50
26 55
27 28
27 31
27 32
27 55
27 58
27 59
27 61
27 62
27 63
27 65
28 30
28 32
28 59
29 30
29 33
30 32
30 33
30 34
30 57
30 59
30 60
30 67
31 32
31 37
31 62
31 65
32 33
32 34
32 36
32 37
32 38
32 59
32 65
32 66
32 67
32 69
33 34
34 67
35 36
35 37
36 37
36 38
37 38
37 65
37 68
37 69
38 69
39 40
39 41
40 41
40 42
40 44
40 45
40 46
40 47
41 42
41 43
41 44
41 81
41 82
41 83
42 44
42 47
42 82
43 44
43 51
43 53
43 83
44 46
44 47
44 48
44 53
44 54
44 82
44 83
44 84
44 85
45 46
45 47
46 47
46 48
47 48
47 70
47 71
47 72
47 73
47 75
47 76
47 82
47 85
48 85
49 50
49 51
50 51
50 52
50 53
50 55
51 52
51 53
52 53
52 55
52 86
53 54
53 55
53 56
53 57
53 86
53 87
53 89
54 57
54 90
54 92
55 56
55 58
55 59
55 86
55 88
55 89
55 96
56 57
56 59
56 89
57 59
57 60
57 89
57 90
57 91
57 92
57 94
57 95
57 98
57 99
58 59
58 63
58 65
58 96
59 60
59 65
59 66
59 67
59 89
59 96
59 97
59 98
59 108
60 67
60 98
60 99
61 62
61 63
62 63
62 64
62 65
63 64
63 65
63 96
63 105
63 106
64 65
64 106
65 66
65 68
65 69
65 96
65 106
65 107
65 108
65 110
66 67
66 69
66 108
67 69
67 98
67 108
67 109
67 112
67 113
68 69
68 110
68 114
69 108
69 110
69 111
69 112
69 113
69 114
69 115
69 117
69 118
70 71
70 73
71 72
71 73
71 74
71 76
71 77
71 78
71 79
72 76
72 78
73 74
73 75
73 76
73 120
73 121
73 122
74 76
74 79
74 121
75 76
75 82
75 85
75 122
76 78
76 79
76 80
76 121
76 122
76 123
77 78
77 79
78 79
78 80
79 80
81 82
81 83
81 124
82 83
82 84
82 85
82 122
82 124
82 125
82 127
83 84
83 87
83 92
83 124
83 126
83 127
83 129
84 85
84 92
84 127
85 92
85 93
85 122
85 127
85 128
85 131
86 87
86 88
86 89
87 89
87 92
87 129
88 89
88 96
88 132
88 134
89 94
89 96
89 97
89 98
89 134
89 137
89 138
89 139
90 91
90 92
90 93
90 95
91 95
91 99
91 101
92 93
92 94
92 95
92 127
92 129
92 130
92 131
93 95
93 131
94 95
94 98
94 139
95 98
95 99
95 100
95 101
95 103
95 104
95 139
95 141
95 142
95 143
96 97
96 105
96 106
96 107
96 108
96 132
96 134
96 135
96 136
96 138
96 145
97 98
97 108
97 138
98 99
98 100
98 108
98 109
98 138
98 139
98 140
98 142
98 147
98 148
99 100
99 101
99 102
99 104
100 104
100 142
100 148
101 102
101 103
101 104
102 104
103 104
103 143
104 142
104 143
104 144
105 106
105 132
105 135
106 107
107 108
107 110
107 145
108 109
108 110
108 111
108 113
108 138
108 145
108 146
108 147
108 150
109 113
109 147
109 148
110 111
110 114
110 116
110 117
110 150
110 154
110 155
111 113
111 117
111 150
112 113
112 118
113 117
113 118
113 119
113 147
113 148
113 150
113 151
113 152
113 153
113 157
114 115
114 116
114 117
115 117
115 118
116 117
116 155
117 118
117 119
117 150
117 155
117 156
117 157
118 119
119 157
120 121
120 122
120 159
120 164
121 122
121 123
121 164
121 166
121 167
121 168
121 169
121 170
122 123
122 125
122 127
122 128
122 159
122 163
122 164
122 165
122 167
122 174
122 175
123 167
123 169
123 175
124 125
124 126
124 127
124 158
124 159
124 160
124 162
124 163
124 172
125 127
125 159
125 163
126 127
126 129
126 172
126 179
127 128
127 129
127 130
127 131
127 163
127 172
127 173
127 174
127 184
128 131
128 174
128 175
129 130
129 134
129 137
129 172
129 179
129 180
129 182
129 183
129 184
129 189
130 131
130 184
131 174
131 175
131 184
131 185
131 186
131 187
132 133
132 134
132 135
133 134
133 135
134 135
134 136
134 137
134 138
134 180
134 182
134 188
134 189
134 190
135 136
136 138
136 145
136 190
137 138
137 139
137 189
138 139
138 140
138 145
138 146
138 147
138 189
138 190
138 191
138 194
138 198
139 140
139 141
139 142
139 192
139 193
139 194
140 142
140 147
140 194
141 142
141 143
141 193
142 143
142 144
142 147
142 148
142 149
142 193
142 194
142 195
142 197
142 200
142 201
143 144
143 193
143 196
143 197
144 197
144 201
145 146
146 147
146 150
146 198
147 148
147 149
147 150
147 151
147 153
147 194
147 198
147 199
147 200
147 204
148 149
148 152
148 153
149 153
149 200
149 201
150 151
150 154
150 155
150 156
150 157
150 198
150 203
150 204
150 206
150 208
151 153
151 157
151 204
152 153
153 157
153 200
153 204
153 205
153 210
153 211
154 155
154 206
155 156
155 206
155 207
155 208
156 157
156 208
157 204
157 208
157 209
157 210
157 211
158 159
158 160
159 160
159 161
159 163
159 164
160 161
160 162
160 163
161 163
161 164
161 212
162 163
162 172
162 220
162 222
163 164
163 165
163 172
163 173
163 174
163 212
163 214
163 215
163 222
163 225
164 165
164 166
164 167
164 212
164 213
164 215
164 216
165 167
165 174
165 215
166 167
166 170
166 216
167 169
167 170
167 171
167 174
167 175
167 176
167 178
167 215
167 216
167 217
167 219
167 227
168 169
168 170
169 170
169 171
169 175
169 177
169 178
170 171
170 216
170 218
170 219
171 178
171 219
171 229
172 173
172 179
172 181
172 182
172 183
172 184
172 220
172 222
172 223
172 224
172 225
172 234
173 174
173 184
173 225
174 175
174 176
174 184
174 185
174 187
174 215
174 225
174 226
174 227
174 236
175 176
175 177
175 178
175 186
175 187
176 178
176 187
176 227
177 178
178 187
178 219
178 227
178 228
178 229
178 230
178 232
178 238
178 239
178 240
179 180
179 181
179 182
180 182
181 182
181 220
181 223
182 183
182 188
182 189
182 223
182 233
182 234
182 242
183 184
183 189
183 234
184 185
184 189
184 192
184 193
184 225
184 234
184 235
184 236
184 244
185 187
185 193
185 236
186 187
187 193
187 196
187 227
187 236
187 237
187 238
187 239
187 246
187 247
188 189
188 190
188 242
189 190
189 191
189 192
189 194
189 234
189 242
189 243
189 244
189 250
190 191
190 198
190 242
190 249
190 250
190 256
190 257
191 194
191 198
191 250
192 193
192 194
192 244
193 194
193 195
193 196
193 197
193 236
193 244
193 245
193 246
193 252
194 195
194 198
194 199
194 200
194 244
194 250
194 251
194 252
194 259
195 197
195 200
195 252
196 197
196 246
196 247
197 200
197 201
197 202
197 246
197 247
197 252
197 253
197 254
197 255
197 261
197 262
198 199
198 203
198 204
198 250
198 256
198 257
198 258
198 259
199 200
199 204
199 259
200 201
200 202
200 204
200 205
200 252
200 259
200 260
200 261
200 265
200 266
201 202
202 261
202 262
202 266
203 204
203 206
203 208
203 269
204 205
204 208
204 209
204 211
204 259
204 264
204 265
205 211
205 265
205 266
206 207
206 208
206 268
206 269
206 270
207 208
207 270
208 209
208 269
208 270
208 271
209 211
210 211
212 213
212 214
212 215
213 215
213 216
214 215
214 222
214 225
214 293
215 216
215 217
215 225
215 226
215 227
215 293
215 294
215 296
215 297
216 217
216 218
216 219
217 219
217 227
217 297
218 219
218 272
218 273
219 227
219 228
219 229
219 231
219 232
219 272
219 273
219 275
219 276
219 297
219 299
220 221
220 222
220 223
221 222
221 223
222 223
222 224
222 225
223 224
223 233
223 234
224 225
224 234
224 313
225 226
225 234
225 235
225 236
225 293
225 295
225 296
225 313
225 315
226 227
226 236
226 296
227 228
227 236
227 237
227 239
227 296
227 297
227 298
227 299
227 317
228 232
228 239
228 299
229 230
229 231
229 232
230 232
230 240
231 232
231 272
231 276
232 239
232 240
232 241
232 276
232 299
232 300
232 319
233 234
233 242
233 324
234 235
234 242
234 243
234 244
234 313
234 314
234 315
234 324
234 326
235 236
235 244
235 315
236 237
236 244
236 245
236 246
236 296
236 315
236 316
236 317
236 328
237 239
237 246
237 317
238 239
238 240
238 247
239 240
239 241
239 246
239 247
239 248
239 299
239 317
239 318
239 319
239 330
239 331
240 241
241 319
241 331
242 243
242 249
242 250
242 324
242 325
242 326
242 333
243 244
243 250
243 326
244 245
244 250
244 251
244 252
244 315
244 326
244 327
244 328
244 335
245 246
245 252
245 328
246 247
246 248
246 252
246 253
246 255
246 317
246 328
246 329
246 330
246 337
247 248
247 254
247 255
248 255
248 330
248 331
249 250
249 257
249 333
250 251
250 257
250 258
250 259
250 326
250 333
250 334
250 335
250 342
251 252
251 259
251 335
252 253
252 259
252 260
252 261
252 328
252 335
252 336
252 337
252 344
253 255
253 261
253 337
254 255
254 262
255 261
255 262
255 263
255 330
255 331
255 337
255 338
255 339
255 340
255 346
255 347
256 257
257 258
257 333
257 341
257 342
258 259
258 269
258 342
259 260
259 264
259 265
259 269
259 335
259 342
259 343
259 344
259 350
260 261
260 265
260 344
261 262
261 263
261 265
261 266
261 267
261 337
261 344
261 345
261 346
261 352
261 353
262 263
263 346
263 347
263 353
264 265
264 269
264 350
264 355
265 266
265 267
265 344
265 350
265 351
265 352
265 355
265 356
265 358
266 267
267 352
267 353
268 269
268 270
269 270
269 271
269 342
269 349
269 350
270 271
272 273
272 274
272 276
273 274
273 275
273 276
274 276
275 276
275 297
275 299
276 299
276 300
277 278
277 279
277 281
278 279
278 280
278 281
278 282
278 284
279 280
279 281
279 283
279 284
279 301
279 302
279 303
280 284
280 302
281 282
281 283
281 284
282 284
283 284
283 303
283 359
284 291
284 302
284 303
284 304
284 307
284 359
284 360
284 362
284 363
285 286
285 287
285 289
286 287
286 288
286 289
286 290
286 292
287 288
287 289
287 291
287 292
287 305
287 306
287 307
288 292
288 306
288 309
289 290
289 291
289 292
290 292
291 292
291 307
291 363
292 306
292 307
292 308
292 309
292 311
292 312
292 363
292 365
292 366
293 294
293 295
293 296
294 296
294 297
295 296
295 313
295 315
295 367
296 297
296 298
296 315
296 316
296 317
296 367
296 368
296 370
297 298
297 299
298 299
298 317
298 371
299 300
299 317
299 318
299 319
299 371
299 372
299 374
299 375
300 319
300 375
301 302
301 303
302 303
302 304
303 304
303 359
303 361
303 362
303 377
303 378
303 379
304 307
304 362
304 378
305 306
305 307
305 320
306 307
306 308
306 309
306 310
306 312
306 320
306 321
306 323
307 308
307 320
307 322
307 323
307 362
307 363
307 364
307 366
307 378
307 381
308 312
308 323
308 366
309 310
309 311
309 312
310 312
311 312
313 314
313 315
314 315
314 324
314 326
315 316
315 326
315 327
315 328
315 367
315 369
315 370
315 383
316 317
316 328
316 370
317 318
317 328
317 329
317 330
317 370
317 371
317 373
317 374
317 385
318 319
318 330
318 374
319 330
319 331
319 332
319 374
319 375
319 376
319 377
319 379
319 387
319 388
320 321
320 322
320 323
321 323
322 323
322 378
322 381
322 392
323 366
323 381
323 382
323 392
323 394
323 395
324 325
324 326
325 326
325 333
326 327
326 333
326 334
326 335
327 328
327 335
327 383
328 329
328 335
328 336
328 337
328 370
328 383
328 384
328 385
328 396
329 330
329 337
329 385
330 331
330 332
330 337
330 338
330 340
330 374
330 385
330 386
330 387
330 398
331 332
331 339
331 340
332 340
332 387
332 388
333 334
333 341
333 342
334 335
334 342
335 336
335 342
335 343
335 344
336 337
336 344
336 396
337 338
337 344
337 345
337 346
337 385
337 396
337 397
337 398
337 405
338 340
338 346
338 398
339 340
339 347
340 346
340 347
340 348
340 387
340 388
340 398
340 399
340 400
340 401
340 407
340 408
341 342
342 343
342 349
342 350
343 344
343 350
344 345
344 350
344 351
344 352
344 396
344 404
344 405
345 346
345 352
345 405
346 347
346 348
346 352
346 353
346 354
346 398
346 405
346 406
346 407
347 348
348 407
348 408
349 350
350 351
350 355
350 357
350 358
351 352
351 358
352 353
352 354
353 354
355 356
355 357
355 358
356 358
357 358
359 360
359 361
359 362
360 362
360 363
361 362
361 375
361 379
361 415
362 363
362 364
362 378
362 379
362 380
362 381
363 364
363 365
363 366
364 366
364 381
365 366
366 381
366 382
367 368
367 369
367 370
368 370
369 370
369 383
370 373
370 383
370 384
370 385
371 372
371 373
371 374
371 410
371 411
371 412
372 374
372 375
372 411
373 374
373 385
373 412
374 375
374 376
374 385
374 386
374 387
374 411
374 412
374 413
374 416
374 419
375 376
375 379
375 414
375 415
375 416
376 379
376 387
376 416
377 378
377 379
377 388
378 379
378 380
378 381
378 388
378 390
378 391
378 392
379 380
379 387
379 388
379 389
379 391
379 415
379 416
379 417
379 421
379 422
380 381
380 391
380 422
381 382
381 391
381 392
381 393
381 395
382 395
383 384
384 385
384 396
385 386
385 396
385 397
385 398
385 412
385 418
385 419
386 387
386 398
386 419
387 388
387 389
387 398
387 399
387 401
387 416
387 419
387 420
387 421
387 425
388 389
388 390
388 391
388 400
388 401
388 402
389 391
389 401
389 421
390 391
390 392
390 402
391 392
391 393
391 401
391 402
391 403
391 421
391 422
391 423
391 427
392 393
392 394
392 395
393 395
394 395
396 397
396 404
396 405
397 398
397 405
398 399
398 405
398 406
398 407
398 419
398 424
398 425
398 428
399 401
399 407
399 425
400 401
400 402
400 408
401 402
401 403
401 407
401 408
401 409
401 421
401 425
401 426
401 427
401 430
402 403
403 427
404 405
405 406
406 407
406 428
407 408
407 409
407 425
407 428
407 429
407 430
408 409
409 430
410 411
410 412
411 412
411 413
412 413
412 418
412 419
413 416
413 419
414 415
414 416
415 416
415 417
416 417
416 419
416 420
416 421
417 421
417 422
418 419
419 420
419 424
419 425
420 421
420 425
421 422
421 423
421 425
421 426
421 427
422 423
423 427
424 425
424 428
425 426
425 428
425 429
425 430
426 427
426 430
428 429
429 430

SURFACE_TRIANGLES
425 430 429
407 429 430
401 430 426
425 429 428
391 403 427
419 425 424
398 419 424
386 419 398
421 422 423
391 423 422
417 422 421
379 422 417
379 380 422
416 421 420
416 417 421
413 416 419
385 419 386
385 418 419
415 417 416
398 428 406
414 415 416
361 379 415
361 375 379
371 411 410
372 374 411
407 409 408
401 408 409
340 348 408
346 406 407
344 404 405
396 397 405
336 396 344
401 403 402
400 401 402
340 400 388
385 398 397
385 397 396
384 385 396
381 395 393
323 395 382
322 392 323
381 393 391
391 393 392
380 381 391
390 391 392
378 390 392
381 382 395
319 377 379
370 385 384
370 384 383
369 370 383
315 369 383
327 383 328
315 383 327
323 382 366
364 366 381
308 323 366
362 381 380
362 364 381
362 380 379
361 362 379
303 379 377
303 377 378
299 375 372
299 300 375
315 367 369
372 375 374
295 367 315
391 427 423
374 413 411
363 366 364
292 366 365
360 363 362
284 307 291
303 359 361
346 407 348
284 360 359
355 357 358
265 358 351
265 356 358
265 355 356
264 350 355
264 355 265
412 413 419
346 353 354
345 346 352
267 352 353
263 353 346
344 352 351
407 428 429
265 352 267
342 350 349
269 349 350
269 342 349
371 410 412
264 269 350
258 269 259
263 346 347
255 263 347
255 347 339
332 340 388
366 382 381
335 344 343
335 336 344
424 425 428
334 335 342
257 341 342
255 339 331
283 359 303
390 402 391
328 336 335
326 335 334
326 334 333
242 333 249
284 291 363
239 248 331
241 331 319
328 383 384
316 317 370
314 315 326
324 326 325
233 324 242
348 407 408
233 234 324
320 322 323
307 322 320
306 323 308
320 323 321
306 321 323
306 320 321
373 412 385
305 307 320
305 320 306
232 319 300
296 317 316
388 402 390
374 376 416
234 313 314
295 315 313
419 420 425
224 225 313
292 312 308
344 351 350
292 311 312
377 388 378
309 310 312
306 310 309
288 306 309
344 405 345
287 306 288
302 303 304
279 283 303
301 303 302
279 303 301
279 301 302
280 302 284
279 302 280
375 414 416
275 276 299
219 275 297
361 415 375
294 297 296
215 297 294
215 217 297
293 294 296
289 290 292
286 292 290
286 290 289
283 284 359
286 288 292
285 286 289
285 287 286
281 282 284
278 284 282
277 278 281
277 279 278
273 276 275
219 273 275
272 276 274
219 231 272
265 351 352
218 273 219
276 300 299
218 272 273
218 219 272
248 255 331
208 271 269
268 269 270
206 268 270
206 270 207
203 208 269
425 426 430
203 269 206
261 266 267
205 265 266
200 205 266
202 266 261
200 266 202
385 412 418
204 264 265
265 267 266
204 259 264
202 261 262
400 408 401
197 202 262
275 299 297
198 258 259
198 256 257
190 257 256
288 309 292
247 255 248
284 363 360
197 254 247
196 197 247
420 421 425
421 426 425
314 326 324
189 191 194
189 194 192
375 416 376
190 242 249
239 247 248
187 196 247
187 247 238
412 419 418
307 378 322
289 292 291
184 192 193
278 279 280
183 189 184
313 315 314
239 241 240
232 240 241
178 238 240
242 324 325
230 240 232
397 398 405
296 298 317
178 187 238
176 187 178
317 371 373
223 234 233
223 224 234
181 223 182
219 229 231
293 296 295
229 230 232
238 239 240
171 229 219
171 178 229
136 190 138
83 124 126
421 423 427
204 211 209
116 155 117
73 120 122
73 121 120
27 61 62
73 74 121
65 107 110
113 118 119
115 117 118
112 118 113
114 116 117
114 117 115
90 93 92
182 242 188
67 112 113
261 267 353
374 416 413
333 342 341
181 220 223
328 396 336
65 110 68
292 309 311
60 67 98
363 365 366
148 153 149
57 91 90
359 362 361
396 405 404
75 122 82
232 300 276
96 106 105
220 222 221
63 105 106
346 354 352
17 18 22
69 118 112
99 100 104
273 274 276
315 327 326
204 265 205
242 325 333
99 102 101
91 101 95
98 100 99
306 308 312
53 89 87
71 78 77
295 296 367
214 293 225
65 106 107
255 262 263
58 96 63
57 99 91
342 343 350
401 426 427
85 128 122
407 430 409
41 83 43
297 299 298
303 361 379
55 88 96
0 1 5
92 93 95
40 47 42
90 91 95
54 92 57
17 20 19
154 206 155
47 75 82
375 376 379
71 74 73
249 333 257
224 313 234
43 53 51
92 131 93
300 319 375
44 83 84
278 280 284
13 14 15
134 136 135
344 396 404
44 54 53
134 180 182
77 78 79
54 90 92
71 77 79
222 225 224
99 104 102
190 256 198
47 75 76
72 76 78
122 159 125
47 76 72
84 92 85
138 140 194
47 72 71
70 71 73
96 136 145
37 68 69
261 263 262
64 106 65
37 65 68
350 357 355
37 69 38
184 189 192
32 38 69
344 345 352
31 65 37
32 66 67
198 259 199
86 87 89
410 411 412
411 413 412
122 128 175
86 89 88
30 34 67
350 358 357
69 115 118
129 189 183
216 218 219
303 378 304
19 50 21
78 80 79
225 295 313
22 25 57
11 33 29
298 371 317
32 34 33
67 109 98
19 20 40
10 27 14
335 343 342
159 161 160
129 184 130
138 146 145
52 86 55
47 70 73
27 62 31
36 37 38
124 158 160
340 347 348
47 48 85
46 48 47
339 347 340
50 52 55
306 312 310
143 196 193
5 19 21
75 85 122
32 36 38
131 185 187
95 101 103
221 222 223
55 96 58
6 26 27
40 46 45
138 139 140
6 10 8
44 84 85
6 24 26
85 92 93
371 372 411
362 363 364
2 6 8
52 53 86
20 46 40
4 5 6
110 155 116
62 64 65
319 388 377
207 270 208
143 144 197
346 405 406
89 94 139
269 271 270
56 57 89
278 282 281
73 122 75
41 82 81
30 67 60
16 17 19
0 5 4
14 37 35
101 102 104
5 23 18
323 392 394
17 22 20
380 391 422
5 7 6
14 27 31
11 15 33
23 30 25
421 427 426
27 58 63
11 13 15
74 79 76
131 184 185
62 63 64
7 11 23
217 219 297
117 157 119
12 14 13
32 69 66
128 131 175
23 29 30
69 114 115
15 32 33
39 40 41
25 30 57
104 142 144
107 108 110
5 17 16
132 133 135
214 215 293
6 7 24
68 114 69
0 6 2
1 3 5
22 23 25
29 33 30
158 159 160
76 122 123
57 92 94
247 254 255
87 129 92
162 220 172
299 372 371
5 7 23
0 4 6
95 141 139
204 209 208
8 12 13
14 36 15
75 122 76
296 316 370
148 152 153
103 104 143
67 69 112
175 178 177
40 45 47
74 76 121
31 62 65
9 13 11
331 340 332
0 2 3
197 262 254
129 183 184
43 44 53
5 16 19
76 79 80
5 18 17
3 11 7
60 98 99
35 37 36
27 63 61
169 175 177
71 79 74
170 218 216
169 177 178
110 116 114
96 132 105
388 400 402
19 40 39
110 111 150
197 201 202
3 8 9
40 42 41
19 41 43
375 415 414
0 3 1
113 152 148
47 85 75
126 179 129
20 44 46
44 48 46
57 60 99
50 51 52
71 72 78
19 49 50
286 287 288
19 51 49
49 51 50
168 169 170
53 57 56
188 242 190
32 67 34
292 365 363
323 394 395
292 308 366
291 292 363
113 153 152
229 232 231
370 373 385
90 95 93
85 131 128
20 22 44
2 8 3
21 50 24
96 107 106
333 334 342
96 105 135
222 224 223
304 378 307
153 210 211
319 379 376
91 99 101
26 50 55
76 80 78
6 27 10
378 388 390
215 294 293
150 198 203
30 33 34
124 162 172
138 191 198
325 326 333
126 172 179
43 83 44
22 57 54
53 54 57
76 123 121
26 55 27
8 10 14
340 408 400
44 85 48
5 24 7
259 269 264
234 314 324
416 420 419
367 368 370
30 60 57
225 293 295
11 29 23
61 63 62
203 204 208
190 249 257
82 122 125
8 13 9
350 351 358
3 7 5
83 92 84
190 198 191
41 42 82
319 376 375
298 299 371
392 393 395
83 87 92
322 378 392
83 126 129
284 302 304
379 417 415
92 129 130
85 93 131
139 194 140
155 207 208
92 130 131
88 132 96
88 134 132
105 132 135
132 134 133
96 135 136
88 89 134
238 247 239
19 39 41
89 137 134
151 157 153
27 55 58
121 123 169
164 216 213
117 119 118
98 109 148
137 139 138
41 81 83
113 157 151
257 342 258
94 95 139
198 199 204
150 203 206
285 289 287
296 368 367
129 179 180
57 94 89
95 103 143
272 274 273
212 215 214
100 142 104
182 223 233
95 143 141
392 395 394
96 145 107
107 145 108
406 428 407
287 307 305
136 138 145
133 134 135
108 145 146
208 270 271
5 21 24
215 216 217
14 35 36
63 96 105
117 156 157
89 139 137
149 153 200
198 257 258
82 125 124
142 148 149
149 200 201
284 304 307
108 150 111
261 353 263
206 269 268
169 171 170
108 146 150
109 113 148
391 402 403
328 384 396
239 331 241
113 151 153
385 386 398
18 23 22
178 230 229
110 150 154
110 154 155
22 54 44
157 209 211
287 291 307
134 190 136
185 193 187
113 119 157
355 358 356
15 36 32
124 159 158
319 331 332
160 161 163
160 163 162
120 164 159
326 327 335
159 164 161
182 233 242
120 121 164
47 71 70
8 14 12
139 193 192
121 166 164
200 202 201
121 169 168
45 46 47
121 170 166
81 82 124
164 166 216
124 172 126
374 375 376
317 373 370
83 129 87
122 175 123
129 134 137
121 168 170
232 241 319
81 124 83
169 178 171
138 198 146
231 276 272
124 160 162
401 409 430
258 342 269
175 176 178
346 348 347
287 305 306
67 113 109
47 73 75
42 47 82
172 181 179
179 181 182
367 370 369
184 193 185
19 43 51
54 57 90
101 104 103
108 111 110
345 405 346
53 56 89
130 184 131
296 297 298
131 186 175
175 186 187
138 190 191
131 187 186
175 187 176
53 87 86
129 180 134
129 137 189
134 182 188
98 148 100
309 312 311
137 138 189
134 188 190
287 289 291
68 110 114
51 53 52
138 191 189
398 424 428
179 182 180
139 141 193
139 192 194
319 332 388
24 50 26
141 143 193
153 205 200
14 31 37
279 281 283
187 193 196
143 197 196
254 262 255
138 194 191
142 201 144
401 427 403
371 412 373
155 208 156
144 201 197
142 149 201
146 198 150
198 204 203
352 354 353
123 175 169
150 206 154
3 9 11
343 344 350
155 206 207
257 333 341
296 370 368
66 69 67
55 86 88
156 208 157
231 232 276
398 406 405
157 208 209
153 157 210
359 360 362
157 211 210
153 211 205
204 205 211
161 164 212
161 212 163
117 155 156
124 125 159
164 213 212
212 213 215
163 212 214
213 216 215
166 170 216
170 171 219
277 281 279
120 159 122
170 219 218
178 240 230
214 225 222
216 219 217
162 222 220
281 284 283
172 220 181
199 259 204
220 221 223
331 339 340
162 163 222
63 106 64
100 148 142
163 214 222
327 328 335
92 95 94
104 144 143
