# CentVoxTetrahedralizerHybrid tetrahedral mesh
# Detection mode: HYBRID
# Grid: 4^3
# Merge block size: 1
# Protection layers: 1
# Smoothed: Yes
# Vertices: 82
# Tetrahedra: 160

VERTICES
-0.540091 -0.928144 -1.486726
-0.321104 -0.918190 -1.476772
-0.530137 -0.709157 -1.476772
-0.321104 -0.709157 -1.566357
-0.500275 -0.888328 -1.387187
-0.321104 -0.959996 -1.267739
-0.571943 -0.709157 -1.267739
-0.440551 -0.828605 -1.148292
-0.022486 -0.948052 -1.506634
-0.022486 -0.709157 -1.566357
-0.022486 -1.007775 -1.267739
-0.022355 -0.709026 -1.268106
0.156684 -0.888328 -1.446910
0.216408 -0.709157 -1.506634
0.216408 -0.948052 -1.267739
0.276132 -0.709157 -1.267739
-0.559998 -0.410540 -1.506634
-0.321104 -0.410540 -1.566357
-0.619722 -0.410540 -1.267739
-0.320973 -0.410409 -1.268106
-0.022486 -0.410540 -1.566357
-0.022355 -0.410409 -1.268106
0.186546 -0.410540 -1.476772
0.276132 -0.410540 -1.267739
-0.500275 -0.231369 -1.446910
-0.321104 -0.171645 -1.506634
-0.559998 -0.171645 -1.267739
-0.321104 -0.040253 -1.267739
-0.022486 -0.201507 -1.476772
-0.022486 -0.052198 -1.327463
0.196500 -0.191553 -1.486726
0.204463 -0.111922 -1.267739
-0.201657 -0.888328 -1.088569
-0.022486 -0.948052 -1.028845
-0.321104 -0.709157 -0.969121
-0.022486 -0.798743 -0.879536
0.156684 -0.888328 -1.088569
0.228353 -0.709157 -0.969122
-0.500275 -0.589710 -1.088569
-0.559998 -0.410540 -1.028845
-0.410690 -0.410540 -0.879536
-0.022355 -0.410409 -0.969488
0.276132 -0.410540 -0.969122
-0.500275 -0.231369 -1.088569
-0.368883 -0.111922 -0.969122
-0.022355 -0.111791 -0.969488
0.276132 -0.111922 -0.969122
-0.241473 0.107065 -1.188108
-0.022486 0.097111 -1.178154
-0.231519 0.097111 -0.969122
-0.022486 0.186696 -0.969122
0.196500 0.107065 -1.188108
0.186546 0.097111 -0.969122
-0.231519 -0.619572 -0.670504
-0.022486 -0.661379 -0.670504
-0.321104 -0.410540 -0.670504
0.096961 -0.529987 -0.551056
0.156684 -0.589710 -0.789951
0.276132 -0.410540 -0.670504
-0.321104 -0.111922 -0.670504
-0.022355 -0.111791 -0.670870
0.365717 -0.111922 -0.760089
-0.261381 0.126973 -0.670504
-0.022486 0.186696 -0.670504
0.276132 0.138917 -0.670504
-0.241473 -0.629526 -0.451517
-0.141933 -0.589710 -0.491333
-0.231519 -0.410540 -0.461471
-0.022486 -0.410540 -0.419665
-0.261381 -0.111922 -0.431609
-0.022486 -0.111922 -0.371886
0.276132 -0.320954 -0.461471
0.276132 -0.111922 -0.371886
0.455302 -0.291092 -0.551056
0.515026 -0.111922 -0.610780
0.495118 -0.330908 -0.451517
0.485164 -0.111922 -0.461471
-0.201657 0.067249 -0.491333
-0.022486 0.126973 -0.431609
0.276132 0.097111 -0.461471
0.455302 0.067249 -0.551056
0.495118 0.107065 -0.451517

TETRAHEDRA
0 1 2 4
1 3 2 7
1 2 4 7
1 4 5 7
2 4 7 6
1 8 9 10
1 9 3 7
1 5 10 7
9 10 11 7
1 10 9 7
8 12 9 10
12 13 9 15
12 9 10 15
12 10 14 15
9 10 15 11
2 3 17 7
2 17 16 18
2 6 7 18
17 7 19 18
2 7 17 18
3 9 17 7
9 20 17 21
9 17 7 21
9 7 11 21
17 7 21 19
9 13 22 15
9 22 20 21
9 11 15 21
22 15 23 21
9 15 22 21
16 17 24 18
17 25 24 27
17 24 18 27
17 18 19 27
24 18 27 26
17 20 28 21
17 28 25 27
17 19 21 27
28 21 29 27
17 21 28 27
20 22 28 21
22 30 28 31
22 28 21 31
22 21 23 31
28 21 31 29
5 10 7 32
10 11 7 35
10 7 32 35
10 32 33 35
7 32 35 34
10 14 15 36
10 15 11 35
10 33 36 35
15 36 37 35
10 36 15 35
6 7 18 38
7 19 18 40
7 18 38 40
7 38 34 40
18 38 40 39
7 11 21 35
7 21 19 40
7 34 35 40
21 35 41 40
7 35 21 40
11 15 21 35
15 23 21 42
15 21 35 42
15 35 37 42
21 35 42 41
18 19 27 40
18 27 26 43
18 39 40 43
27 40 44 43
18 40 27 43
19 21 27 40
21 29 27 45
21 27 40 45
21 40 41 45
27 40 45 44
21 23 31 42
21 31 29 45
21 41 42 45
31 42 46 45
21 42 31 45
27 29 48 45
27 48 47 49
27 44 45 49
48 45 50 49
27 45 48 49
29 31 48 45
31 51 48 52
31 48 45 52
31 45 46 52
48 45 52 50
34 35 40 53
35 41 40 56
35 40 53 56
35 53 54 56
40 53 56 55
35 37 42 57
35 42 41 56
35 54 57 56
42 57 58 56
35 57 42 56
40 41 45 56
40 45 44 59
40 55 56 59
45 56 60 59
40 56 45 59
41 42 45 56
42 46 45 61
42 45 56 61
42 56 58 61
45 56 61 60
44 45 49 59
45 50 49 63
45 49 59 63
45 59 60 63
49 59 63 62
45 46 52 61
45 52 50 63
45 60 61 63
52 61 64 63
45 61 52 63
53 54 56 66
53 56 55 67
53 65 66 67
56 66 68 67
53 66 56 67
55 56 59 67
56 60 59 70
56 59 67 70
56 67 68 70
59 67 70 69
56 58 61 71
56 61 60 70
56 68 71 70
61 71 72 70
56 71 61 70
58 73 61 71
73 74 61 76
73 61 71 76
73 71 75 76
61 71 76 72
59 60 63 70
59 63 62 77
59 69 70 77
63 70 78 77
59 70 63 77
60 61 63 70
61 64 63 79
61 63 70 79
61 70 72 79
63 70 79 78
61 74 80 76
61 80 64 79
61 72 76 79
80 76 81 79
61 76 80 79

EDGES
0 1
0 2
0 4
1 2
1 3
1 4
1 5
1 7
1 8
1 9
1 10
2 3
2 4
2 6
2 7
2 16
2 17
2 18
3 7
3 9
3 17
4 5
4 6
4 7
5 7
5 10
5 32
6 7
6 18
6 38
7 9
7 10
7 11
7 17
7 18
7 19
7 21
7 32
7 34
7 35
7 38
7 40
8 9
8 10
8 12
9 10
9 11
9 12
9 13
9 15
9 17
9 20
9 21
9 22
10 11
10 12
10 14
10 15
10 32
10 33
10 35
10 36
11 15
11 21
11 35
12 13
12 14
12 15
13 15
13 22
14 15
14 36
15 21
15 22
15 23
15 35
15 36
15 37
15 42
16 17
16 18
16 24
17 18
17 19
17 20
17 21
17 24
17 25
17 27
17 28
18 19
18 24
18 26
18 27
18 38
18 39
18 40
18 43
19 21
19 27
19 40
20 21
20 22
20 28
21 22
21 23
21 27
21 28
21 29
21 31
21 35
21 40
21 41
21 42
21 45
22 23
22 28
22 30
22 31
23 31
23 42
24 25
24 26
24 27
25 27
25 28
26 27
26 43
27 28
27 29
27 40
27 43
27 44
27 45
27 47
27 48
27 49
28 29
28 30
28 31
29 31
29 45
29 48
30 31
31 42
31 45
31 46
31 48
31 51
31 52
32 33
32 34
32 35
33 35
33 36
34 35
34 38
34 40
34 53
35 36
35 37
35 40
35 41
35 42
35 53
35 54
35 56
35 57
36 37
37 42
37 57
38 39
38 40
39 40
39 43
40 41
40 43
40 44
40 45
40 53
40 55
40 56
40 59
41 42
41 45
41 56
42 45
42 46
42 56
42 57
42 58
42 61
43 44
44 45
44 49
44 59
45 46
45 48
45 49
45 50
45 52
45 56
45 59
45 60
45 61
45 63
46 52
46 61
47 48
47 49
48 49
48 50
48 51
48 52
49 50
49 59
49 62
49 63
50 52
50 63
51 52
52 61
52 63
52 64
53 54
53 55
53 56
53 65
53 66
53 67
54 56
54 57
54 66
55 56
55 59
55 67
56 57
56 58
56 59
56 60
56 61
56 66
56 67
56 68
56 70
56 71
57 58
58 61
58 71
58 73
59 60
59 62
59 63
59 67
59 69
59 70
59 77
60 61
60 63
60 70
61 63
61 64
61 70
61 71
61 72
61 73
61 74
61 76
61 79
61 80
62 63
62 77
63 64
63 70
63 77
63 78
63 79
64 79
64 80
65 66
65 67
66 67
66 68
67 68
67 69
67 70
68 70
68 71
69 70
69 77
70 71
70 72
70 77
70 78
70 79
71 72
71 73
71 75
71 76
72 76
72 79
73 74
73 75
73 76
74 76
74 80
75 76
76 79
76 80
76 81
77 78
78 79
79 80
79 81
80 81

SURFACE_TRIANGLES
76 81 79
76 80 81
74 80 76
61 80 74
63 78 79
62 77 63
71 76 72
71 75 76
73 76 75
71 73 75
61 74 73
58 73 71
70 71 72
70 72 79
68 71 70
56 71 68
56 58 71
59 67 69
67 68 70
55 67 59
66 68 67
56 68 66
53 65 67
53 66 65
53 67 55
54 56 66
52 63 64
72 76 79
52 64 61
49 59 62
49 63 50
44 59 49
49 62 63
42 46 61
63 79 64
40 55 59
56 57 58
42 58 57
35 57 54
53 54 66
59 77 62
2 18 16
48 50 52
5 32 7
7 34 38
25 27 28
28 31 30
32 35 34
22 31 23
10 36 33
18 26 24
48 52 51
5 10 32
2 6 18
23 31 42
9 20 22
12 15 14
9 22 13
16 24 17
50 63 52
27 29 28
0 2 1
13 22 15
29 48 31
54 57 56
16 18 24
38 40 39
24 27 25
33 36 35
2 4 6
15 37 36
0 4 2
58 61 73
9 17 20
1 10 5
1 3 9
70 79 78
15 22 23
73 74 76
1 8 10
37 42 57
28 29 31
4 7 6
9 13 12
46 52 61
31 52 46
1 9 8
40 59 44
22 28 30
31 48 51
2 16 17
15 42 37
63 77 78
0 1 4
35 54 53
1 2 3
34 35 53
4 5 7
8 12 10
10 12 14
8 9 12
20 28 22
67 70 69
1 5 4
22 30 31
17 28 20
2 17 3
64 79 80
26 43 27
12 13 15
79 81 80
3 17 9
10 33 32
32 33 35
7 32 34
27 49 47
6 7 38
10 14 36
14 15 36
6 38 18
34 40 38
35 37 57
69 70 77
27 47 48
34 53 40
27 43 44
70 78 77
15 23 42
59 69 77
24 26 27
61 64 80
65 66 67
18 43 26
18 39 43
31 51 52
39 40 43
17 25 28
18 38 39
40 44 43
40 53 55
48 49 50
35 36 37
31 46 42
42 61 58
27 48 29
47 49 48
27 44 49
17 24 25
