VERTICES
-1.072 -0.433473 0.359619
-1.04699 -0.466063 0.359619
-1.01374 -0.432761 0.324034
-1.03127 -0.409912 0.324034
-1.08773 -0.395522 0.359619
-1.0931 -0.354792 0.359619
-1.04228 -0.383305 0.324034
-0.993066 -0.369735 0.302226
-0.964294 -0.46132 0.324034
-0.990898 -0.450296 0.324034
-0.935743 -0.465083 0.324034
-0.936111 -0.414028 0.302226
-0.987238 -0.384066 0.302226
-0.977901 -0.396399 0.302226
-0.965689 -0.405896 0.302226
-0.951436 -0.411909 0.302226
-1.12189 -0.462264 0.459376
-1.10264 -0.451153 0.405706
-1.14338 -0.410417 0.459376
-1.0931 -0.512142 0.51697
-1.15071 -0.354778 0.459376
-1.15828 -0.35477 0.51697
-1.12189 -0.404669 0.405706
-1.12847 -0.354785 0.405706
-1.04701 -0.547511 0.51697
-1.04321 -0.540946 0.459376
-0.991359 -0.562421 0.459376
-0.985597 -0.540946 0.405706
-0.976438 -0.506786 0.359619
-1.03208 -0.521696 0.405706
-1.01439 -0.491069 0.359619
-1.08773 -0.506786 0.459376
-1.072 -0.491069 0.405706
-1.12847 -0.466048 0.51697
-1.1219 -0.46225 0.574564
-1.08774 -0.506775 0.574564
-1.07202 -0.491047 0.628235
-0.993329 -0.569745 0.51697
-0.991374 -0.562417 0.574564
-1.04322 -0.540938 0.574564
-0.935735 -0.569745 0.574564
-1.03211 -0.521681 0.628235
-0.985627 -0.540938 0.628235
-1.04702 -0.466033 0.674322
-1.01443 -0.491047 0.674322
-0.935742 -0.547511 0.628235
-0.935749 -0.512142 0.674322
-0.976479 -0.506775 0.674322
-0.964263 -0.461329 0.709905
-1.15071 -0.412372 0.51697
-1.10265 -0.451127 0.628235
-1.14338 -0.410401 0.574564
-1.1219 -0.40464 0.628235
-1.08774 -0.395481 0.674322
-1.07202 -0.433436 0.674322
-1.03125 -0.40994 0.709905
-0.99087 -0.450312 0.709905
-1.04604 -0.354786 0.709905
-1.04228 -0.383336 0.709905
-1.01372 -0.432783 0.709905
-0.994985 -0.355154 0.731713
-0.986854 -0.384731 0.731713
-0.992867 -0.370477 0.731713
-0.950694 -0.412108 0.731713
-0.965024 -0.40628 0.731713
-0.977358 -0.396942 0.731713
-0.994985 -0.354386 0.302226
-0.992867 -0.339061 0.302226
-0.986854 -0.324806 0.302226
-0.99087 -0.259227 0.324034
-0.950694 -0.297432 0.302226
-0.935727 -0.35477 0.29439
-0.977358 -0.312596 0.302226
-0.965024 -0.303259 0.302226
-1.08774 -0.314059 0.359619
-1.07202 -0.276101 0.359619
-1.14338 -0.299138 0.459376
-1.1219 -0.3049 0.405706
-1.04604 -0.354754 0.324034
-1.04228 -0.326201 0.324034
-1.03125 -0.299597 0.324034
-1.01372 -0.276754 0.324034
-1.04702 -0.243505 0.359619
-1.01443 -0.21849 0.359619
-1.03211 -0.187858 0.405706
-0.985627 -0.168598 0.405706
-0.964263 -0.248211 0.324034
-0.935749 -0.197398 0.359619
-0.976479 -0.202765 0.359619
-0.935742 -0.162028 0.405706
-1.1219 -0.247289 0.459376
-1.10265 -0.258412 0.405706
-1.12847 -0.24349 0.51697
-1.0931 -0.197398 0.51697
-1.07202 -0.21849 0.405706
-1.08774 -0.202765 0.459376
-1.04322 -0.168598 0.459376
-0.991374 -0.147121 0.459376
-0.935735 -0.139794 0.459376
-1.15071 -0.297166 0.51697
-1.14338 -0.299123 0.574564
-1.15071 -0.354762 0.574564
-1.12847 -0.354755 0.628235
-1.0931 -0.354748 0.674322
-1.04228 -0.326232 0.709905
-1.12189 -0.30487 0.628235
-1.08773 -0.314017 0.674322
-1.12189 -0.247275 0.574564
-1.08773 -0.202754 0.574564
-1.04701 -0.162028 0.51697
-1.04321 -0.168591 0.574564
-1.10264 -0.258385 0.628235
-1.072 -0.218469 0.628235
-1.072 -0.276064 0.674322
-1.03208 -0.187843 0.628235
-1.04699 -0.243475 0.674322
-0.993066 -0.339803 0.731713
-1.03127 -0.299625 0.709905
-0.987238 -0.325471 0.731713
-0.951435 -0.297631 0.731713
-0.977901 -0.313139 0.731713
-0.935727 -0.35477 0.73955
-0.965689 -0.303643 0.731713
-0.936111 -0.295511 0.731713
-0.985597 -0.168591 0.628235
-1.01439 -0.21847 0.674322
-0.993329 -0.139794 0.51697
-0.991359 -0.147117 0.574564
-0.976438 -0.202754 0.674322
-0.935743 -0.244456 0.709905
-1.01374 -0.276777 0.709905
-0.990898 -0.259243 0.709905
-0.964294 -0.248219 0.709905
-0.935705 -0.512142 0.359619
-0.907191 -0.461329 0.324034
-0.935712 -0.547511 0.405706
-0.894975 -0.506775 0.359619
-0.935719 -0.569745 0.459376
-0.878125 -0.569745 0.51697
-0.885827 -0.540938 0.405706
-0.88008 -0.562417 0.459376
-0.90643 -0.40628 0.302226
-0.8846 -0.384731 0.302226
-0.878587 -0.370477 0.302226
-0.876469 -0.355154 0.302226
-0.920761 -0.412108 0.302226
-0.894096 -0.396942 0.302226
-0.880584 -0.450312 0.324034
-0.857735 -0.432783 0.324034
-0.839343 -0.521681 0.405706
-0.857022 -0.491047 0.359619
-0.799427 -0.491047 0.405706
-0.824433 -0.466033 0.359619
-0.828232 -0.540938 0.459376
-0.824448 -0.547511 0.51697
-0.783711 -0.506775 0.459376
-0.778354 -0.512142 0.51697
-0.840201 -0.40994 0.324034
-0.783711 -0.395479 0.359619
-0.829176 -0.383336 0.324034
-0.825414 -0.354786 0.324034
-0.799427 -0.433436 0.359619
-0.7688 -0.451127 0.405706
-0.749549 -0.40464 0.405706
-0.749549 -0.46225 0.459376
-0.728075 -0.410401 0.459376
-0.935727 -0.577329 0.51697
-0.880095 -0.562421 0.574564
-0.828246 -0.540946 0.574564
-0.839369 -0.521696 0.628235
-0.749557 -0.462264 0.574564
-0.742986 -0.466048 0.51697
-0.799449 -0.491069 0.628235
-0.783722 -0.506786 0.574564
-0.895016 -0.506786 0.674322
-0.885857 -0.540946 0.628235
-0.935711 -0.465083 0.709905
-0.90716 -0.46132 0.709905
-0.824463 -0.466063 0.674322
-0.857059 -0.491069 0.674322
-0.768816 -0.451153 0.628235
-0.880556 -0.450296 0.709905
-0.749557 -0.404669 0.628235
-0.799449 -0.433473 0.674322
-0.783722 -0.395521 0.674322
-0.778354 -0.354791 0.674322
-0.720752 -0.354778 0.574564
-0.720752 -0.412371 0.51697
-0.742986 -0.354785 0.628235
-0.728079 -0.410417 0.574564
-0.905765 -0.405896 0.731713
-0.893554 -0.396399 0.731713
-0.935343 -0.414027 0.731713
-0.920019 -0.411909 0.731713
-0.884216 -0.384066 0.731713
-0.878388 -0.369735 0.731713
-0.857712 -0.432761 0.709905
-0.840185 -0.409912 0.709905
-0.829167 -0.383305 0.709905
-0.920019 -0.297631 0.302226
-0.935343 -0.295511 0.302226
-0.893553 -0.313139 0.302226
-0.905765 -0.303643 0.302226
-0.884216 -0.325471 0.302226
-0.878388 -0.339803 0.302226
-0.840184 -0.299625 0.324034
-0.829167 -0.326232 0.324034
-0.783722 -0.314017 0.359619
-0.778354 -0.354748 0.359619
-0.749557 -0.30487 0.405706
-0.742986 -0.354755 0.405706
-0.720752 -0.354762 0.459376
-0.713168 -0.35477 0.51697
-0.728079 -0.299123 0.459376
-0.720752 -0.297166 0.51697
-0.90716 -0.248219 0.324034
-0.880556 -0.259243 0.324034
-0.935711 -0.244456 0.324034
-0.895016 -0.202754 0.359619
-0.857712 -0.276777 0.324034
-0.799449 -0.276064 0.359619
-0.857059 -0.218469 0.359619
-0.824463 -0.243475 0.359619
-0.885857 -0.168591 0.405706
-0.839369 -0.187842 0.405706
-0.935727 -0.132211 0.51697
-0.880095 -0.147117 0.459376
-0.799449 -0.218469 0.405706
-0.828246 -0.168591 0.459376
-0.768816 -0.258385 0.405706
-0.749557 -0.247275 0.459376
-0.783722 -0.202754 0.459376
-0.885827 -0.168599 0.628235
-0.839343 -0.187858 0.628235
-0.828232 -0.168598 0.574564
-0.935712 -0.162028 0.628235
-0.88008 -0.147121 0.574564
-0.935719 -0.139794 0.574564
-0.824448 -0.162028 0.51697
-0.878125 -0.139794 0.51697
-0.799427 -0.276101 0.674322
-0.768801 -0.258412 0.628235
-0.749549 -0.3049 0.628235
-0.728075 -0.299138 0.574564
-0.778354 -0.197398 0.51697
-0.742986 -0.24349 0.51697
-0.799427 -0.21849 0.628235
-0.749549 -0.247289 0.574564
-0.783711 -0.202765 0.574564
-0.920761 -0.297432 0.731713
-0.894097 -0.312596 0.731713
-0.90643 -0.303259 0.731713
-0.8846 -0.324806 0.731713
-0.907191 -0.248211 0.709905
-0.935705 -0.197398 0.674322
-0.880584 -0.259227 0.709905
-0.894975 -0.202766 0.674322
-0.876469 -0.354386 0.731713
-0.878587 -0.339061 0.731713
-0.825413 -0.354754 0.709905
-0.829176 -0.326201 0.709905
-0.783711 -0.314059 0.674322
-0.840201 -0.299597 0.709905
-0.824433 -0.243505 0.674322
-0.857735 -0.276754 0.709905
-0.857022 -0.218491 0.674322
-0.932427 -0.354336 0.519467
-0.930117 -0.31211 0.622091
-0.902247 -0.380466 0.413756
-0.956323 -0.357346 0.366757
-0.905728 -0.282375 0.41607
-0.976747 -0.407515 0.356259
-0.909433 -0.389499 0.357286
-0.975186 -0.30265 0.359626
-0.939554 -0.324153 0.338713
-1.02799 -0.342637 0.430884
-0.926613 -0.42391 0.606557
-0.912348 -0.463639 0.502336
-0.874606 -0.329462 0.376086
-0.920258 -0.374661 0.664021
-0.948797 -0.323789 0.677841
-1.0038 -0.345358 0.351837
-0.896561 -0.48708 0.574092
-0.926339 -0.422678 0.681716
-0.909821 -0.291062 0.682225
-0.865429 -0.364488 0.346616
-0.870895 -0.345807 0.674492
-0.880353 -0.396692 0.683807
-0.976876 -0.40912 0.680821
-1.02409 -0.378594 0.587171
-1.00113 -0.34659 0.675567
-1.00893 -0.385077 0.346712
-0.870117 -0.304409 0.680957
-0.908275 -0.289691 0.347397
-0.946411 -0.273525 0.351899
-1.01087 -0.385909 0.683299
-1.00238 -0.363105 0.32891
TETRAHEDRA
115 125 131 267
82 81 83 273
177 176 192 283
81 69 83 273
156 171 277 282
40 138 166 282
190 196 181 287
269 268 270 275
168 173 156 282
67 71 68 274
269 268 272 278
111 107 112 289
2 9 14 271
71 269 272 274
91 77 74 275
63 176 48 283
62 55 58 295
71 13 14 269
271 268 275 277
100 111 289 107
201 203 205 293
71 73 72 274
268 272 278 285
3 4 0 291
267 276 279 289
203 201 274 293
266 170 276 282
104 118 116 290
193 190 181 283
244 245 266 270
59 65 288 295
182 188 266 286
106 104 103 290
174 179 276 283
154 156 277 282
166 138 277 282
153 149 140 277
178 183 276 287
51 33 289 34
82 75 273 275
100 21 99 289
250 255 264 284
168 175 169 282
109 96 126 266
5 77 23 275
11 15 271 272
138 154 277 282
247 241 248 267
125 128 132 267
74 77 5 275
98 225 97 270
46 174 276 283
82 84 94 275
190 191 196 287
265 255 284 292
185 198 259 286
253 251 249 284
31 19 277 289
39 38 277 282
259 195 257 286
279 267 289 290
82 83 84 275
202 199 274 293
31 32 16 275
121 251 250 280
144 71 143 272
110 108 266 267
49 18 275 289
198 194 195 287
174 46 276 282
148 146 147 272
29 27 271 277
38 40 277 282
53 50 52 289
139 150 136 277
268 269 270 278
80 68 273 281
254 124 235 267
97 126 96 266
57 60 58 295
240 261 260 292
126 237 127 266
104 116 57 290
179 178 276 287
111 100 289 105
274 203 278 285
99 107 100 289
56 59 65 288
74 78 79 281
247 245 243 266
46 47 48 283
191 190 279 287
128 124 254 267
255 251 253 284
269 273 274 281
43 41 36 289
179 172 169 282
167 138 40 282
72 73 69 273
209 210 268 278
242 243 188 266
205 203 206 285
72 73 273 274
165 187 266 277
176 177 174 283
206 203 204 285
16 49 33 289
144 204 274 285
187 189 266 277
13 2 271 291
168 156 154 282
53 103 57 295
195 121 257 279
182 186 189 266
96 97 266 270
269 272 274 278
230 227 229 270
39 24 35 289
41 38 39 276
217 200 293 294
130 115 131 267
76 23 275 20
273 270 274 293
266 213 268 270
142 146 148 285
276 44 288 289
86 73 70 294
42 38 41 276
4 23 275 5
132 119 280 284
1 17 275 0
3 13 12 291
16 18 49 289
99 92 107 289
231 228 224 270
108 266 267 289
189 170 266 277
17 18 275 22
33 31 289 19
121 61 280 288
247 243 242 266
24 26 25 277
63 121 192 279
37 26 24 277
96 94 84 275
210 207 208 278
208 206 160 278
13 2 14 271
250 252 280 284
139 149 150 277
80 68 81 273
127 109 126 266
19 24 277 289
92 108 289 93
191 121 194 279
276 47 283 288
17 1 275 32
261 259 260 286
288 279 289 290
76 77 90 275
98 97 85 270
258 121 252 279
121 252 279 280
215 217 293 294
269 275 281 291
35 24 19 289
4 5 275 291
130 117 113 290
154 155 153 277
29 271 275 277
178 172 179 282
156 155 154 277
234 233 236 267
194 191 279 287
196 178 181 287
112 107 108 289
34 52 50 289
97 84 85 270
140 139 137 277
115 130 113 290
242 241 286 292
132 128 129 284
99 20 275 21
42 38 276 282
218 87 217 294
254 128 267 284
261 242 286 292
276 279 283 287
222 221 216 293
221 222 270 293
239 238 266 270
213 211 266 268
224 227 231 270
189 182 266 276
134 141 145 272
163 158 162 268
159 161 158 285
116 118 121 280
279 276 286 287
39 276 277 289
91 74 75 275
274 273 293 294
213 209 268 278
24 39 277 289
219 205 278 293
175 167 45 282
230 229 213 270
112 125 115 267
253 129 254 284
164 165 163 268
121 123 249 280
268 269 271 275
64 121 279 288
209 229 220 278
138 140 166 277
112 108 267 289
247 248 244 266
108 114 112 267
68 67 274 281
3 6 291 296
20 99 275 76
5 6 78 291
213 229 209 270
1 9 2 271
271 0 275 291
241 267 286 292
263 262 264 292
54 53 58 295
288 62 280 290
193 192 279 283
103 104 57 290
44 43 288 289
118 120 121 280
136 134 133 272
103 53 289 295
93 90 95 275
29 30 32 271
119 123 121 280
82 75 80 273
273 68 274 281
121 193 192 279
83 82 273 275
23 76 275 77
46 45 47 276
180 178 183 276
75 79 80 281
33 51 289 49
189 180 182 276
270 84 273 275
79 67 281 296
92 76 275 99
271 12 291 296
106 103 289 290
108 93 266 289
27 29 25 277
131 132 119 280
91 94 95 275
32 31 29 277
130 122 120 280
87 218 270 294
128 132 267 284
40 166 277 282
63 279 283 288
168 167 175 282
178 179 276 282
12 3 291 296
152 148 150 272
148 147 150 272
267 115 289 290
252 279 280 286
132 131 267 280
198 195 286 287
47 44 56 288
121 64 65 288
269 271 291 296
269 270 273 275
71 7 12 269
73 71 70 274
22 23 20 275
248 246 234 267
22 17 0 275
115 112 267 289
216 221 215 293
106 102 289 103
204 144 160 285
46 45 276 282
182 266 276 286
194 198 197 287
94 75 82 275
95 96 109 275
248 234 266 267
150 136 268 272
154 153 138 277
240 260 262 292
161 157 268 285
18 17 275 16
20 21 18 275
170 180 189 276
90 77 91 275
113 111 115 289
35 36 39 289
263 240 262 292
261 241 242 292
261 185 259 286
95 94 96 275
78 79 281 296
265 232 233 267
17 16 32 275
102 106 289 105
92 90 93 275
226 238 239 270
51 102 289 101
217 70 200 294
262 252 264 292
225 98 239 270
234 236 266 267
131 119 122 280
7 12 269 296
150 149 268 277
172 178 276 282
246 263 267 292
110 124 114 267
21 49 275 289
242 185 261 286
165 266 268 277
142 157 143 285
158 161 268 285
30 29 28 271
19 33 34 289
57 103 290 295
41 44 276 289
240 241 261 292
122 119 121 280
141 134 147 272
14 15 269 271
267 266 276 289
101 49 289 51
267 130 290 280
0 1 271 275
1 32 271 275
272 144 274 285
102 51 289 52
213 268 270 278
44 42 41 276
181 178 179 287
207 206 208 278
68 72 81 273
247 248 266 267
99 21 275 289
116 60 57 290
201 202 274 293
127 235 124 267
273 270 293 294
264 250 284 292
190 193 279 283
121 190 193 279
187 189 212 266
178 196 183 287
15 11 71 272
71 11 145 272
47 48 283 288
121 258 257 279
256 254 235 267
129 253 249 284
184 182 276 286
84 83 273 275
201 71 203 274
279 121 280 288
42 40 38 282
83 69 88 294
218 221 270 293
55 62 61 295
65 59 61 295
148 146 272 285
183 184 276 287
67 79 66 296
71 142 143 272
37 39 38 277
128 125 114 267
242 241 266 267
209 207 210 278
60 62 58 295
262 258 252 292
75 74 79 281
176 63 192 283
252 280 284 286
264 255 265 292
108 92 289 107
131 130 267 280
263 246 240 292
120 118 117 290
45 167 40 282
48 63 283 288
258 260 257 286
41 39 36 289
196 197 183 287
263 233 246 267
32 29 275 277
137 139 135 277
274 270 278 293
279 276 288 289
188 185 242 286
158 268 278 285
60 116 121 280
222 219 278 293
197 198 184 287
120 122 121 280
237 127 266 267
127 110 266 267
203 274 278 293
260 259 257 286
115 111 112 289
44 41 43 289
275 5 281 291
18 16 275 289
71 201 202 274
109 96 266 275
199 71 202 274
130 267 290 115
31 33 289 16
222 219 220 278
272 274 278 285
48 47 56 288
63 64 279 288
149 153 151 277
279 190 283 287
89 87 223 270
268 266 275 277
231 245 244 270
44 47 276 288
139 136 135 277
253 254 256 284
228 244 238 270
191 197 196 287
206 160 278 285
6 78 291 296
279 276 283 288
260 261 286 292
186 188 243 266
125 132 131 267
136 150 268 277
216 199 202 293
260 258 262 292
276 184 286 287
86 70 217 294
204 71 144 274
79 78 66 296
229 209 270 278
135 136 133 277
132 123 119 284
270 269 273 274
205 203 278 293
60 57 290 295
66 7 269 296
152 150 268 272
167 154 138 282
59 55 61 295
180 172 276 282
190 181 283 287
65 61 288 295
55 54 58 295
63 48 64 288
175 174 169 282
280 267 284 286
137 166 140 277
222 220 270 278
5 74 275 281
156 164 155 277
30 28 8 271
74 75 275 281
141 71 145 272
210 208 163 268
230 245 231 270
173 169 172 282
237 235 127 267
9 8 15 271
10 134 145 272
146 142 272 285
155 162 151 277
213 209 211 268
130 131 122 280
274 269 281 296
45 40 42 282
238 244 248 266
88 87 270 294
93 92 275 289
238 248 234 266
116 118 280 290
44 47 42 276
234 239 238 266
103 289 290 295
263 265 233 267
10 28 133 271
93 109 266 275
54 43 289 295
165 210 163 268
252 258 279 286
179 276 283 287
267 284 286 292
266 276 277 282
76 92 275 90
69 83 273 294
15 71 14 269
37 24 39 277
240 246 241 292
15 269 271 272
172 178 180 276
241 246 267 292
179 174 276 282
252 121 250 280
276 267 279 286
61 62 288 295
250 252 284 292
147 134 136 272
160 208 278 285
270 218 293 294
226 223 228 270
28 29 27 271
266 242 267 286
276 39 277 282
15 71 269 272
171 173 170 282
161 152 151 268
219 216 202 293
83 270 273 294
210 208 268 278
22 0 4 275
74 5 78 281
219 201 205 293
1 32 30 271
269 271 275 291
34 51 52 289
100 105 101 289
62 121 61 280
59 43 55 295
12 13 271 291
43 36 54 289
20 18 22 275
18 21 49 275
11 8 10 271
62 288 280 61
242 241 247 266
173 172 170 282
193 177 192 283
275 31 277 289
226 228 238 270
118 104 117 290
171 170 277 282
95 109 93 275
49 101 289 21
126 225 237 266
225 236 237 266
236 239 234 266
144 159 160 285
195 279 286 287
71 67 66 274
174 175 46 282
43 54 55 295
183 197 184 287
246 248 241 267
96 84 270 275
269 12 271 296
168 169 173 282
152 161 157 268
211 210 165 268
54 50 53 289
226 239 98 270
162 158 161 268
211 209 210 268
106 105 113 289
54 36 50 289
263 265 267 292
96 84 97 270
237 236 232 267
83 85 84 270
187 211 165 266
10 11 271 272
19 34 35 289
100 101 21 289
113 105 111 289
268 266 270 275
4 6 5 291
200 274 293 294
161 159 157 285
218 215 293 294
165 171 187 277
170 180 276 282
43 59 288 295
148 152 268 272
3 2 13 291
232 236 233 267
226 89 223 270
183 184 182 276
198 195 259 286
186 214 212 266
73 70 273 274
102 103 52 289
102 101 105 289
67 66 274 296
60 116 280 290
72 69 81 273
239 236 225 266
209 213 270 278
85 89 98 270
97 126 266 270
222 229 227 270
266 93 275 289
267 132 280 284
73 86 69 294
227 221 222 270
117 104 106 290
159 158 160 285
123 249 280 284
266 96 270 275
73 69 273 294
123 129 249 284
48 56 64 288
223 218 224 270
219 205 220 278
26 135 27 277
198 185 184 286
199 200 274 293
53 57 58 295
255 253 256 284
27 25 26 277
203 205 278 285
127 124 110 267
157 159 143 285
163 162 164 268
110 114 108 267
70 73 273 294
252 258 286 292
245 230 214 266
87 86 217 294
2 3 0 291
228 223 224 270
16 31 275 289
1 0 271 291
119 123 280 284
133 268 271 277
200 70 274 294
268 133 271 272
209 220 207 278
200 199 215 293
140 149 139 277
201 219 202 293
243 214 186 266
166 37 38 277
219 222 216 293
64 56 65 288
279 267 280 286
78 281 291 296
62 60 121 280
71 199 200 274
8 11 15 271
256 232 265 267
188 182 184 286
191 194 197 287
212 211 187 266
0 4 275 291
19 24 25 277
117 106 113 290
62 60 280 290
67 274 281 296
205 206 278 285
9 15 14 271
66 269 274 296
162 164 268 277
221 218 215 293
276 266 277 289
75 80 273 281
121 65 61 288
214 213 212 266
69 86 88 294
181 179 283 287
214 243 245 266
270 269 274 278
166 137 37 277
220 229 270 278
144 71 272 274
265 255 256 284
121 63 64 279
39 41 276 289
258 257 279 286
199 216 215 293
45 46 175 282
268 148 272 285
29 31 25 277
208 158 278 285
56 44 59 288
214 230 213 266
167 168 154 282
137 135 26 277
50 35 34 289
159 144 143 285
5 78 281 291
27 28 271 277
206 204 160 285
3 6 4 291
222 220 229 270
234 246 233 267
79 67 80 281
128 114 124 267
36 35 50 289
288 62 290 295
270 222 278 293
205 207 220 278
266 275 277 289
211 212 213 266
195 194 279 287
258 260 286 292
204 203 274 285
236 237 266 267
1 2 0 291
183 182 180 276
281 269 291 296
2 1 271 291
70 71 200 274
112 114 125 267
53 52 103 289
157 142 148 285
273 269 275 281
232 235 237 267
205 206 207 278
158 208 160 285
163 208 158 268
188 184 185 286
46 176 174 283
241 247 266 267
247 244 245 266
256 235 232 267
126 225 266 270
157 148 268 285
212 189 186 266
217 200 215 293
155 151 153 277
37 137 26 277
27 135 133 277
245 230 266 270
149 151 152 268
194 121 195 279
31 32 275 277
166 38 40 277
75 273 275 281
263 264 265 292
78 7 66 296
143 144 272 285
133 28 27 277
19 25 31 277
211 165 266 268
132 129 123 284
267 265 284 292
12 13 269 271
170 266 277 282
94 91 75 275
115 113 289 290
6 3 12 296
47 46 276 283
256 254 267 284
149 151 268 277
86 87 88 294
118 120 280 290
151 162 268 277
121 191 190 279
250 251 255 284
32 29 271 275
1 30 9 271
218 217 215 294
251 250 280 284
169 174 179 282
70 273 274 294
242 241 267 286
149 152 150 268
280 279 288 290
231 227 230 270
110 93 109 266
110 109 127 266
223 87 218 270
225 239 266 270
129 128 254 284
171 156 173 282
192 63 279 283
208 158 268 278
120 130 280 290
68 71 72 274
174 177 179 283
85 88 89 270
238 244 266 270
38 39 276 282
113 106 289 290
97 225 126 270
95 90 91 275
133 10 271 272
136 133 268 272
188 242 266 286
267 279 280 290
146 141 147 272
88 85 83 270
176 46 48 283
9 30 8 271
98 89 226 270
13 14 269 271
184 198 286 287
170 189 266 276
80 67 68 281
23 4 275 22
45 42 276 282
62 60 290 295
147 136 150 272
53 54 289 295
257 195 279 286
289 288 290 295
68 72 273 274
92 99 275 289
83 88 270 294
230 213 266 270
188 186 182 266
252 250 264 292
44 43 59 288
7 71 66 269
249 251 280 284
82 80 81 273
165 164 171 277
28 133 271 277
193 181 177 283
142 143 272 285
180 170 172 282
6 7 78 296
164 162 155 277
284 252 286 292
189 187 170 277
11 10 145 272
146 71 141 272
266 267 276 286
130 120 117 290
138 153 140 277
164 165 268 277
133 136 268 277
134 10 133 272
203 71 204 274
152 157 148 268
231 244 228 270
221 224 218 270
108 93 110 266
43 288 289 295
7 6 12 296
177 181 179 283
265 256 267 284
255 264 284 292
251 121 249 280
13 71 12 269
71 146 142 272
89 88 87 270
47 45 42 276
269 268 271 272
8 28 10 271
161 151 162 268
171 164 156 277
170 187 171 277
71 66 269 274
84 83 270 273
224 221 227 270
EDGES
0 1
0 2
0 3
0 4
0 17
0 22
0 271
0 275
0 291
1 2
1 9
1 17
1 30
1 32
1 271
1 275
1 291
2 3
2 9
2 13
2 14
2 271
2 291
3 4
3 6
3 12
3 13
3 291
3 296
4 5
4 6
4 22
4 23
4 275
4 291
5 6
5 23
5 74
5 77
5 78
5 275
5 281
5 291
6 7
6 12
6 78
6 291
6 296
7 12
7 66
7 71
7 78
7 269
7 296
8 9
8 10
8 11
8 15
8 28
8 30
8 271
9 14
9 15
9 30
9 271
10 11
10 28
10 133
10 134
10 145
10 271
10 272
11 15
11 71
11 145
11 271
11 272
12 13
12 71
12 269
12 271
12 291
12 296
13 14
13 71
13 269
13 271
13 291
14 15
14 71
14 269
14 271
15 71
15 269
15 271
15 272
16 17
16 18
16 31
16 32
16 33
16 49
16 275
16 289
17 18
17 22
17 32
17 275
18 20
18 21
18 22
18 49
18 275
18 289
19 24
19 25
19 31
19 33
19 34
19 35
19 277
19 289
20 21
20 22
20 23
20 76
20 99
20 275
21 49
21 99
21 100
21 101
21 275
21 289
22 23
22 275
23 76
23 77
23 275
24 25
24 26
24 35
24 37
24 39
24 277
24 289
25 26
25 27
25 29
25 31
25 277
26 27
26 37
26 135
26 137
26 277
27 28
27 29
27 133
27 135
27 271
27 277
28 29
28 30
28 133
28 271
28 277
29 30
29 31
29 32
29 271
29 275
29 277
30 32
30 271
31 32
31 33
31 275
31 277
31 289
32 271
32 275
32 277
33 34
33 49
33 51
33 289
34 35
34 50
34 51
34 52
34 289
35 36
35 39
35 50
35 289
36 39
36 41
36 43
36 50
36 54
36 289
37 38
37 39
37 137
37 166
37 277
38 39
38 40
38 41
38 42
38 166
38 276
38 277
38 282
39 41
39 276
39 277
39 282
39 289
40 42
40 45
40 138
40 166
40 167
40 277
40 282
41 42
41 43
41 44
41 276
41 289
42 44
42 45
42 47
42 276
42 282
43 44
43 54
43 55
43 59
43 288
43 289
43 295
44 47
44 56
44 59
44 276
44 288
44 289
45 46
45 47
45 167
45 175
45 276
45 282
46 47
46 48
46 174
46 175
46 176
46 276
46 282
46 283
47 48
47 56
47 276
47 283
47 288
48 56
48 63
48 64
48 176
48 283
48 288
49 51
49 101
49 275
49 289
50 52
50 53
50 54
50 289
51 52
51 101
51 102
51 289
52 53
52 102
52 103
52 289
53 54
53 57
53 58
53 103
53 289
53 295
54 55
54 58
54 289
54 295
55 58
55 59
55 61
55 62
55 295
56 59
56 64
56 65
56 288
57 58
57 60
57 103
57 104
57 116
57 290
57 295
58 60
58 62
58 295
59 61
59 65
59 288
59 295
60 62
60 116
60 121
60 280
60 290
60 295
61 62
61 65
61 121
61 280
61 288
61 295
62 121
62 280
62 288
62 290
62 295
63 64
63 121
63 176
63 192
63 279
63 283
63 288
64 65
64 121
64 279
64 288
65 121
65 288
65 295
66 67
66 71
66 78
66 79
66 269
66 274
66 296
67 68
67 71
67 79
67 80
67 274
67 281
67 296
68 71
68 72
68 80
68 81
68 273
68 274
68 281
69 72
69 73
69 81
69 83
69 86
69 88
69 273
69 294
70 71
70 73
70 86
70 200
70 217
70 273
70 274
70 294
71 72
71 73
71 141
71 142
71 143
71 144
71 145
71 146
71 199
71 200
71 201
71 202
71 203
71 204
71 269
71 272
71 274
72 73
72 81
72 273
72 274
73 86
73 273
73 274
73 294
74 75
74 77
74 78
74 79
74 91
74 275
74 281
75 79
75 80
75 82
75 91
75 94
75 273
75 275
75 281
76 77
76 90
76 92
76 99
76 275
77 90
77 91
77 275
78 79
78 281
78 291
78 296
79 80
79 281
79 296
80 81
80 82
80 273
80 281
81 82
81 83
81 273
82 83
82 84
82 94
82 273
82 275
83 84
83 85
83 88
83 270
83 273
83 275
83 294
84 85
84 94
84 96
84 97
84 270
84 273
84 275
85 88
85 89
85 97
85 98
85 270
86 87
86 88
86 217
86 294
87 88
87 89
87 217
87 218
87 223
87 270
87 294
88 89
88 270
88 294
89 98
89 223
89 226
89 270
90 91
90 92
90 93
90 95
90 275
91 94
91 95
91 275
92 93
92 99
92 107
92 108
92 275
92 289
93 95
93 108
93 109
93 110
93 266
93 275
93 289
94 95
94 96
94 275
95 96
95 109
95 275
96 97
96 109
96 126
96 266
96 270
96 275
97 98
97 126
97 225
97 266
97 270
98 225
98 226
98 239
98 270
99 100
99 107
99 275
99 289
100 101
100 105
100 107
100 111
100 289
101 102
101 105
101 289
102 103
102 105
102 106
102 289
103 104
103 106
103 289
103 290
103 295
104 106
104 116
104 117
104 118
104 290
105 106
105 111
105 113
105 289
106 113
106 117
106 289
106 290
107 108
107 111
107 112
107 289
108 110
108 112
108 114
108 266
108 267
108 289
109 110
109 126
109 127
109 266
109 275
110 114
110 124
110 127
110 266
110 267
111 112
111 113
111 115
111 289
112 114
112 115
112 125
112 267
112 289
113 115
113 117
113 130
113 289
113 290
114 124
114 125
114 128
114 267
115 125
115 130
115 131
115 267
115 289
115 290
116 118
116 121
116 280
116 290
117 118
117 120
117 130
117 290
118 120
118 121
118 280
118 290
119 121
119 122
119 123
119 131
119 132
119 280
119 284
120 121
120 122
120 130
120 280
120 290
121 122
121 123
121 190
121 191
121 192
121 193
121 194
121 195
121 249
121 250
121 251
121 252
121 257
121 258
121 279
121 280
121 288
122 130
122 131
122 280
123 129
123 132
123 249
123 280
123 284
124 127
124 128
124 235
124 254
124 267
125 128
125 131
125 132
125 267
126 127
126 225
126 237
126 266
126 270
127 235
127 237
127 266
127 267
128 129
128 132
128 254
128 267
128 284
129 132
129 249
129 253
129 254
129 284
130 131
130 267
130 280
130 290
131 132
131 267
131 280
132 267
132 280
132 284
133 134
133 135
133 136
133 268
133 271
133 272
133 277
134 136
134 141
134 145
134 147
134 272
135 136
135 137
135 139
135 277
136 139
136 147
136 150
136 268
136 272
136 277
137 139
137 140
137 166
137 277
138 140
138 153
138 154
138 166
138 167
138 277
138 282
139 140
139 149
139 150
139 277
140 149
140 153
140 166
140 277
141 145
141 146
141 147
141 272
142 143
142 146
142 148
142 157
142 272
142 285
143 144
143 157
143 159
143 272
143 285
144 159
144 160
144 204
144 272
144 274
144 285
145 272
146 147
146 148
146 272
146 285
147 148
147 150
147 272
148 150
148 152
148 157
148 268
148 272
148 285
149 150
149 151
149 152
149 153
149 268
149 277
150 152
150 268
150 272
150 277
151 152
151 153
151 155
151 161
151 162
151 268
151 277
152 157
152 161
152 268
152 272
153 154
153 155
153 277
154 155
154 156
154 167
154 168
154 277
154 282
155 156
155 162
155 164
155 277
156 164
156 168
156 171
156 173
156 277
156 282
157 159
157 161
157 268
157 285
158 159
158 160
158 161
158 162
158 163
158 208
158 268
158 278
158 285
159 160
159 161
159 285
160 204
160 206
160 208
160 278
160 285
161 162
161 268
161 285
162 163
162 164
162 268
162 277
163 164
163 165
163 208
163 210
163 268
164 165
164 171
164 268
164 277
165 171
165 187
165 210
165 211
165 266
165 268
165 277
166 277
166 282
167 168
167 175
167 282
168 169
168 173
168 175
168 282
169 172
169 173
169 174
169 175
169 179
169 282
170 171
170 172
170 173
170 180
170 187
170 189
170 266
170 276
170 277
170 282
171 173
171 187
171 277
171 282
172 173
172 178
172 179
172 180
172 276
172 282
173 282
174 175
174 176
174 177
174 179
174 276
174 282
174 283
175 282
176 177
176 192
176 283
177 179
177 181
177 192
177 193
177 283
178 179
178 180
178 181
178 183
178 196
178 276
178 282
178 287
179 181
179 276
179 282
179 283
179 287
180 182
180 183
180 189
180 276
180 282
181 190
181 193
181 196
181 283
181 287
182 183
182 184
182 186
182 188
182 189
182 266
182 276
182 286
183 184
183 196
183 197
183 276
183 287
184 185
184 188
184 197
184 198
184 276
184 286
184 287
185 188
185 198
185 242
185 259
185 261
185 286
186 188
186 189
186 212
186 214
186 243
186 266
187 189
187 211
187 212
187 266
187 277
188 242
188 243
188 266
188 286
189 212
189 266
189 276
189 277
190 191
190 193
190 196
190 279
190 283
190 287
191 194
191 196
191 197
191 279
191 287
192 193
192 279
192 283
193 279
193 283
194 195
194 197
194 198
194 279
194 287
195 198
195 257
195 259
195 279
195 286
195 287
196 197
196 287
197 198
197 287
198 259
198 286
198 287
199 200
199 202
199 215
199 216
199 274
199 293
200 215
200 217
200 274
200 293
200 294
201 202
201 203
201 205
201 219
201 274
201 293
202 216
202 219
202 274
202 293
203 204
203 205
203 206
203 274
203 278
203 285
203 293
204 206
204 274
204 285
205 206
205 207
205 219
205 220
205 278
205 285
205 293
206 207
206 208
206 278
206 285
207 208
207 209
207 210
207 220
207 278
208 210
208 268
208 278
208 285
209 210
209 211
209 213
209 220
209 229
209 268
209 270
209 278
210 211
210 268
210 278
211 212
211 213
211 266
211 268
212 213
212 214
212 266
213 214
213 229
213 230
213 266
213 268
213 270
213 278
214 230
214 243
214 245
214 266
215 216
215 217
215 218
215 221
215 293
215 294
216 219
216 221
216 222
216 293
217 218
217 293
217 294
218 221
218 223
218 224
218 270
218 293
218 294
219 220
219 222
219 278
219 293
220 222
220 229
220 270
220 278
221 222
221 224
221 227
221 270
221 293
222 227
222 229
222 270
222 278
222 293
223 224
223 226
223 228
223 270
224 227
224 228
224 231
224 270
225 236
225 237
225 239
225 266
225 270
226 228
226 238
226 239
226 270
227 229
227 230
227 231
227 270
228 231
228 238
228 244
228 270
229 230
229 270
229 278
230 231
230 245
230 266
230 270
231 244
231 245
231 270
232 233
232 235
232 236
232 237
232 256
232 265
232 267
233 234
233 236
233 246
233 263
233 265
233 267
234 236
234 238
234 239
234 246
234 248
234 266
234 267
235 237
235 254
235 256
235 267
236 237
236 239
236 266
236 267
237 266
237 267
238 239
238 244
238 248
238 266
238 270
239 266
239 270
240 241
240 246
240 260
240 261
240 262
240 263
240 292
241 242
241 246
241 247
241 248
241 261
241 266
241 267
241 286
241 292
242 243
242 247
242 261
242 266
242 267
242 286
242 292
243 245
243 247
243 266
244 245
244 247
244 248
244 266
244 270
245 247
245 266
245 270
246 248
246 263
246 267
246 292
247 248
247 266
247 267
248 266
248 267
249 251
249 253
249 280
249 284
250 251
250 252
250 255
250 264
250 280
250 284
250 292
251 253
251 255
251 280
251 284
252 258
252 262
252 264
252 279
252 280
252 284
252 286
252 292
253 254
253 255
253 256
253 284
254 256
254 267
254 284
255 256
255 264
255 265
255 284
255 292
256 265
256 267
256 284
257 258
257 259
257 260
257 279
257 286
258 260
258 262
258 279
258 286
258 292
259 260
259 261
259 286
260 261
260 262
260 286
260 292
261 286
261 292
262 263
262 264
262 292
263 264
263 265
263 267
263 292
264 265
264 284
264 292
265 267
265 284
265 292
266 267
266 268
266 270
266 275
266 276
266 277
266 282
266 286
266 289
267 276
267 279
267 280
267 284
267 286
267 289
267 290
267 292
268 269
268 270
268 271
268 272
268 275
268 277
268 278
268 285
269 270
269 271
269 272
269 273
269 274
269 275
269 278
269 281
269 291
269 296
270 273
270 274
270 275
270 278
270 293
270 294
271 272
271 275
271 277
271 291
271 296
272 274
272 278
272 285
273 274
273 275
273 281
273 293
273 294
274 278
274 281
274 285
274 293
274 294
274 296
275 277
275 281
275 289
275 291
276 277
276 279
276 282
276 283
276 286
276 287
276 288
276 289
277 282
277 289
278 285
278 293
279 280
279 283
279 286
279 287
279 288
279 289
279 290
280 284
280 286
280 288
280 290
281 291
281 296
283 287
283 288
284 286
284 292
286 287
286 292
288 289
288 290
288 295
289 290
289 295
290 295
291 296
293 294
SURFACE_TRIANGLES
0 1 2
0 1 17
0 2 3
0 3 4
0 4 22
0 17 22
1 2 9
1 9 30
1 17 32
1 30 32
2 3 13
2 9 14
2 13 14
3 4 6
3 6 12
3 12 13
4 5 6
4 5 23
4 22 23
5 6 78
5 23 77
5 74 77
5 74 78
6 7 12
6 7 78
7 12 71
7 66 71
7 66 78
8 9 15
8 9 30
8 10 11
8 10 28
8 11 15
8 28 30
9 14 15
10 11 145
10 28 133
10 133 134
10 134 145
11 15 71
11 71 145
12 13 71
13 14 71
14 15 71
16 17 18
16 17 32
16 18 49
16 31 32
16 31 33
16 33 49
17 18 22
18 20 21
18 20 22
18 21 49
19 24 25
19 24 35
19 25 31
19 31 33
19 33 34
19 34 35
20 21 99
20 22 23
20 23 76
20 76 99
21 49 101
21 99 100
21 100 101
23 76 77
24 25 26
24 26 37
24 35 39
24 37 39
25 26 27
25 27 29
25 29 31
26 27 135
26 37 137
26 135 137
27 28 29
27 28 133
27 133 135
28 29 30
29 30 32
29 31 32
33 34 51
33 49 51
34 35 50
34 50 52
34 51 52
35 36 39
35 36 50
36 39 41
36 41 43
36 43 54
36 50 54
37 38 39
37 38 166
37 137 166
38 39 41
38 40 42
38 40 166
38 41 42
40 42 45
40 45 167
40 138 166
40 138 167
41 42 44
41 43 44
42 44 47
42 45 47
43 44 59
43 54 55
43 55 59
44 47 56
44 56 59
45 46 47
45 46 175
45 167 175
46 47 48
46 48 176
46 174 175
46 174 176
47 48 56
48 56 64
48 63 64
48 63 176
49 51 101
50 52 53
50 53 54
51 52 102
51 101 102
52 53 103
52 102 103
53 54 58
53 57 58
53 57 103
54 55 58
55 58 62
55 59 61
55 61 62
56 59 65
56 64 65
57 58 60
57 60 116
57 103 104
57 104 116
58 60 62
59 61 65
60 62 121
60 116 121
61 62 121
61 65 121
63 64 121
63 121 192
63 176 192
64 65 121
66 67 71
66 67 79
66 78 79
67 68 71
67 68 80
67 79 80
68 71 72
68 72 81
68 80 81
69 72 73
69 72 81
69 73 86
69 81 83
69 83 88
69 86 88
70 71 73
70 71 200
70 73 86
70 86 217
70 200 217
71 72 73
71 141 145
71 141 146
71 142 143
71 142 146
71 143 144
71 144 204
71 199 200
71 199 202
71 201 202
71 201 203
71 203 204
74 75 79
74 75 91
74 77 91
74 78 79
75 79 80
75 80 82
75 82 94
75 91 94
76 77 90
76 90 92
76 92 99
77 90 91
80 81 82
81 82 83
82 83 84
82 84 94
83 84 85
83 85 88
84 85 97
84 94 96
84 96 97
85 88 89
85 89 98
85 97 98
86 87 88
86 87 217
87 88 89
87 89 223
87 217 218
87 218 223
89 98 226
89 223 226
90 91 95
90 92 93
90 93 95
91 94 95
92 93 108
92 99 107
92 107 108
93 95 109
93 108 110
93 109 110
94 95 96
95 96 109
96 97 126
96 109 126
97 98 225
97 126 225
98 225 239
98 226 239
99 100 107
100 101 105
100 105 111
100 107 111
101 102 105
102 103 106
102 105 106
103 104 106
104 106 117
104 116 118
104 117 118
105 106 113
105 111 113
106 113 117
107 108 112
107 111 112
108 110 114
108 112 114
109 110 127
109 126 127
110 114 124
110 124 127
111 112 115
111 113 115
112 114 125
112 115 125
113 115 130
113 117 130
114 124 128
114 125 128
115 125 131
115 130 131
116 118 121
117 118 120
117 120 130
118 120 121
119 121 122
119 121 123
119 122 131
119 123 132
119 131 132
120 121 122
120 122 130
121 123 249
121 190 191
121 190 193
121 191 194
121 192 193
121 194 195
121 195 257
121 249 251
121 250 251
121 250 252
121 252 258
121 257 258
122 130 131
123 129 132
123 129 249
124 127 235
124 128 254
124 235 254
125 128 132
125 131 132
126 127 237
126 225 237
127 235 237
128 129 132
128 129 254
129 249 253
129 253 254
133 134 136
133 135 136
134 136 147
134 141 145
134 141 147
135 136 139
135 137 139
136 139 150
136 147 150
137 139 140
137 140 166
138 140 153
138 140 166
138 153 154
138 154 167
139 140 149
139 149 150
140 149 153
141 146 147
142 143 157
142 146 148
142 148 157
143 144 159
143 157 159
144 159 160
144 160 204
146 147 148
147 148 150
148 150 152
148 152 157
149 150 152
149 151 152
149 151 153
151 152 161
151 153 155
151 155 162
151 161 162
152 157 161
153 154 155
154 155 156
154 156 168
154 167 168
155 156 164
155 162 164
156 164 171
156 168 173
156 171 173
157 159 161
158 159 160
158 159 161
158 160 208
158 161 162
158 162 163
158 163 208
160 204 206
160 206 208
162 163 164
163 164 165
163 165 210
163 208 210
164 165 171
165 171 187
165 187 211
165 210 211
167 168 175
168 169 173
168 169 175
169 172 173
169 172 179
169 174 175
169 174 179
170 171 173
170 171 187
170 172 173
170 172 180
170 180 189
170 187 189
172 178 179
172 178 180
174 176 177
174 177 179
176 177 192
177 179 181
177 181 193
177 192 193
178 179 181
178 180 183
178 181 196
178 183 196
180 182 183
180 182 189
181 190 193
181 190 196
182 183 184
182 184 188
182 186 188
182 186 189
183 184 197
183 196 197
184 185 188
184 185 198
184 197 198
185 188 242
185 198 259
185 242 261
185 259 261
186 188 243
186 189 212
186 212 214
186 214 243
187 189 212
187 211 212
188 242 243
190 191 196
191 194 197
191 196 197
194 195 198
194 197 198
195 198 259
195 257 259
199 200 215
199 202 216
199 215 216
200 215 217
201 202 219
201 203 205
201 205 219
202 216 219
203 204 206
203 205 206
205 206 207
205 207 220
205 219 220
206 207 208
207 208 210
207 209 210
207 209 220
209 210 211
209 211 213
209 213 229
209 220 229
211 212 213
212 213 214
213 214 230
213 229 230
214 230 245
214 243 245
215 216 221
215 217 218
215 218 221
216 219 222
216 221 222
218 221 224
218 223 224
219 220 222
220 222 229
221 222 227
221 224 227
222 227 229
223 224 228
223 226 228
224 227 231
224 228 231
225 236 237
225 236 239
226 228 238
226 238 239
227 229 230
227 230 231
228 231 244
228 238 244
230 231 245
231 244 245
232 233 236
232 233 265
232 235 237
232 235 256
232 236 237
232 256 265
233 234 236
233 234 246
233 246 263
233 263 265
234 236 239
234 238 239
234 238 248
234 246 248
235 254 256
238 244 248
240 241 246
240 241 261
240 246 263
240 260 261
240 260 262
240 262 263
241 242 247
241 242 261
241 246 248
241 247 248
242 243 247
243 245 247
244 245 247
244 247 248
249 251 253
250 251 255
250 252 264
250 255 264
251 253 255
252 258 262
252 262 264
253 254 256
253 255 256
255 256 265
255 264 265
257 258 260
257 259 260
258 260 262
259 260 261
262 263 264
263 264 265
