# CentVoxTetrahedralizerHybrid tetrahedral mesh
# Detection mode: HYBRID
# Grid: 12^3
# Merge block size: 2
# Protection layers: 2
# Smoothed: Yes
# Vertices: 377
# Tetrahedra: 1040

VERTICES
-0.039462 -0.273018 -0.270892
-0.000000 -0.283498 -0.282922
-0.050985 -0.225223 -0.280834
-0.000000 -0.224060 -0.294189
-0.055042 -0.301891 -0.224827
0.000000 -0.320226 -0.243292
-0.071296 -0.227749 -0.224382
0.000000 -0.230500 -0.230500
0.039462 -0.273018 -0.270892
0.050985 -0.225223 -0.280834
0.055042 -0.301891 -0.224827
0.071296 -0.227749 -0.224382
-0.048546 -0.153254 -0.277995
-0.000000 -0.153291 -0.298479
-0.075603 -0.153516 -0.226268
0.000000 -0.153667 -0.230500
0.048546 -0.153254 -0.277995
0.075603 -0.153516 -0.226268
-0.052500 -0.076833 -0.282309
-0.000000 -0.076833 -0.296528
-0.076075 -0.076833 -0.228121
0.000000 -0.076833 -0.230500
0.052500 -0.076833 -0.282309
0.076075 -0.076833 -0.228121
-0.048749 0.000000 -0.278333
-0.000000 0.000000 -0.298629
-0.076488 0.000000 -0.229974
0.000000 0.000000 -0.230500
0.048749 0.000000 -0.278333
0.076488 0.000000 -0.229974
-0.052500 0.076833 -0.282309
-0.000000 0.076833 -0.296528
-0.076075 0.076833 -0.228121
0.000000 0.076833 -0.230500
0.052500 0.076833 -0.282309
0.076075 0.076833 -0.228121
-0.048546 0.153254 -0.277995
-0.000000 0.153291 -0.298479
-0.075603 0.153517 -0.226268
0.000000 0.153667 -0.230500
0.048546 0.153254 -0.277995
0.075603 0.153517 -0.226268
-0.050985 0.225223 -0.280834
-0.000000 0.224060 -0.294189
-0.071296 0.227749 -0.224382
0.000000 0.230500 -0.230500
0.050985 0.225223 -0.280834
0.071296 0.227749 -0.224382
-0.039462 0.273018 -0.270892
-0.000000 0.283498 -0.282922
-0.055042 0.301891 -0.224827
0.000000 0.320226 -0.243292
0.039462 0.273018 -0.270892
0.055042 0.301891 -0.224827
-0.039897 -0.352153 -0.198485
-0.000000 -0.363858 -0.210191
-0.054970 -0.378494 -0.148224
-0.000000 -0.396959 -0.166559
-0.073294 -0.304473 -0.150821
0.000000 -0.307333 -0.153666
0.039897 -0.352153 -0.198485
0.054970 -0.378494 -0.148224
0.073294 -0.304473 -0.150821
-0.082048 -0.230170 -0.153148
0.000000 -0.230500 -0.153666
0.082048 -0.230170 -0.153148
-0.096510 -0.153486 -0.152733
0.000000 -0.153667 -0.153666
0.096510 -0.153486 -0.152733
-0.096332 -0.076733 -0.170193
0.000000 -0.076833 -0.153666
0.096332 -0.076733 -0.170193
-0.099701 0.000000 -0.176263
0.000000 0.000000 -0.153666
0.099701 0.000000 -0.176263
-0.096332 0.076733 -0.170193
0.000000 0.076833 -0.153666
0.096332 0.076733 -0.170193
-0.096510 0.153486 -0.152733
0.000000 0.153667 -0.153666
0.096510 0.153486 -0.152733
-0.082048 0.230170 -0.153148
0.000000 0.230500 -0.153666
0.082048 0.230170 -0.153148
-0.073294 0.304473 -0.150821
0.000000 0.307333 -0.153666
0.073294 0.304473 -0.150821
-0.039897 0.352152 -0.198485
-0.000000 0.363858 -0.210191
-0.054970 0.378494 -0.148224
-0.000000 0.396959 -0.166559
0.039897 0.352153 -0.198485
0.054970 0.378494 -0.148224
-0.039402 -0.424559 -0.119351
-0.000000 -0.436589 -0.129831
-0.050895 -0.434501 -0.071555
-0.000000 -0.447856 -0.070392
-0.069818 -0.378101 -0.074082
0.000000 -0.384166 -0.076833
0.039402 -0.424559 -0.119351
0.050895 -0.434501 -0.071555
0.069818 -0.378101 -0.074082
-0.079362 -0.306890 -0.076533
0.000000 -0.307333 -0.076833
0.079362 -0.306890 -0.076533
-0.096689 -0.229661 -0.076693
0.000000 -0.230500 -0.076833
0.096689 -0.229661 -0.076693
-0.102850 -0.175809 -0.098976
0.000000 -0.153667 -0.076833
0.102850 -0.175809 -0.098976
-0.126277 -0.130897 -0.126204
-0.127982 -0.075148 -0.127955
-0.130960 -0.150633 -0.073895
-0.146600 -0.076563 -0.072774
-0.076833 -0.076833 -0.076833
0.000000 -0.076833 -0.076833
0.076833 -0.076833 -0.076833
0.126277 -0.130897 -0.126204
0.127982 -0.075148 -0.127955
0.130960 -0.150633 -0.073895
0.146600 -0.076563 -0.072774
-0.132833 0.000000 -0.132832
-0.148179 0.000000 -0.071706
-0.076833 0.000000 -0.076833
0.000000 0.000000 -0.076833
0.076833 0.000000 -0.076833
0.132833 0.000000 -0.132832
0.148179 0.000000 -0.071706
-0.127982 0.075148 -0.127955
-0.146600 0.076563 -0.072774
-0.076833 0.076833 -0.076833
0.000000 0.076833 -0.076833
0.076833 0.076833 -0.076833
0.127982 0.075148 -0.127955
0.146600 0.076563 -0.072774
-0.126277 0.130897 -0.126204
-0.130960 0.150633 -0.073895
-0.102850 0.175810 -0.098976
0.000000 0.153667 -0.076833
0.102850 0.175810 -0.098976
0.126277 0.130897 -0.126204
0.130960 0.150633 -0.073895
-0.096689 0.229661 -0.076693
0.000000 0.230500 -0.076833
0.096689 0.229661 -0.076693
-0.079362 0.306890 -0.076533
0.000000 0.307333 -0.076833
0.079362 0.306890 -0.076533
-0.069818 0.378101 -0.074082
0.000000 0.384166 -0.076833
0.069818 0.378101 -0.074082
-0.039402 0.424559 -0.119351
-0.000000 0.436589 -0.129831
-0.050895 0.434501 -0.071555
-0.000000 0.447856 -0.070392
0.039402 0.424559 -0.119351
0.050895 0.434501 -0.071555
-0.048186 -0.431437 0.000001
-0.000000 -0.451996 0.000000
-0.072541 -0.379815 0.000000
0.000000 -0.384166 0.000000
0.048186 -0.431437 0.000001
0.072541 -0.379815 0.000000
-0.080622 -0.307941 0.000000
0.000000 -0.307333 0.000000
0.080622 -0.307941 0.000000
-0.095872 -0.243596 0.000000
0.000000 -0.230500 0.000000
0.095872 -0.243596 0.000000
-0.126093 -0.202855 -0.054196
-0.125783 -0.202563 0.000000
-0.143765 -0.149600 0.000000
-0.076833 -0.153667 0.000000
0.000000 -0.153667 0.000000
0.076833 -0.153667 0.000000
0.126093 -0.202855 -0.054196
0.125783 -0.202563 0.000000
0.143765 -0.149600 0.000000
-0.149671 -0.076551 0.000001
-0.076833 -0.076833 0.000000
0.000000 -0.076833 0.000000
0.076833 -0.076833 0.000000
0.149671 -0.076551 0.000001
-0.152706 0.000000 0.000000
-0.076833 0.000000 0.000000
0.000000 0.000000 0.000000
0.076833 0.000000 0.000000
0.152706 0.000000 0.000000
-0.149671 0.076551 0.000000
-0.076833 0.076833 0.000000
0.000000 0.076833 0.000000
0.076833 0.076833 0.000000
0.149671 0.076551 0.000000
-0.143765 0.149600 0.000000
-0.076833 0.153667 0.000000
0.000000 0.153667 0.000000
0.076833 0.153667 0.000000
0.143765 0.149600 0.000000
-0.126093 0.202855 -0.054196
-0.125783 0.202563 0.000000
-0.095872 0.243596 0.000000
0.000000 0.230500 0.000000
0.095872 0.243596 0.000000
0.126093 0.202855 -0.054196
0.125783 0.202563 0.000000
-0.080622 0.307941 0.000000
0.000000 0.307333 0.000000
0.080622 0.307941 0.000000
-0.072541 0.379815 0.000000
0.000000 0.384166 0.000000
0.072541 0.379815 0.000000
-0.048186 0.431437 0.000001
-0.000000 0.451996 0.000000
0.048186 0.431437 0.000001
-0.050895 -0.434501 0.071556
-0.000000 -0.447856 0.070393
-0.069818 -0.378101 0.074083
0.000000 -0.384166 0.076834
0.050895 -0.434501 0.071556
0.069818 -0.378101 0.074083
-0.079362 -0.306890 0.076534
0.000000 -0.307333 0.076834
0.079362 -0.306890 0.076534
-0.096689 -0.229661 0.076694
0.000000 -0.230500 0.076834
0.096689 -0.229661 0.076694
-0.126093 -0.202855 0.054197
-0.130960 -0.150633 0.073896
-0.102850 -0.175809 0.098977
0.000000 -0.153667 0.076834
0.102850 -0.175809 0.098977
0.126093 -0.202855 0.054197
0.130960 -0.150633 0.073896
-0.146600 -0.076563 0.072775
-0.076833 -0.076833 0.076834
0.000000 -0.076833 0.076834
0.076833 -0.076833 0.076834
0.146600 -0.076563 0.072775
-0.148179 0.000000 0.071707
-0.076833 0.000000 0.076834
0.000000 0.000000 0.076834
0.076833 0.000000 0.076834
0.148179 0.000000 0.071707
-0.146600 0.076563 0.072775
-0.076833 0.076833 0.076834
0.000000 0.076833 0.076834
0.076833 0.076833 0.076834
0.146600 0.076563 0.072775
-0.130960 0.150633 0.073896
-0.102850 0.175810 0.098977
0.000000 0.153667 0.076834
0.102850 0.175810 0.098977
0.130960 0.150633 0.073896
-0.126093 0.202855 0.054197
-0.096689 0.229661 0.076694
0.000000 0.230500 0.076834
0.096689 0.229661 0.076694
0.126093 0.202855 0.054197
-0.079362 0.306890 0.076534
0.000000 0.307333 0.076834
0.079362 0.306890 0.076534
-0.069818 0.378101 0.074083
0.000000 0.384166 0.076834
0.069818 0.378101 0.074083
-0.050895 0.434501 0.071556
-0.000000 0.447856 0.070393
0.050895 0.434501 0.071556
-0.039402 -0.424559 0.119352
-0.000000 -0.436589 0.129832
-0.054970 -0.378494 0.148225
0.000000 -0.396959 0.166560
0.039402 -0.424559 0.119352
0.054970 -0.378494 0.148225
-0.073294 -0.304473 0.150822
0.000000 -0.307333 0.153667
0.073294 -0.304473 0.150822
-0.082048 -0.230170 0.153149
0.000000 -0.230500 0.153667
0.082048 -0.230170 0.153149
-0.096510 -0.153486 0.152734
0.000000 -0.153667 0.153667
0.096510 -0.153486 0.152734
-0.126277 -0.130897 0.126205
-0.127982 -0.075148 0.127956
-0.096332 -0.076733 0.170194
0.000000 -0.076833 0.153667
0.096332 -0.076733 0.170194
0.126277 -0.130897 0.126205
0.127982 -0.075148 0.127956
-0.132833 0.000000 0.132833
-0.099701 0.000000 0.176264
0.000000 0.000000 0.153667
0.099701 0.000000 0.176264
0.132833 0.000000 0.132833
-0.127982 0.075148 0.127956
-0.096332 0.076733 0.170194
0.000000 0.076833 0.153667
0.096332 0.076733 0.170194
0.127982 0.075148 0.127956
-0.126277 0.130897 0.126205
-0.096510 0.153486 0.152734
0.000000 0.153667 0.153667
0.096510 0.153486 0.152734
0.126277 0.130897 0.126205
-0.082048 0.230170 0.153149
0.000000 0.230500 0.153667
0.082048 0.230170 0.153149
-0.073294 0.304473 0.150822
0.000000 0.307333 0.153667
0.073294 0.304473 0.150822
-0.054970 0.378494 0.148225
-0.000000 0.396959 0.166560
0.054970 0.378494 0.148225
-0.039402 0.424559 0.119352
-0.000000 0.436589 0.129832
0.039402 0.424559 0.119352
-0.039897 -0.352153 0.198486
-0.000000 -0.363858 0.210192
-0.055042 -0.301891 0.224828
-0.000000 -0.320226 0.243293
0.039897 -0.352153 0.198486
0.055042 -0.301891 0.224828
-0.071296 -0.227749 0.224383
0.000000 -0.230500 0.230500
0.071296 -0.227749 0.224383
-0.075603 -0.153516 0.226269
0.000000 -0.153667 0.230500
0.075603 -0.153516 0.226269
-0.076075 -0.076833 0.228122
0.000000 -0.076833 0.230500
0.076075 -0.076833 0.228122
-0.076488 0.000000 0.229975
0.000000 0.000000 0.230500
0.076488 0.000000 0.229975
-0.076075 0.076833 0.228122
0.000000 0.076833 0.230500
0.076075 0.076833 0.228122
-0.075603 0.153517 0.226269
0.000000 0.153667 0.230500
0.075603 0.153517 0.226269
-0.071296 0.227749 0.224383
0.000000 0.230500 0.230500
0.071296 0.227749 0.224383
-0.055042 0.301891 0.224828
-0.000000 0.320226 0.243293
0.055042 0.301891 0.224828
-0.039897 0.352153 0.198486
-0.000000 0.363858 0.210192
0.039897 0.352153 0.198486
-0.039462 -0.273018 0.270893
-0.000000 -0.283498 0.282923
-0.050985 -0.225223 0.280835
-0.000000 -0.224060 0.294190
0.039462 -0.273018 0.270893
0.050985 -0.225223 0.280835
-0.048546 -0.153254 0.277996
-0.000000 -0.153291 0.298480
0.048546 -0.153254 0.277996
-0.052500 -0.076833 0.282310
-0.000000 -0.076833 0.296529
0.052500 -0.076833 0.282310
-0.048749 0.000000 0.278334
-0.000000 0.000000 0.298630
0.048749 0.000000 0.278334
-0.052500 0.076833 0.282310
-0.000000 0.076833 0.296529
0.052500 0.076833 0.282310
-0.048546 0.153254 0.277996
-0.000000 0.153291 0.298480
0.048546 0.153254 0.277996
-0.050985 0.225223 0.280835
-0.000000 0.224060 0.294190
0.050985 0.225223 0.280835
-0.039462 0.273018 0.270893
-0.000000 0.283498 0.282923
0.039462 0.273018 0.270893

TETRAHEDRA
0 1 3 5
0 3 2 6
0 4 5 6
3 5 7 6
0 5 3 6
1 8 3 5
8 9 3 11
8 3 5 11
8 5 10 11
3 5 11 7
2 3 12 6
3 13 12 15
3 12 6 15
3 6 7 15
12 6 15 14
3 9 16 11
3 16 13 15
3 7 11 15
16 11 17 15
3 11 16 15
12 13 19 15
12 19 18 20
12 14 15 20
19 15 21 20
12 15 19 20
13 16 19 15
16 22 19 23
16 19 15 23
16 15 17 23
19 15 23 21
18 19 24 20
19 25 24 27
19 24 20 27
19 20 21 27
24 20 27 26
19 22 28 23
19 28 25 27
19 21 23 27
28 23 29 27
19 23 28 27
24 25 31 27
24 31 30 32
24 26 27 32
31 27 33 32
24 27 31 32
25 28 31 27
28 34 31 35
28 31 27 35
28 27 29 35
31 27 35 33
30 31 36 32
31 37 36 39
31 36 32 39
31 32 33 39
36 32 39 38
31 34 40 35
31 40 37 39
31 33 35 39
40 35 41 39
31 35 40 39
36 37 43 39
36 43 42 44
36 38 39 44
43 39 45 44
36 39 43 44
37 40 43 39
40 46 43 47
40 43 39 47
40 39 41 47
43 39 47 45
42 43 48 44
43 49 48 51
43 48 44 51
43 44 45 51
48 44 51 50
43 46 52 47
43 52 49 51
43 45 47 51
52 47 53 51
43 47 52 51
54 55 5 57
54 5 4 58
54 56 57 58
5 57 59 58
54 57 5 58
55 60 5 57
60 10 5 62
60 5 57 62
60 57 61 62
5 57 62 59
4 5 6 58
5 7 6 64
5 6 58 64
5 58 59 64
6 58 64 63
5 10 11 62
5 11 7 64
5 59 62 64
11 62 65 64
5 62 11 64
6 7 15 64
6 15 14 66
6 63 64 66
15 64 67 66
6 64 15 66
7 11 15 64
11 17 15 68
11 15 64 68
11 64 65 68
15 64 68 67
14 15 20 66
15 21 20 70
15 20 66 70
15 66 67 70
20 66 70 69
15 17 23 68
15 23 21 70
15 67 68 70
23 68 71 70
15 68 23 70
20 21 27 70
20 27 26 72
20 69 70 72
27 70 73 72
20 70 27 72
21 23 27 70
23 29 27 74
23 27 70 74
23 70 71 74
27 70 74 73
26 27 32 72
27 33 32 76
27 32 72 76
27 72 73 76
32 72 76 75
27 29 35 74
27 35 33 76
27 73 74 76
35 74 77 76
27 74 35 76
32 33 39 76
32 39 38 78
32 75 76 78
39 76 79 78
32 76 39 78
33 35 39 76
35 41 39 80
35 39 76 80
35 76 77 80
39 76 80 79
38 39 44 78
39 45 44 82
39 44 78 82
39 78 79 82
44 78 82 81
39 41 47 80
39 47 45 82
39 79 80 82
47 80 83 82
39 80 47 82
44 45 51 82
44 51 50 84
44 81 82 84
51 82 85 84
44 82 51 84
45 47 51 82
47 53 51 86
47 51 82 86
47 82 83 86
51 82 86 85
50 51 87 84
51 88 87 90
51 87 84 90
51 84 85 90
87 84 90 89
51 53 91 86
51 91 88 90
51 85 86 90
91 86 92 90
51 86 91 90
93 94 57 96
93 57 56 97
93 95 96 97
57 96 98 97
93 96 57 97
94 99 57 96
99 61 57 101
99 57 96 101
99 96 100 101
57 96 101 98
56 57 58 97
57 59 58 103
57 58 97 103
57 97 98 103
58 97 103 102
57 61 62 101
57 62 59 103
57 98 101 103
62 101 104 103
57 101 62 103
58 59 64 103
58 64 63 105
58 102 103 105
64 103 106 105
58 103 64 105
59 62 64 103
62 65 64 107
62 64 103 107
62 103 104 107
64 103 107 106
63 64 66 105
64 67 66 109
64 66 105 109
64 105 106 109
66 105 109 108
64 65 68 107
64 68 67 109
64 106 107 109
68 107 110 109
64 107 68 109
111 66 112 113
66 69 112 115
66 112 113 115
66 113 108 115
112 113 115 114
66 67 70 109
66 70 69 115
66 108 109 115
70 109 116 115
66 109 70 115
67 68 70 109
68 71 70 117
68 70 109 117
68 109 110 117
70 109 117 116
68 118 119 120
68 119 71 117
68 110 120 117
119 120 121 117
68 120 119 117
112 69 72 115
112 72 122 123
112 114 115 123
72 115 124 123
112 115 72 123
69 70 72 115
70 73 72 125
70 72 115 125
70 115 116 125
72 115 125 124
70 71 74 117
70 74 73 125
70 116 117 125
74 117 126 125
70 117 74 125
71 119 74 117
119 127 74 128
119 74 117 128
119 117 121 128
74 117 128 126
122 72 129 123
72 75 129 131
72 129 123 131
72 123 124 131
129 123 131 130
72 73 76 125
72 76 75 131
72 124 125 131
76 125 132 131
72 125 76 131
73 74 76 125
74 77 76 133
74 76 125 133
74 125 126 133
76 125 133 132
74 127 134 128
74 134 77 133
74 126 128 133
134 128 135 133
74 128 134 133
129 75 78 131
129 78 136 137
129 130 131 137
78 131 138 137
129 131 78 137
75 76 78 131
76 79 78 139
76 78 131 139
76 131 132 139
78 131 139 138
76 77 80 133
76 80 79 139
76 132 133 139
80 133 140 139
76 133 80 139
77 134 80 133
134 141 80 142
134 80 133 142
134 133 135 142
80 133 142 140
78 79 82 139
78 82 81 143
78 138 139 143
82 139 144 143
78 139 82 143
79 80 82 139
80 83 82 145
80 82 139 145
80 139 140 145
82 139 145 144
81 82 84 143
82 85 84 147
82 84 143 147
82 143 144 147
84 143 147 146
82 83 86 145
82 86 85 147
82 144 145 147
86 145 148 147
82 145 86 147
84 85 90 147
84 90 89 149
84 146 147 149
90 147 150 149
84 147 90 149
85 86 90 147
86 92 90 151
86 90 147 151
86 147 148 151
90 147 151 150
89 90 152 149
90 153 152 155
90 152 149 155
90 149 150 155
152 149 155 154
90 92 156 151
90 156 153 155
90 150 151 155
156 151 157 155
90 151 156 155
95 96 97 158
96 98 97 161
96 97 158 161
96 158 159 161
97 158 161 160
96 100 101 162
96 101 98 161
96 159 162 161
101 162 163 161
96 162 101 161
97 98 103 161
97 103 102 164
97 160 161 164
103 161 165 164
97 161 103 164
98 101 103 161
101 104 103 166
101 103 161 166
101 161 163 166
103 161 166 165
102 103 105 164
103 106 105 168
103 105 164 168
103 164 165 168
105 164 168 167
103 104 107 166
103 107 106 168
103 165 166 168
107 166 169 168
103 166 107 168
170 105 113 171
105 108 113 173
105 113 171 173
105 171 167 173
113 171 173 172
105 106 109 168
105 109 108 173
105 167 168 173
109 168 174 173
105 168 109 173
106 107 109 168
107 110 109 175
107 109 168 175
107 168 169 175
109 168 175 174
107 176 120 177
107 120 110 175
107 169 177 175
120 177 178 175
107 177 120 175
113 108 115 173
113 115 114 179
113 172 173 179
115 173 180 179
113 173 115 179
108 109 115 173
109 116 115 181
109 115 173 181
109 173 174 181
115 173 181 180
109 110 117 175
109 117 116 181
109 174 175 181
117 175 182 181
109 175 117 181
110 120 117 175
120 121 117 183
120 117 175 183
120 175 178 183
117 175 183 182
114 115 123 179
115 124 123 185
115 123 179 185
115 179 180 185
123 179 185 184
115 116 125 181
115 125 124 185
115 180 181 185
125 181 186 185
115 181 125 185
116 117 125 181
117 126 125 187
117 125 181 187
117 181 182 187
125 181 187 186
117 121 128 183
117 128 126 187
117 182 183 187
128 183 188 187
117 183 128 187
123 124 131 185
123 131 130 189
123 184 185 189
131 185 190 189
123 185 131 189
124 125 131 185
125 132 131 191
125 131 185 191
125 185 186 191
131 185 191 190
125 126 133 187
125 133 132 191
125 186 187 191
133 187 192 191
125 187 133 191
126 128 133 187
128 135 133 193
128 133 187 193
128 187 188 193
133 187 193 192
130 131 137 189
131 138 137 195
131 137 189 195
131 189 190 195
137 189 195 194
131 132 139 191
131 139 138 195
131 190 191 195
139 191 196 195
131 191 139 195
132 133 139 191
133 140 139 197
133 139 191 197
133 191 192 197
139 191 197 196
133 135 142 193
133 142 140 197
133 192 193 197
142 193 198 197
133 193 142 197
137 138 143 195
137 143 199 200
137 194 195 200
143 195 201 200
137 195 143 200
138 139 143 195
139 144 143 202
139 143 195 202
139 195 196 202
143 195 202 201
139 140 145 197
139 145 144 202
139 196 197 202
145 197 203 202
139 197 145 202
140 142 145 197
142 204 145 205
142 145 197 205
142 197 198 205
145 197 205 203
143 144 147 202
143 147 146 206
143 201 202 206
147 202 207 206
143 202 147 206
144 145 147 202
145 148 147 208
145 147 202 208
145 202 203 208
147 202 208 207
146 147 149 206
147 150 149 210
147 149 206 210
147 206 207 210
149 206 210 209
147 148 151 208
147 151 150 210
147 207 208 210
151 208 211 210
147 208 151 210
149 150 155 210
149 155 154 212
149 209 210 212
155 210 213 212
149 210 155 212
150 151 155 210
151 157 155 214
151 155 210 214
151 210 211 214
155 210 214 213
158 159 161 216
158 161 160 217
158 215 216 217
161 216 218 217
158 216 161 217
159 162 161 216
162 163 161 220
162 161 216 220
162 216 219 220
161 216 220 218
160 161 164 217
161 165 164 222
161 164 217 222
161 217 218 222
164 217 222 221
161 163 166 220
161 166 165 222
161 218 220 222
166 220 223 222
161 220 166 222
164 165 168 222
164 168 167 224
164 221 222 224
168 222 225 224
164 222 168 224
165 166 168 222
166 169 168 226
166 168 222 226
166 222 223 226
168 222 226 225
171 167 173 224
171 173 172 228
171 227 224 228
173 224 229 228
171 224 173 228
167 168 173 224
168 174 173 230
168 173 224 230
168 224 225 230
173 224 230 229
168 169 175 226
168 175 174 230
168 225 226 230
175 226 231 230
168 226 175 230
169 177 175 226
177 178 175 233
177 175 226 233
177 226 232 233
175 226 233 231
172 173 179 228
173 180 179 235
173 179 228 235
173 228 229 235
179 228 235 234
173 174 181 230
173 181 180 235
173 229 230 235
181 230 236 235
173 230 181 235
174 175 181 230
175 182 181 237
175 181 230 237
175 230 231 237
181 230 237 236
175 178 183 233
175 183 182 237
175 231 233 237
183 233 238 237
175 233 183 237
179 180 185 235
179 185 184 239
179 234 235 239
185 235 240 239
179 235 185 239
180 181 185 235
181 186 185 241
181 185 235 241
181 235 236 241
185 235 241 240
181 182 187 237
181 187 186 241
181 236 237 241
187 237 242 241
181 237 187 241
182 183 187 237
183 188 187 243
183 187 237 243
183 237 238 243
187 237 243 242
184 185 189 239
185 190 189 245
185 189 239 245
185 239 240 245
189 239 245 244
185 186 191 241
185 191 190 245
185 240 241 245
191 241 246 245
185 241 191 245
186 187 191 241
187 192 191 247
187 191 241 247
187 241 242 247
191 241 247 246
187 188 193 243
187 193 192 247
187 242 243 247
193 243 248 247
187 243 193 247
189 190 195 245
189 195 194 249
189 244 245 249
195 245 250 249
189 245 195 249
190 191 195 245
191 196 195 251
191 195 245 251
191 245 246 251
195 245 251 250
191 192 197 247
191 197 196 251
191 246 247 251
197 247 252 251
191 247 197 251
192 193 197 247
193 198 197 253
193 197 247 253
193 247 248 253
197 247 253 252
194 195 200 249
195 201 200 255
195 200 249 255
195 249 250 255
200 249 255 254
195 196 202 251
195 202 201 255
195 250 251 255
202 251 256 255
195 251 202 255
196 197 202 251
197 203 202 257
197 202 251 257
197 251 252 257
202 251 257 256
197 198 205 253
197 205 203 257
197 252 253 257
205 253 258 257
197 253 205 257
201 202 206 255
202 207 206 260
202 206 255 260
202 255 256 260
206 255 260 259
202 203 208 257
202 208 207 260
202 256 257 260
208 257 261 260
202 257 208 260
206 207 210 260
206 210 209 262
206 259 260 262
210 260 263 262
206 260 210 262
207 208 210 260
208 211 210 264
208 210 260 264
208 260 261 264
210 260 264 263
209 210 212 262
210 213 212 266
210 212 262 266
210 262 263 266
212 262 266 265
210 211 214 264
210 214 213 266
210 263 264 266
214 264 267 266
210 264 214 266
215 216 217 268
216 218 217 271
216 217 268 271
216 268 269 271
217 268 271 270
216 219 220 272
216 220 218 271
216 269 272 271
220 272 273 271
216 272 220 271
217 218 222 271
217 222 221 274
217 270 271 274
222 271 275 274
217 271 222 274
218 220 222 271
220 223 222 276
220 222 271 276
220 271 273 276
222 271 276 275
221 222 224 274
222 225 224 278
222 224 274 278
222 274 275 278
224 274 278 277
222 223 226 276
222 226 225 278
222 275 276 278
226 276 279 278
222 276 226 278
224 225 230 278
224 230 229 280
224 277 278 280
230 278 281 280
224 278 230 280
225 226 230 278
226 231 230 282
226 230 278 282
226 278 279 282
230 278 282 281
228 229 235 280
228 235 234 284
228 283 280 284
235 280 285 284
228 280 235 284
229 230 235 280
230 236 235 286
230 235 280 286
230 280 281 286
235 280 286 285
230 231 237 282
230 237 236 286
230 281 282 286
237 282 287 286
230 282 237 286
231 233 237 282
233 238 237 289
233 237 282 289
233 282 288 289
237 282 289 287
234 235 239 284
235 240 239 291
235 239 284 291
235 284 285 291
239 284 291 290
235 236 241 286
235 241 240 291
235 285 286 291
241 286 292 291
235 286 241 291
236 237 241 286
237 242 241 293
237 241 286 293
237 286 287 293
241 286 293 292
237 238 243 289
237 243 242 293
237 287 289 293
243 289 294 293
237 289 243 293
239 240 245 291
239 245 244 295
239 290 291 295
245 291 296 295
239 291 245 295
240 241 245 291
241 246 245 297
241 245 291 297
241 291 292 297
245 291 297 296
241 242 247 293
241 247 246 297
241 292 293 297
247 293 298 297
241 293 247 297
242 243 247 293
243 248 247 299
243 247 293 299
243 293 294 299
247 293 299 298
244 245 249 295
245 250 249 301
245 249 295 301
245 295 296 301
249 295 301 300
245 246 251 297
245 251 250 301
245 296 297 301
251 297 302 301
245 297 251 301
246 247 251 297
247 252 251 303
247 251 297 303
247 297 298 303
251 297 303 302
247 248 253 299
247 253 252 303
247 298 299 303
253 299 304 303
247 299 253 303
250 251 255 301
251 256 255 306
251 255 301 306
251 301 302 306
255 301 306 305
251 252 257 303
251 257 256 306
251 302 303 306
257 303 307 306
251 303 257 306
255 256 260 306
255 260 259 308
255 305 306 308
260 306 309 308
255 306 260 308
256 257 260 306
257 261 260 310
257 260 306 310
257 306 307 310
260 306 310 309
259 260 262 308
260 263 262 312
260 262 308 312
260 308 309 312
262 308 312 311
260 261 264 310
260 264 263 312
260 309 310 312
264 310 313 312
260 310 264 312
262 263 266 312
262 266 265 314
262 311 312 314
266 312 315 314
262 312 266 314
263 264 266 312
264 267 266 316
264 266 312 316
264 312 313 316
266 312 316 315
270 271 274 317
271 275 274 320
271 274 317 320
271 317 318 320
274 317 320 319
271 273 276 321
271 276 275 320
271 318 321 320
276 321 322 320
271 321 276 320
274 275 278 320
274 278 277 323
274 319 320 323
278 320 324 323
274 320 278 323
275 276 278 320
276 279 278 325
276 278 320 325
276 320 322 325
278 320 325 324
277 278 280 323
278 281 280 327
278 280 323 327
278 323 324 327
280 323 327 326
278 279 282 325
278 282 281 327
278 324 325 327
282 325 328 327
278 325 282 327
280 281 286 327
280 286 285 329
280 326 327 329
286 327 330 329
280 327 286 329
281 282 286 327
282 287 286 331
282 286 327 331
282 327 328 331
286 327 331 330
285 286 291 329
286 292 291 333
286 291 329 333
286 329 330 333
291 329 333 332
286 287 293 331
286 293 292 333
286 330 331 333
293 331 334 333
286 331 293 333
291 292 297 333
291 297 296 335
291 332 333 335
297 333 336 335
291 333 297 335
292 293 297 333
293 298 297 337
293 297 333 337
293 333 334 337
297 333 337 336
296 297 301 335
297 302 301 339
297 301 335 339
297 335 336 339
301 335 339 338
297 298 303 337
297 303 302 339
297 336 337 339
303 337 340 339
297 337 303 339
301 302 306 339
301 306 305 341
301 338 339 341
306 339 342 341
301 339 306 341
302 303 306 339
303 307 306 343
303 306 339 343
303 339 340 343
306 339 343 342
305 306 308 341
306 309 308 345
306 308 341 345
306 341 342 345
308 341 345 344
306 307 310 343
306 310 309 345
306 342 343 345
310 343 346 345
306 343 310 345
308 309 312 345
308 312 311 347
308 344 345 347
312 345 348 347
308 345 312 347
309 310 312 345
310 313 312 349
310 312 345 349
310 345 346 349
312 345 349 348
319 320 323 350
320 324 323 353
320 323 350 353
320 350 351 353
323 350 353 352
320 322 325 354
320 325 324 353
320 351 354 353
325 354 355 353
320 354 325 353
323 324 327 353
323 327 326 356
323 352 353 356
327 353 357 356
323 353 327 356
324 325 327 353
325 328 327 358
325 327 353 358
325 353 355 358
327 353 358 357
326 327 329 356
327 330 329 360
327 329 356 360
327 356 357 360
329 356 360 359
327 328 331 358
327 331 330 360
327 357 358 360
331 358 361 360
327 358 331 360
329 330 333 360
329 333 332 362
329 359 360 362
333 360 363 362
329 360 333 362
330 331 333 360
331 334 333 364
331 333 360 364
331 360 361 364
333 360 364 363
332 333 335 362
333 336 335 366
333 335 362 366
333 362 363 366
335 362 366 365
333 334 337 364
333 337 336 366
333 363 364 366
337 364 367 366
333 364 337 366
335 336 339 366
335 339 338 368
335 365 366 368
339 366 369 368
335 366 339 368
336 337 339 366
337 340 339 370
337 339 366 370
337 366 367 370
339 366 370 369
338 339 341 368
339 342 341 372
339 341 368 372
339 368 369 372
341 368 372 371
339 340 343 370
339 343 342 372
339 369 370 372
343 370 373 372
339 370 343 372
341 342 345 372
341 345 344 374
341 371 372 374
345 372 375 374
341 372 345 374
342 343 345 372
343 346 345 376
343 345 372 376
343 372 373 376
345 372 376 375

EDGES
0 1
0 2
0 3
0 4
0 5
0 6
1 3
1 5
1 8
2 3
2 6
2 12
3 5
3 6
3 7
3 8
3 9
3 11
3 12
3 13
3 15
3 16
4 5
4 6
4 54
4 58
5 6
5 7
5 8
5 10
5 11
5 54
5 55
5 57
5 58
5 59
5 60
5 62
5 64
6 7
6 12
6 14
6 15
6 58
6 63
6 64
6 66
7 11
7 15
7 64
8 9
8 10
8 11
9 11
9 16
10 11
10 60
10 62
11 15
11 16
11 17
11 62
11 64
11 65
11 68
12 13
12 14
12 15
12 18
12 19
12 20
13 15
13 16
13 19
14 15
14 20
14 66
15 16
15 17
15 19
15 20
15 21
15 23
15 64
15 66
15 67
15 68
15 70
16 17
16 19
16 22
16 23
17 23
17 68
18 19
18 20
18 24
19 20
19 21
19 22
19 23
19 24
19 25
19 27
19 28
20 21
20 24
20 26
20 27
20 66
20 69
20 70
20 72
21 23
21 27
21 70
22 23
22 28
23 27
23 28
23 29
23 68
23 70
23 71
23 74
24 25
24 26
24 27
24 30
24 31
24 32
25 27
25 28
25 31
26 27
26 32
26 72
27 28
27 29
27 31
27 32
27 33
27 35
27 70
27 72
27 73
27 74
27 76
28 29
28 31
28 34
28 35
29 35
29 74
30 31
30 32
30 36
31 32
31 33
31 34
31 35
31 36
31 37
31 39
31 40
32 33
32 36
32 38
32 39
32 72
32 75
32 76
32 78
33 35
33 39
33 76
34 35
34 40
35 39
35 40
35 41
35 74
35 76
35 77
35 80
36 37
36 38
36 39
36 42
36 43
36 44
37 39
37 40
37 43
38 39
38 44
38 78
39 40
39 41
39 43
39 44
39 45
39 47
39 76
39 78
39 79
39 80
39 82
40 41
40 43
40 46
40 47
41 47
41 80
42 43
42 44
42 48
43 44
43 45
43 46
43 47
43 48
43 49
43 51
43 52
44 45
44 48
44 50
44 51
44 78
44 81
44 82
44 84
45 47
45 51
45 82
46 47
46 52
47 51
47 52
47 53
47 80
47 82
47 83
47 86
48 49
48 50
48 51
49 51
49 52
50 51
50 84
50 87
51 52
51 53
51 82
51 84
51 85
51 86
51 87
51 88
51 90
51 91
52 53
53 86
53 91
54 55
54 56
54 57
54 58
55 57
55 60
56 57
56 58
56 93
56 97
57 58
57 59
57 60
57 61
57 62
57 93
57 94
57 96
57 97
57 98
57 99
57 101
57 103
58 59
58 63
58 64
58 97
58 102
58 103
58 105
59 62
59 64
59 103
60 61
60 62
61 62
61 99
61 101
62 64
62 65
62 101
62 103
62 104
62 107
63 64
63 66
63 105
64 65
64 66
64 67
64 68
64 103
64 105
64 106
64 107
64 109
65 68
65 107
66 67
66 69
66 70
66 105
66 108
66 109
66 111
66 112
66 113
66 115
67 68
67 70
67 109
68 70
68 71
68 107
68 109
68 110
68 117
68 118
68 119
68 120
69 70
69 72
69 112
69 115
70 71
70 72
70 73
70 74
70 109
70 115
70 116
70 117
70 125
71 74
71 117
71 119
72 73
72 75
72 76
72 112
72 115
72 122
72 123
72 124
72 125
72 129
72 131
73 74
73 76
73 125
74 76
74 77
74 117
74 119
74 125
74 126
74 127
74 128
74 133
74 134
75 76
75 78
75 129
75 131
76 77
76 78
76 79
76 80
76 125
76 131
76 132
76 133
76 139
77 80
77 133
77 134
78 79
78 81
78 82
78 129
78 131
78 136
78 137
78 138
78 139
78 143
79 80
79 82
79 139
80 82
80 83
80 133
80 134
80 139
80 140
80 141
80 142
80 145
81 82
81 84
81 143
82 83
82 84
82 85
82 86
82 139
82 143
82 144
82 145
82 147
83 86
83 145
84 85
84 87
84 89
84 90
84 143
84 146
84 147
84 149
85 86
85 90
85 147
86 90
86 91
86 92
86 145
86 147
86 148
86 151
87 88
87 89
87 90
88 90
88 91
89 90
89 149
89 152
90 91
90 92
90 147
90 149
90 150
90 151
90 152
90 153
90 155
90 156
91 92
92 151
92 156
93 94
93 95
93 96
93 97
94 96
94 99
95 96
95 97
95 158
96 97
96 98
96 99
96 100
96 101
96 158
96 159
96 161
96 162
97 98
97 102
97 103
97 158
97 160
97 161
97 164
98 101
98 103
98 161
99 100
99 101
100 101
100 162
101 103
101 104
101 161
101 162
101 163
101 166
102 103
102 105
102 164
103 104
103 105
103 106
103 107
103 161
103 164
103 165
103 166
103 168
104 107
104 166
105 106
105 108
105 109
105 113
105 164
105 167
105 168
105 170
105 171
105 173
106 107
106 109
106 168
107 109
107 110
107 120
107 166
107 168
107 169
107 175
107 176
107 177
108 109
108 113
108 115
108 173
109 110
109 115
109 116
109 117
109 168
109 173
109 174
109 175
109 181
110 117
110 120
110 175
111 112
111 113
112 113
112 114
112 115
112 122
112 123
113 114
113 115
113 170
113 171
113 172
113 173
113 179
114 115
114 123
114 179
115 116
115 123
115 124
115 125
115 173
115 179
115 180
115 181
115 185
116 117
116 125
116 181
117 119
117 120
117 121
117 125
117 126
117 128
117 175
117 181
117 182
117 183
117 187
118 119
118 120
119 120
119 121
119 127
119 128
120 121
120 175
120 176
120 177
120 178
120 183
121 128
121 183
122 123
122 129
123 124
123 129
123 130
123 131
123 179
123 184
123 185
123 189
124 125
124 131
124 185
125 126
125 131
125 132
125 133
125 181
125 185
125 186
125 187
125 191
126 128
126 133
126 187
127 128
127 134
128 133
128 134
128 135
128 183
128 187
128 188
128 193
129 130
129 131
129 136
129 137
130 131
130 137
130 189
131 132
131 137
131 138
131 139
131 185
131 189
131 190
131 191
131 195
132 133
132 139
132 191
133 134
133 135
133 139
133 140
133 142
133 187
133 191
133 192
133 193
133 197
134 135
134 141
134 142
135 142
135 193
136 137
137 138
137 143
137 189
137 194
137 195
137 199
137 200
138 139
138 143
138 195
139 140
139 143
139 144
139 145
139 191
139 195
139 196
139 197
139 202
140 142
140 145
140 197
141 142
142 145
142 193
142 197
142 198
142 204
142 205
143 144
143 146
143 147
143 195
143 199
143 200
143 201
143 202
143 206
144 145
144 147
144 202
145 147
145 148
145 197
145 202
145 203
145 204
145 205
145 208
146 147
146 149
146 206
147 148
147 149
147 150
147 151
147 202
147 206
147 207
147 208
147 210
148 151
148 208
149 150
149 152
149 154
149 155
149 206
149 209
149 210
149 212
150 151
150 155
150 210
151 155
151 156
151 157
151 208
151 210
151 211
151 214
152 153
152 154
152 155
153 155
153 156
154 155
154 212
155 156
155 157
155 210
155 212
155 213
155 214
156 157
157 214
158 159
158 160
158 161
158 215
158 216
158 217
159 161
159 162
159 216
160 161
160 164
160 217
161 162
161 163
161 164
161 165
161 166
161 216
161 217
161 218
161 220
161 222
162 163
162 216
162 219
162 220
163 166
163 220
164 165
164 167
164 168
164 217
164 221
164 222
164 224
165 166
165 168
165 222
166 168
166 169
166 220
166 222
166 223
166 226
167 168
167 171
167 173
167 224
168 169
168 173
168 174
168 175
168 222
168 224
168 225
168 226
168 230
169 175
169 177
169 226
170 171
171 172
171 173
171 224
171 227
171 228
172 173
172 179
172 228
173 174
173 179
173 180
173 181
173 224
173 228
173 229
173 230
173 235
174 175
174 181
174 230
175 177
175 178
175 181
175 182
175 183
175 226
175 230
175 231
175 233
175 237
176 177
177 178
177 226
177 232
177 233
178 183
178 233
179 180
179 184
179 185
179 228
179 234
179 235
179 239
180 181
180 185
180 235
181 182
181 185
181 186
181 187
181 230
181 235
181 236
181 237
181 241
182 183
182 187
182 237
183 187
183 188
183 233
183 237
183 238
183 243
184 185
184 189
184 239
185 186
185 189
185 190
185 191
185 235
185 239
185 240
185 241
185 245
186 187
186 191
186 241
187 188
187 191
187 192
187 193
187 237
187 241
187 242
187 243
187 247
188 193
188 243
189 190
189 194
189 195
189 239
189 244
189 245
189 249
190 191
190 195
190 245
191 192
191 195
191 196
191 197
191 241
191 245
191 246
191 247
191 251
192 193
192 197
192 247
193 197
193 198
193 243
193 247
193 248
193 253
194 195
194 200
194 249
195 196
195 200
195 201
195 202
195 245
195 249
195 250
195 251
195 255
196 197
196 202
196 251
197 198
197 202
197 203
197 205
197 247
197 251
197 252
197 253
197 257
198 205
198 253
199 200
200 201
200 249
200 254
200 255
201 202
201 206
201 255
202 203
202 206
202 207
202 208
202 251
202 255
202 256
202 257
202 260
203 205
203 208
203 257
204 205
205 253
205 257
205 258
206 207
206 209
206 210
206 255
206 259
206 260
206 262
207 208
207 210
207 260
208 210
208 211
208 257
208 260
208 261
208 264
209 210
209 212
209 262
210 211
210 212
210 213
210 214
210 260
210 262
210 263
210 264
210 266
211 214
211 264
212 213
212 262
212 265
212 266
213 214
213 266
214 264
214 266
214 267
215 216
215 217
215 268
216 217
216 218
216 219
216 220
216 268
216 269
216 271
216 272
217 218
217 221
217 222
217 268
217 270
217 271
217 274
218 220
218 222
218 271
219 220
219 272
220 222
220 223
220 271
220 272
220 273
220 276
221 222
221 224
221 274
222 223
222 224
222 225
222 226
222 271
222 274
222 275
222 276
222 278
223 226
223 276
224 225
224 227
224 228
224 229
224 230
224 274
224 277
224 278
224 280
225 226
225 230
225 278
226 230
226 231
226 232
226 233
226 276
226 278
226 279
226 282
227 228
228 229
228 234
228 235
228 280
228 283
228 284
229 230
229 235
229 280
230 231
230 235
230 236
230 237
230 278
230 280
230 281
230 282
230 286
231 233
231 237
231 282
232 233
233 237
233 238
233 282
233 288
233 289
234 235
234 239
234 284
235 236
235 239
235 240
235 241
235 280
235 284
235 285
235 286
235 291
236 237
236 241
236 286
237 238
237 241
237 242
237 243
237 282
237 286
237 287
237 289
237 293
238 243
238 289
239 240
239 244
239 245
239 284
239 290
239 291
239 295
240 241
240 245
240 291
241 242
241 245
241 246
241 247
241 286
241 291
241 292
241 293
241 297
242 243
242 247
242 293
243 247
243 248
243 289
243 293
243 294
243 299
244 245
244 249
244 295
245 246
245 249
245 250
245 251
245 291
245 295
245 296
245 297
245 301
246 247
246 251
246 297
247 248
247 251
247 252
247 253
247 293
247 297
247 298
247 299
247 303
248 253
248 299
249 250
249 254
249 255
249 295
249 300
249 301
250 251
250 255
250 301
251 252
251 255
251 256
251 257
251 297
251 301
251 302
251 303
251 306
252 253
252 257
252 303
253 257
253 258
253 299
253 303
253 304
254 255
255 256
255 259
255 260
255 301
255 305
255 306
255 308
256 257
256 260
256 306
257 258
257 260
257 261
257 303
257 306
257 307
257 310
259 260
259 262
259 308
260 261
260 262
260 263
260 264
260 306
260 308
260 309
260 310
260 312
261 264
261 310
262 263
262 265
262 266
262 308
262 311
262 312
262 314
263 264
263 266
263 312
264 266
264 267
264 310
264 312
264 313
264 316
265 266
265 314
266 267
266 312
266 314
266 315
266 316
267 316
268 269
268 270
268 271
269 271
269 272
270 271
270 274
270 317
271 272
271 273
271 274
271 275
271 276
271 317
271 318
271 320
271 321
272 273
273 276
273 321
274 275
274 277
274 278
274 317
274 319
274 320
274 323
275 276
275 278
275 320
276 278
276 279
276 320
276 321
276 322
276 325
277 278
277 280
277 323
278 279
278 280
278 281
278 282
278 320
278 323
278 324
278 325
278 327
279 282
279 325
280 281
280 283
280 284
280 285
280 286
280 323
280 326
280 327
280 329
281 282
281 286
281 327
282 286
282 287
282 288
282 289
282 325
282 327
282 328
282 331
283 284
284 285
284 290
284 291
285 286
285 291
285 329
286 287
286 291
286 292
286 293
286 327
286 329
286 330
286 331
286 333
287 289
287 293
287 331
288 289
289 293
289 294
290 291
290 295
291 292
291 295
291 296
291 297
291 329
291 332
291 333
291 335
292 293
292 297
292 333
293 294
293 297
293 298
293 299
293 331
293 333
293 334
293 337
294 299
295 296
295 300
295 301
296 297
296 301
296 335
297 298
297 301
297 302
297 303
297 333
297 335
297 336
297 337
297 339
298 299
298 303
298 337
299 303
299 304
300 301
301 302
301 305
301 306
301 335
301 338
301 339
301 341
302 303
302 306
302 339
303 304
303 306
303 307
303 337
303 339
303 340
303 343
305 306
305 308
305 341
306 307
306 308
306 309
306 310
306 339
306 341
306 342
306 343
306 345
307 310
307 343
308 309
308 311
308 312
308 341
308 344
308 345
308 347
309 310
309 312
309 345
310 312
310 313
310 343
310 345
310 346
310 349
311 312
311 314
311 347
312 313
312 314
312 315
312 316
312 345
312 347
312 348
312 349
313 316
313 349
314 315
315 316
317 318
317 319
317 320
318 320
318 321
319 320
319 323
319 350
320 321
320 322
320 323
320 324
320 325
320 350
320 351
320 353
320 354
321 322
322 325
322 354
323 324
323 326
323 327
323 350
323 352
323 353
323 356
324 325
324 327
324 353
325 327
325 328
325 353
325 354
325 355
325 358
326 327
326 329
326 356
327 328
327 329
327 330
327 331
327 353
327 356
327 357
327 358
327 360
328 331
328 358
329 330
329 332
329 333
329 356
329 359
329 360
329 362
330 331
330 333
330 360
331 333
331 334
331 358
331 360
331 361
331 364
332 333
332 335
332 362
333 334
333 335
333 336
333 337
333 360
333 362
333 363
333 364
333 366
334 337
334 364
335 336
335 338
335 339
335 362
335 365
335 366
335 368
336 337
336 339
336 366
337 339
337 340
337 364
337 366
337 367
337 370
338 339
338 341
338 368
339 340
339 341
339 342
339 343
339 366
339 368
339 369
339 370
339 372
340 343
340 370
341 342
341 344
341 345
341 368
341 371
341 372
341 374
342 343
342 345
342 372
343 345
343 346
343 370
343 372
343 373
343 376
344 345
344 347
344 374
345 346
345 347
345 348
345 349
345 372
345 374
345 375
345 376
346 349
346 376
347 348
348 349
350 351
350 352
350 353
351 353
351 354
352 353
352 356
353 354
353 355
353 356
353 357
353 358
354 355
355 358
356 357
356 359
356 360
357 358
357 360
358 360
358 361
359 360
359 362
360 361
360 362
360 363
360 364
361 364
362 363
362 365
362 366
363 364
363 366
364 366
364 367
365 366
365 368
366 367
366 368
366 369
366 370
367 370
368 369
368 371
368 372
369 370
369 372
370 372
370 373
371 372
371 374
372 373
372 374
372 375
372 376
373 376
374 375
375 376

SURFACE_TRIANGLES
345 375 376
345 376 346
372 375 374
28 34 35
353 357 356
24 31 25
329 359 362
183 243 238
130 189 137
158 216 215
3 16 9
97 164 102
363 364 366
113 172 179
113 179 114
120 178 177
78 136 137
55 60 57
243 299 294
114 179 123
155 213 214
107 177 169
113 170 171
102 164 105
193 248 243
101 166 163
101 104 166
305 341 308
97 160 164
177 232 226
231 233 282
343 346 376
96 100 162
96 159 158
155 157 156
90 153 156
92 156 151
153 155 156
120 177 176
90 152 153
32 72 75
84 143 146
80 145 140
151 157 214
224 280 229
80 83 145
296 335 301
47 52 53
105 113 108
255 308 259
96 99 100
118 119 120
80 142 141
78 137 138
129 137 136
128 134 135
127 134 128
51 91 53
74 77 134
137 143 138
93 96 95
46 52 47
172 228 179
152 154 155
159 162 216
119 128 121
74 127 119
43 49 52
345 349 348
75 129 78
68 120 110
189 239 244
162 163 220
11 65 62
337 367 364
77 80 134
34 40 35
320 354 351
20 66 69
112 114 123
343 376 373
69 112 72
90 156 92
166 223 220
68 119 118
62 65 107
266 315 316
111 113 112
226 279 276
74 134 127
134 141 142
112 113 114
135 142 193
78 129 136
289 294 293
105 164 167
352 353 356
6 58 63
123 184 189
54 57 56
368 369 372
128 135 193
44 84 50
23 28 29
137 199 143
107 120 176
57 60 61
78 138 143
179 239 184
87 89 90
63 105 66
239 295 244
301 338 341
40 47 41
23 71 68
80 141 134
10 62 60
100 101 162
81 143 84
10 11 62
264 316 313
4 54 58
38 78 44
57 99 94
43 52 46
42 44 48
145 205 204
56 97 58
262 311 314
40 43 46
37 43 40
51 88 91
5 60 55
162 219 216
32 78 38
0 3 1
89 149 152
36 43 37
95 96 158
32 38 36
48 50 51
31 37 40
276 325 322
146 206 149
31 40 34
18 20 24
3 12 13
5 55 54
282 328 325
71 74 119
66 111 112
6 63 66
5 10 60
268 271 270
30 36 31
265 314 266
112 123 122
24 26 32
60 62 61
83 86 145
66 108 113
137 189 194
56 57 93
86 92 151
99 101 100
29 35 74
16 23 17
298 303 337
3 13 16
54 56 58
49 51 52
11 68 65
107 169 166
179 234 239
123 130 129
48 51 49
66 112 69
9 16 11
16 19 22
6 14 12
86 151 148
72 112 122
217 268 270
58 102 105
44 50 48
372 376 375
162 220 219
90 92 91
101 163 162
220 223 276
310 313 349
22 28 23
0 6 2
357 358 360
134 142 135
36 38 44
35 40 41
25 31 28
8 9 11
105 171 170
96 162 159
155 212 213
20 26 24
123 189 130
50 84 87
20 72 26
12 19 13
345 346 349
205 257 258
2 6 12
95 158 97
43 48 49
200 254 255
0 5 4
1 3 8
28 31 34
88 90 91
84 149 89
1 8 5
0 1 5
280 284 283
350 351 353
341 368 371
12 20 18
3 9 8
105 167 171
42 48 43
123 179 184
221 274 224
18 24 19
0 4 6
282 331 328
36 42 43
249 255 254
149 154 152
219 220 272
16 22 23
122 123 129
11 16 17
5 8 10
66 113 111
4 58 6
28 35 29
24 32 30
19 24 25
72 122 129
213 266 214
368 372 371
6 66 14
120 121 183
78 143 81
329 356 359
87 90 88
14 66 20
11 17 68
224 274 277
47 83 80
0 2 3
177 233 232
23 74 71
17 23 68
142 198 193
35 80 77
50 87 51
30 32 36
20 69 72
345 374 375
167 224 171
337 340 370
344 345 347
155 214 157
335 362 365
23 29 74
58 97 102
370 373 372
360 361 364
26 72 32
84 89 87
252 253 257
331 364 361
35 77 74
12 14 20
282 287 331
32 75 78
2 12 3
89 152 90
345 348 347
249 300 301
19 28 22
44 78 81
143 200 201
320 321 322
51 53 52
35 41 80
107 110 120
183 238 233
44 81 84
312 349 313
208 264 261
68 118 120
41 47 80
105 170 113
40 46 47
291 296 295
284 291 290
293 299 298
93 94 96
47 86 83
65 68 107
51 87 88
56 93 97
343 373 370
12 18 19
57 94 93
93 95 97
72 129 75
68 110 107
119 127 128
200 249 254
274 319 323
128 188 183
129 130 137
325 328 358
163 166 220
61 62 101
253 258 257
62 104 101
58 105 63
137 200 199
61 101 99
53 91 86
266 314 315
262 314 265
137 194 200
86 148 145
13 19 16
301 341 305
323 356 326
220 276 273
140 145 142
8 11 10
142 145 204
142 205 198
183 188 243
145 203 205
255 305 308
143 201 206
145 148 208
171 224 227
145 208 203
295 296 301
206 259 262
149 206 209
148 151 208
271 318 317
151 211 208
158 217 160
149 212 154
154 212 155
149 209 212
151 214 211
158 159 216
158 215 217
113 171 172
121 128 183
119 121 120
360 364 363
143 206 146
164 217 221
84 146 149
369 370 372
280 326 329
120 183 178
164 224 167
164 221 224
338 368 341
166 226 223
312 316 315
171 228 172
224 228 227
264 267 316
224 229 228
169 177 226
270 271 317
177 178 233
226 232 233
143 199 200
226 233 231
179 228 234
259 308 262
189 249 194
193 198 253
166 169 226
226 231 282
178 183 233
282 289 287
284 285 291
341 371 374
184 239 189
152 155 153
171 227 228
160 217 164
307 310 343
335 365 368
188 193 243
189 244 249
319 320 350
142 204 205
193 253 248
31 36 37
66 105 108
194 249 200
200 255 201
249 250 255
325 355 354
107 176 177
238 243 289
198 205 253
280 329 285
205 258 253
201 255 206
206 255 259
203 208 257
208 261 257
276 322 321
220 273 272
206 262 209
208 211 264
212 266 213
266 316 267
212 262 265
214 266 267
212 265 266
211 214 264
214 267 264
215 268 217
216 269 268
268 269 271
216 272 269
104 107 166
68 71 119
269 272 271
271 272 273
217 274 221
4 5 54
249 295 300
341 374 344
86 91 92
224 277 280
299 304 303
340 343 370
226 282 279
228 229 280
228 284 234
228 280 283
249 301 250
228 283 284
356 357 360
362 363 366
233 238 289
233 288 282
353 355 358
233 289 288
282 288 289
234 284 239
356 360 359
335 368 338
239 284 290
287 289 293
243 294 289
239 290 295
290 291 295
298 299 303
243 248 299
62 107 104
293 294 299
372 373 376
271 273 321
244 295 249
80 140 142
303 307 343
248 253 299
253 304 299
253 303 304
250 301 255
255 301 305
252 257 303
257 307 303
151 156 157
257 310 307
262 308 311
261 264 310
264 313 310
353 354 355
216 219 272
311 312 314
312 315 314
217 270 274
215 216 268
312 313 316
270 317 274
94 99 96
317 318 320
274 317 319
209 262 212
317 320 319
273 276 321
271 321 318
318 321 320
274 323 277
24 30 31
276 279 325
257 261 310
277 323 280
295 301 300
291 335 296
280 323 326
328 331 358
285 329 291
311 347 312
291 329 332
287 293 331
293 334 331
47 53 86
291 332 335
128 193 188
344 374 345
293 298 337
279 282 325
293 337 334
312 348 349
301 335 338
303 340 337
319 350 323
57 61 99
303 343 340
97 158 160
280 285 284
308 341 344
310 346 343
308 347 311
308 344 347
19 25 28
310 349 346
350 353 352
320 322 354
322 325 354
252 303 253
351 354 353
323 352 356
325 358 355
353 358 357
326 356 329
331 361 358
358 361 360
329 362 332
312 347 348
332 362 335
359 360 362
320 351 350
360 363 362
203 257 205
331 334 364
323 350 352
362 366 365
334 337 364
36 44 42
364 367 366
365 366 368
366 369 368
337 370 367
54 55 57
366 367 370
366 370 369
223 226 276
371 372 374
