# Direct voxel-based tetrahedral mesh (5 tets per cube)
# Grid: 10×10×10
# Voxels processed: 232
# Cubes: 232
# Vertices: 413
# Tetrahedra: 1160

VERTICES
-2.585035 -1.075277 -0.550246
-2.585035 -1.075277 0.093319
-2.585035 -1.075277 0.736885
-2.585035 -0.431711 -1.837378
-2.585035 -0.431711 -1.193812
-2.585035 -0.431711 -0.550246
-2.585035 -0.431711 0.093319
-2.585035 -0.431711 0.736885
-2.585035 0.211854 -1.837378
-2.585035 0.211854 -1.193812
-2.585035 0.211854 -0.550246
-2.585035 0.211854 0.093319
-2.585035 0.211854 0.736885
-2.585035 0.855420 -1.837378
-2.585035 0.855420 -1.193812
-2.585035 0.855420 -0.550246
-2.585035 0.855420 0.093319
-2.585035 0.855420 0.736885
-2.585035 1.498986 -1.837378
-2.585035 1.498986 -1.193812
-2.585035 1.498986 -0.550246
-2.585035 1.498986 0.093319
-2.585035 1.498986 0.736885
-2.585035 2.142552 -1.193812
-2.585035 2.142552 -0.550246
-2.585035 2.142552 0.093319
-2.585035 2.142552 0.736885
-1.941469 -1.718843 -1.193812
-1.941469 -1.718843 -0.550246
-1.941469 -1.718843 0.093319
-1.941469 -1.718843 0.736885
-1.941469 -1.075277 -2.480944
-1.941469 -1.075277 -1.837378
-1.941469 -1.075277 -1.193812
-1.941469 -1.075277 -0.550246
-1.941469 -1.075277 0.093319
-1.941469 -1.075277 0.736885
-1.941469 -1.075277 1.380451
-1.941469 -0.431711 -3.124509
-1.941469 -0.431711 -2.480944
-1.941469 -0.431711 -1.837378
-1.941469 -0.431711 -1.193812
-1.941469 -0.431711 -0.550246
-1.941469 -0.431711 0.093319
-1.941469 -0.431711 0.736885
-1.941469 -0.431711 1.380451
-1.941469 0.211854 -3.124509
-1.941469 0.211854 -2.480944
-1.941469 0.211854 -1.837378
-1.941469 0.211854 -1.193812
-1.941469 0.211854 -0.550246
-1.941469 0.211854 0.093319
-1.941469 0.211854 0.736885
-1.941469 0.211854 1.380451
-1.941469 0.855420 -3.124509
-1.941469 0.855420 -2.480944
-1.941469 0.855420 -1.837378
-1.941469 0.855420 -1.193812
-1.941469 0.855420 -0.550246
-1.941469 0.855420 0.093319
-1.941469 0.855420 0.736885
-1.941469 0.855420 1.380451
-1.941469 1.498986 -3.124509
-1.941469 1.498986 -2.480944
-1.941469 1.498986 -1.837378
-1.941469 1.498986 -1.193812
-1.941469 1.498986 -0.550246
-1.941469 1.498986 0.093319
-1.941469 1.498986 0.736885
-1.941469 1.498986 1.380451
-1.941469 2.142552 -2.480944
-1.941469 2.142552 -1.837378
-1.941469 2.142552 -1.193812
-1.941469 2.142552 -0.550246
-1.941469 2.142552 0.093319
-1.941469 2.142552 0.736885
-1.941469 2.142552 1.380451
-1.941469 2.786118 -1.193812
-1.941469 2.786118 -0.550246
-1.941469 2.786118 0.093319
-1.297904 -2.362409 -0.550246
-1.297904 -2.362409 0.093319
-1.297904 -2.362409 0.736885
-1.297904 -1.718843 -1.837378
-1.297904 -1.718843 -1.193812
-1.297904 -1.718843 -0.550246
-1.297904 -1.718843 0.093319
-1.297904 -1.718843 0.736885
-1.297904 -1.718843 1.380451
-1.297904 -1.075277 -2.480944
-1.297904 -1.075277 -1.837378
-1.297904 -1.075277 -1.193812
-1.297904 -1.075277 -0.550246
-1.297904 -1.075277 0.093319
-1.297904 -1.075277 0.736885
-1.297904 -1.075277 1.380451
-1.297904 -0.431711 -3.124509
-1.297904 -0.431711 -2.480944
-1.297904 -0.431711 -1.837378
-1.297904 -0.431711 -1.193812
-1.297904 -0.431711 -0.550246
-1.297904 -0.431711 0.093319
-1.297904 -0.431711 0.736885
-1.297904 -0.431711 1.380451
-1.297904 -0.431711 2.024017
-1.297904 0.211854 -3.124509
-1.297904 0.211854 -2.480944
-1.297904 0.211854 -1.837378
-1.297904 0.211854 -1.193812
-1.297904 0.211854 -0.550246
-1.297904 0.211854 0.093319
-1.297904 0.211854 0.736885
-1.297904 0.211854 1.380451
-1.297904 0.211854 2.024017
-1.297904 0.855420 -3.124509
-1.297904 0.855420 -2.480944
-1.297904 0.855420 -1.837378
-1.297904 0.855420 -1.193812
-1.297904 0.855420 -0.550246
-1.297904 0.855420 0.093319
-1.297904 0.855420 0.736885
-1.297904 0.855420 1.380451
-1.297904 0.855420 2.024017
-1.297904 1.498986 -3.124509
-1.297904 1.498986 -2.480944
-1.297904 1.498986 -1.837378
-1.297904 1.498986 -1.193812
-1.297904 1.498986 -0.550246
-1.297904 1.498986 0.093319
-1.297904 1.498986 0.736885
-1.297904 1.498986 1.380451
-1.297904 2.142552 -2.480944
-1.297904 2.142552 -1.837378
-1.297904 2.142552 -1.193812
-1.297904 2.142552 -0.550246
-1.297904 2.142552 0.093319
-1.297904 2.142552 0.736885
-1.297904 2.142552 1.380451
-1.297904 2.786118 -1.193812
-1.297904 2.786118 -0.550246
-1.297904 2.786118 0.093319
-1.297904 2.786118 0.736885
-0.654338 -2.362409 -0.550246
-0.654338 -2.362409 0.093319
-0.654338 -2.362409 0.736885
-0.654338 -2.362409 1.380451
-0.654338 -1.718843 -1.837378
-0.654338 -1.718843 -1.193812
-0.654338 -1.718843 -0.550246
-0.654338 -1.718843 0.093319
-0.654338 -1.718843 0.736885
-0.654338 -1.718843 1.380451
-0.654338 -1.075277 -2.480944
-0.654338 -1.075277 -1.837378
-0.654338 -1.075277 -1.193812
-0.654338 -1.075277 -0.550246
-0.654338 -1.075277 0.093319
-0.654338 -1.075277 0.736885
-0.654338 -1.075277 1.380451
-0.654338 -1.075277 2.024017
-0.654338 -0.431711 -3.124509
-0.654338 -0.431711 -2.480944
-0.654338 -0.431711 -1.837378
-0.654338 -0.431711 -1.193812
-0.654338 -0.431711 -0.550246
-0.654338 -0.431711 0.093319
-0.654338 -0.431711 0.736885
-0.654338 -0.431711 1.380451
-0.654338 -0.431711 2.024017
-0.654338 0.211854 -3.124509
-0.654338 0.211854 -2.480944
-0.654338 0.211854 -1.837378
-0.654338 0.211854 -1.193812
-0.654338 0.211854 -0.550246
-0.654338 0.211854 0.093319
-0.654338 0.211854 0.736885
-0.654338 0.211854 1.380451
-0.654338 0.211854 2.024017
-0.654338 0.855420 -3.124509
-0.654338 0.855420 -2.480944
-0.654338 0.855420 -1.837378
-0.654338 0.855420 -1.193812
-0.654338 0.855420 -0.550246
-0.654338 0.855420 0.093319
-0.654338 0.855420 0.736885
-0.654338 0.855420 1.380451
-0.654338 0.855420 2.024017
-0.654338 1.498986 -3.124509
-0.654338 1.498986 -2.480944
-0.654338 1.498986 -1.837378
-0.654338 1.498986 -1.193812
-0.654338 1.498986 -0.550246
-0.654338 1.498986 0.093319
-0.654338 1.498986 0.736885
-0.654338 1.498986 1.380451
-0.654338 2.142552 -2.480944
-0.654338 2.142552 -1.837378
-0.654338 2.142552 -1.193812
-0.654338 2.142552 -0.550246
-0.654338 2.142552 0.093319
-0.654338 2.142552 0.736885
-0.654338 2.142552 1.380451
-0.654338 2.786118 -1.193812
-0.654338 2.786118 -0.550246
-0.654338 2.786118 0.093319
-0.654338 2.786118 0.736885
-0.010772 -2.362409 -0.550246
-0.010772 -2.362409 0.093319
-0.010772 -2.362409 0.736885
-0.010772 -2.362409 1.380451
-0.010772 -1.718843 -1.837378
-0.010772 -1.718843 -1.193812
-0.010772 -1.718843 -0.550246
-0.010772 -1.718843 0.093319
-0.010772 -1.718843 0.736885
-0.010772 -1.718843 1.380451
-0.010772 -1.718843 2.024017
-0.010772 -1.075277 -2.480944
-0.010772 -1.075277 -1.837378
-0.010772 -1.075277 -1.193812
-0.010772 -1.075277 -0.550246
-0.010772 -1.075277 0.093319
-0.010772 -1.075277 0.736885
-0.010772 -1.075277 1.380451
-0.010772 -1.075277 2.024017
-0.010772 -0.431711 -2.480944
-0.010772 -0.431711 -1.837378
-0.010772 -0.431711 -1.193812
-0.010772 -0.431711 -0.550246
-0.010772 -0.431711 0.093319
-0.010772 -0.431711 0.736885
-0.010772 -0.431711 1.380451
-0.010772 -0.431711 2.024017
-0.010772 0.211854 -1.837378
-0.010772 0.211854 -1.193812
-0.010772 0.211854 -0.550246
-0.010772 0.211854 0.093319
-0.010772 0.211854 0.736885
-0.010772 0.211854 1.380451
-0.010772 0.211854 2.024017
-0.010772 0.855420 -1.837378
-0.010772 0.855420 -1.193812
-0.010772 0.855420 -0.550246
-0.010772 0.855420 0.093319
-0.010772 0.855420 0.736885
-0.010772 0.855420 1.380451
-0.010772 0.855420 2.024017
-0.010772 1.498986 -1.837378
-0.010772 1.498986 -1.193812
-0.010772 1.498986 -0.550246
-0.010772 1.498986 0.093319
-0.010772 1.498986 0.736885
-0.010772 1.498986 1.380451
-0.010772 2.142552 -1.193812
-0.010772 2.142552 -0.550246
-0.010772 2.142552 0.093319
-0.010772 2.142552 0.736885
-0.010772 2.142552 1.380451
-0.010772 2.786118 -1.193812
-0.010772 2.786118 -0.550246
-0.010772 2.786118 0.093319
-0.010772 2.786118 0.736885
0.632794 -2.362409 -0.550246
0.632794 -2.362409 0.093319
0.632794 -2.362409 0.736885
0.632794 -2.362409 1.380451
0.632794 -1.718843 -1.193812
0.632794 -1.718843 -0.550246
0.632794 -1.718843 0.093319
0.632794 -1.718843 0.736885
0.632794 -1.718843 1.380451
0.632794 -1.718843 2.024017
0.632794 -1.075277 -1.193812
0.632794 -1.075277 -0.550246
0.632794 -1.075277 0.093319
0.632794 -1.075277 0.736885
0.632794 -1.075277 1.380451
0.632794 -1.075277 2.024017
0.632794 -0.431711 -1.193812
0.632794 -0.431711 -0.550246
0.632794 -0.431711 0.093319
0.632794 -0.431711 0.736885
0.632794 -0.431711 1.380451
0.632794 -0.431711 2.024017
0.632794 0.211854 -1.193812
0.632794 0.211854 -0.550246
0.632794 0.211854 0.093319
0.632794 0.211854 0.736885
0.632794 0.211854 1.380451
0.632794 0.211854 2.024017
0.632794 0.855420 -1.193812
0.632794 0.855420 -0.550246
0.632794 0.855420 0.093319
0.632794 0.855420 0.736885
0.632794 0.855420 1.380451
0.632794 0.855420 2.024017
0.632794 1.498986 -1.193812
0.632794 1.498986 -0.550246
0.632794 1.498986 0.093319
0.632794 1.498986 0.736885
0.632794 1.498986 1.380451
0.632794 2.142552 -0.550246
0.632794 2.142552 0.093319
0.632794 2.142552 0.736885
0.632794 2.142552 1.380451
1.276360 -2.362409 -0.550246
1.276360 -2.362409 0.093319
1.276360 -2.362409 0.736885
1.276360 -2.362409 1.380451
1.276360 -1.718843 -0.550246
1.276360 -1.718843 0.093319
1.276360 -1.718843 0.736885
1.276360 -1.718843 1.380451
1.276360 -1.718843 2.024017
1.276360 -1.075277 -0.550246
1.276360 -1.075277 0.093319
1.276360 -1.075277 0.736885
1.276360 -1.075277 1.380451
1.276360 -1.075277 2.024017
1.276360 -0.431711 -0.550246
1.276360 -0.431711 0.093319
1.276360 -0.431711 0.736885
1.276360 -0.431711 1.380451
1.276360 -0.431711 2.024017
1.276360 0.211854 -1.193812
1.276360 0.211854 -0.550246
1.276360 0.211854 0.093319
1.276360 0.211854 0.736885
1.276360 0.211854 1.380451
1.276360 0.211854 2.024017
1.276360 0.855420 -1.193812
1.276360 0.855420 -0.550246
1.276360 0.855420 0.093319
1.276360 0.855420 0.736885
1.276360 0.855420 1.380451
1.276360 0.855420 2.024017
1.276360 1.498986 -0.550246
1.276360 1.498986 0.093319
1.276360 1.498986 0.736885
1.276360 1.498986 1.380451
1.919925 -1.718843 -0.550246
1.919925 -1.718843 0.093319
1.919925 -1.718843 0.736885
1.919925 -1.718843 1.380451
1.919925 -1.718843 2.024017
1.919925 -1.075277 -0.550246
1.919925 -1.075277 0.093319
1.919925 -1.075277 0.736885
1.919925 -1.075277 1.380451
1.919925 -1.075277 2.024017
1.919925 -0.431711 -0.550246
1.919925 -0.431711 0.093319
1.919925 -0.431711 0.736885
1.919925 -0.431711 1.380451
1.919925 -0.431711 2.024017
1.919925 0.211854 -0.550246
1.919925 0.211854 0.093319
1.919925 0.211854 0.736885
1.919925 0.211854 1.380451
1.919925 0.211854 2.024017
1.919925 0.855420 -0.550246
1.919925 0.855420 0.093319
1.919925 0.855420 0.736885
1.919925 0.855420 1.380451
1.919925 0.855420 2.024017
2.563491 -1.718843 0.093319
2.563491 -1.718843 0.736885
2.563491 -1.718843 1.380451
2.563491 -1.718843 2.024017
2.563491 -1.075277 0.093319
2.563491 -1.075277 0.736885
2.563491 -1.075277 1.380451
2.563491 -1.075277 2.024017
2.563491 -0.431711 0.093319
2.563491 -0.431711 0.736885
2.563491 -0.431711 1.380451
2.563491 -0.431711 2.024017
2.563491 0.211854 0.093319
2.563491 0.211854 0.736885
2.563491 0.211854 1.380451
2.563491 0.211854 2.024017
2.563491 0.855420 0.093319
2.563491 0.855420 0.736885
2.563491 0.855420 1.380451
3.207057 -1.718843 0.093319
3.207057 -1.718843 0.736885
3.207057 -1.718843 1.380451
3.207057 -1.075277 0.093319
3.207057 -1.075277 0.736885
3.207057 -1.075277 1.380451
3.207057 -0.431711 0.093319
3.207057 -0.431711 0.736885
3.207057 -0.431711 1.380451
3.207057 0.211854 0.093319
3.207057 0.211854 0.736885
3.207057 0.211854 1.380451
3.207057 0.855420 0.093319
3.207057 0.855420 0.736885
3.207057 0.855420 1.380451
3.850622 -1.718843 0.093319
3.850622 -1.718843 0.736885
3.850622 -1.718843 1.380451
3.850622 -1.075277 0.093319
3.850622 -1.075277 0.736885
3.850622 -1.075277 1.380451
3.850622 -0.431711 0.093319
3.850622 -0.431711 0.736885
3.850622 -0.431711 1.380451
3.850622 0.211854 0.093319
3.850622 0.211854 0.736885
3.850622 0.211854 1.380451
3.850622 0.855420 0.736885
3.850622 0.855420 1.380451

TETRAHEDRA
0 34 5 1
34 42 5 43
34 5 1 43
34 1 35 43
5 1 43 6
1 35 43 36
1 43 6 7
1 2 36 7
43 36 44 7
1 36 43 7
3 40 48 41
3 48 8 9
3 4 41 9
48 41 49 9
3 41 48 9
4 41 9 5
41 49 9 50
41 9 5 50
41 5 42 50
9 5 50 10
5 42 50 43
5 50 10 11
5 6 43 11
50 43 51 11
5 43 50 11
6 43 11 7
43 51 11 52
43 11 7 52
43 7 44 52
11 7 52 12
8 48 13 9
48 56 13 57
48 13 9 57
48 9 49 57
13 9 57 14
9 49 57 50
9 57 14 15
9 10 50 15
57 50 58 15
9 50 57 15
10 50 15 11
50 58 15 59
50 15 11 59
50 11 51 59
15 11 59 16
11 51 59 52
11 59 16 17
11 12 52 17
59 52 60 17
11 52 59 17
13 56 64 57
13 64 18 19
13 14 57 19
64 57 65 19
13 57 64 19
14 57 19 15
57 65 19 66
57 19 15 66
57 15 58 66
19 15 66 20
15 58 66 59
15 66 20 21
15 16 59 21
66 59 67 21
15 59 66 21
16 59 21 17
59 67 21 68
59 21 17 68
59 17 60 68
21 17 68 22
19 65 72 66
19 72 23 24
19 20 66 24
72 66 73 24
19 66 72 24
20 66 24 21
66 73 24 74
66 24 21 74
66 21 67 74
24 21 74 25
21 67 74 68
21 74 25 26
21 22 68 26
74 68 75 26
21 68 74 26
27 84 91 85
27 91 33 34
27 28 85 34
91 85 92 34
27 85 91 34
28 85 34 29
85 92 34 93
85 34 29 93
85 29 86 93
34 29 93 35
29 86 93 87
29 93 35 36
29 30 87 36
93 87 94 36
29 87 93 36
31 89 39 32
89 97 39 98
89 39 32 98
89 32 90 98
39 32 98 40
32 90 98 91
32 98 40 41
32 33 91 41
98 91 99 41
32 91 98 41
33 91 41 34
91 99 41 100
91 41 34 100
91 34 92 100
41 34 100 42
34 92 100 93
34 100 42 43
34 35 93 43
100 93 101 43
34 93 100 43
35 93 43 36
93 101 43 102
93 43 36 102
93 36 94 102
43 36 102 44
36 94 102 95
36 102 44 45
36 37 95 45
102 95 103 45
36 95 102 45
38 96 46 39
96 105 46 106
96 46 39 106
96 39 97 106
46 39 106 47
39 97 106 98
39 106 47 48
39 40 98 48
106 98 107 48
39 98 106 48
40 98 48 41
98 107 48 108
98 48 41 108
98 41 99 108
48 41 108 49
41 99 108 100
41 108 49 50
41 42 100 50
108 100 109 50
41 100 108 50
42 100 50 43
100 109 50 110
100 50 43 110
100 43 101 110
50 43 110 51
43 101 110 102
43 110 51 52
43 44 102 52
110 102 111 52
43 102 110 52
44 102 52 45
102 111 52 112
102 52 45 112
102 45 103 112
52 45 112 53
46 105 114 106
46 114 54 55
46 47 106 55
114 106 115 55
46 106 114 55
47 106 55 48
106 115 55 116
106 55 48 116
106 48 107 116
55 48 116 56
48 107 116 108
48 116 56 57
48 49 108 57
116 108 117 57
48 108 116 57
49 108 57 50
108 117 57 118
108 57 50 118
108 50 109 118
57 50 118 58
50 109 118 110
50 118 58 59
50 51 110 59
118 110 119 59
50 110 118 59
51 110 59 52
110 119 59 120
110 59 52 120
110 52 111 120
59 52 120 60
52 111 120 112
52 120 60 61
52 53 112 61
120 112 121 61
52 112 120 61
54 114 62 55
114 123 62 124
114 62 55 124
114 55 115 124
62 55 124 63
55 115 124 116
55 124 63 64
55 56 116 64
124 116 125 64
55 116 124 64
56 116 64 57
116 125 64 126
116 64 57 126
116 57 117 126
64 57 126 65
57 117 126 118
57 126 65 66
57 58 118 66
126 118 127 66
57 118 126 66
58 118 66 59
118 127 66 128
118 66 59 128
118 59 119 128
66 59 128 67
59 119 128 120
59 128 67 68
59 60 120 68
128 120 129 68
59 120 128 68
60 120 68 61
120 129 68 130
120 68 61 130
120 61 121 130
68 61 130 69
63 124 70 64
124 131 70 132
124 70 64 132
124 64 125 132
70 64 132 71
64 125 132 126
64 132 71 72
64 65 126 72
132 126 133 72
64 126 132 72
65 126 72 66
126 133 72 134
126 72 66 134
126 66 127 134
72 66 134 73
66 127 134 128
66 134 73 74
66 67 128 74
134 128 135 74
66 128 134 74
67 128 74 68
128 135 74 136
128 74 68 136
128 68 129 136
74 68 136 75
68 129 136 130
68 136 75 76
68 69 130 76
136 130 137 76
68 130 136 76
72 133 138 134
72 138 77 78
72 73 134 78
138 134 139 78
72 134 138 78
73 134 78 74
134 139 78 140
134 78 74 140
134 74 135 140
78 74 140 79
80 142 85 81
142 148 85 149
142 85 81 149
142 81 143 149
85 81 149 86
81 143 149 144
81 149 86 87
81 82 144 87
149 144 150 87
81 144 149 87
83 146 153 147
83 153 90 91
83 84 147 91
153 147 154 91
83 147 153 91
84 147 91 85
147 154 91 155
147 91 85 155
147 85 148 155
91 85 155 92
85 148 155 149
85 155 92 93
85 86 149 93
155 149 156 93
85 149 155 93
86 149 93 87
149 156 93 157
149 93 87 157
149 87 150 157
93 87 157 94
87 150 157 151
87 157 94 95
87 88 151 95
157 151 158 95
87 151 157 95
89 152 161 153
89 161 97 98
89 90 153 98
161 153 162 98
89 153 161 98
90 153 98 91
153 162 98 163
153 98 91 163
153 91 154 163
98 91 163 99
91 154 163 155
91 163 99 100
91 92 155 100
163 155 164 100
91 155 163 100
92 155 100 93
155 164 100 165
155 100 93 165
155 93 156 165
100 93 165 101
93 156 165 157
93 165 101 102
93 94 157 102
165 157 166 102
93 157 165 102
94 157 102 95
157 166 102 167
157 102 95 167
157 95 158 167
102 95 167 103
96 160 169 161
96 169 105 106
96 97 161 106
169 161 170 106
96 161 169 106
97 161 106 98
161 170 106 171
161 106 98 171
161 98 162 171
106 98 171 107
98 162 171 163
98 171 107 108
98 99 163 108
171 163 172 108
98 163 171 108
99 163 108 100
163 172 108 173
163 108 100 173
163 100 164 173
108 100 173 109
100 164 173 165
100 173 109 110
100 101 165 110
173 165 174 110
100 165 173 110
101 165 110 102
165 174 110 175
165 110 102 175
165 102 166 175
110 102 175 111
102 166 175 167
102 175 111 112
102 103 167 112
175 167 176 112
102 167 175 112
103 167 112 104
167 176 112 177
167 112 104 177
167 104 168 177
112 104 177 113
105 169 114 106
169 178 114 179
169 114 106 179
169 106 170 179
114 106 179 115
106 170 179 171
106 179 115 116
106 107 171 116
179 171 180 116
106 171 179 116
107 171 116 108
171 180 116 181
171 116 108 181
171 108 172 181
116 108 181 117
108 172 181 173
108 181 117 118
108 109 173 118
181 173 182 118
108 173 181 118
109 173 118 110
173 182 118 183
173 118 110 183
173 110 174 183
118 110 183 119
110 174 183 175
110 183 119 120
110 111 175 120
183 175 184 120
110 175 183 120
111 175 120 112
175 184 120 185
175 120 112 185
175 112 176 185
120 112 185 121
112 176 185 177
112 185 121 122
112 113 177 122
185 177 186 122
112 177 185 122
114 178 187 179
114 187 123 124
114 115 179 124
187 179 188 124
114 179 187 124
115 179 124 116
179 188 124 189
179 124 116 189
179 116 180 189
124 116 189 125
116 180 189 181
116 189 125 126
116 117 181 126
189 181 190 126
116 181 189 126
117 181 126 118
181 190 126 191
181 126 118 191
181 118 182 191
126 118 191 127
118 182 191 183
118 191 127 128
118 119 183 128
191 183 192 128
118 183 191 128
119 183 128 120
183 192 128 193
183 128 120 193
183 120 184 193
128 120 193 129
120 184 193 185
120 193 129 130
120 121 185 130
193 185 194 130
120 185 193 130
124 188 195 189
124 195 131 132
124 125 189 132
195 189 196 132
124 189 195 132
125 189 132 126
189 196 132 197
189 132 126 197
189 126 190 197
132 126 197 133
126 190 197 191
126 197 133 134
126 127 191 134
197 191 198 134
126 191 197 134
127 191 134 128
191 198 134 199
191 134 128 199
191 128 192 199
134 128 199 135
128 192 199 193
128 199 135 136
128 129 193 136
199 193 200 136
128 193 199 136
129 193 136 130
193 200 136 201
193 136 130 201
193 130 194 201
136 130 201 137
133 197 138 134
197 202 138 203
197 138 134 203
197 134 198 203
138 134 203 139
134 198 203 199
134 203 139 140
134 135 199 140
203 199 204 140
134 199 203 140
135 199 140 136
199 204 140 205
199 140 136 205
199 136 200 205
140 136 205 141
142 206 212 207
142 212 148 149
142 143 207 149
212 207 213 149
142 207 212 149
143 207 149 144
207 213 149 214
207 149 144 214
207 144 208 214
149 144 214 150
144 208 214 209
144 214 150 151
144 145 209 151
214 209 215 151
144 209 214 151
146 210 153 147
210 218 153 219
210 153 147 219
210 147 211 219
153 147 219 154
147 211 219 212
147 219 154 155
147 148 212 155
219 212 220 155
147 212 219 155
148 212 155 149
212 220 155 221
212 155 149 221
212 149 213 221
155 149 221 156
149 213 221 214
149 221 156 157
149 150 214 157
221 214 222 157
149 214 221 157
150 214 157 151
214 222 157 223
214 157 151 223
214 151 215 223
157 151 223 158
152 217 161 153
217 225 161 226
217 161 153 226
217 153 218 226
161 153 226 162
153 218 226 219
153 226 162 163
153 154 219 163
226 219 227 163
153 219 226 163
154 219 163 155
219 227 163 228
219 163 155 228
219 155 220 228
163 155 228 164
155 220 228 221
155 228 164 165
155 156 221 165
228 221 229 165
155 221 228 165
156 221 165 157
221 229 165 230
221 165 157 230
221 157 222 230
165 157 230 166
157 222 230 223
157 230 166 167
157 158 223 167
230 223 231 167
157 223 230 167
158 223 167 159
223 231 167 232
223 167 159 232
223 159 224 232
167 159 232 168
162 226 171 163
226 233 171 234
226 171 163 234
226 163 227 234
171 163 234 172
163 227 234 228
163 234 172 173
163 164 228 173
234 228 235 173
163 228 234 173
164 228 173 165
228 235 173 236
228 173 165 236
228 165 229 236
173 165 236 174
165 229 236 230
165 236 174 175
165 166 230 175
236 230 237 175
165 230 236 175
166 230 175 167
230 237 175 238
230 175 167 238
230 167 231 238
175 167 238 176
167 231 238 232
167 238 176 177
167 168 232 177
238 232 239 177
167 232 238 177
171 233 240 234
171 240 180 181
171 172 234 181
240 234 241 181
171 234 240 181
172 234 181 173
234 241 181 242
234 181 173 242
234 173 235 242
181 173 242 182
173 235 242 236
173 242 182 183
173 174 236 183
242 236 243 183
173 236 242 183
174 236 183 175
236 243 183 244
236 183 175 244
236 175 237 244
183 175 244 184
175 237 244 238
175 244 184 185
175 176 238 185
244 238 245 185
175 238 244 185
176 238 185 177
238 245 185 246
238 185 177 246
238 177 239 246
185 177 246 186
180 240 189 181
240 247 189 248
240 189 181 248
240 181 241 248
189 181 248 190
181 241 248 242
181 248 190 191
181 182 242 191
248 242 249 191
181 242 248 191
182 242 191 183
242 249 191 250
242 191 183 250
242 183 243 250
191 183 250 192
183 243 250 244
183 250 192 193
183 184 244 193
250 244 251 193
183 244 250 193
184 244 193 185
244 251 193 252
244 193 185 252
244 185 245 252
193 185 252 194
190 248 197 191
248 253 197 254
248 197 191 254
248 191 249 254
197 191 254 198
191 249 254 250
191 254 198 199
191 192 250 199
254 250 255 199
191 250 254 199
192 250 199 193
250 255 199 256
250 199 193 256
250 193 251 256
199 193 256 200
193 251 256 252
193 256 200 201
193 194 252 201
256 252 257 201
193 252 256 201
197 253 258 254
197 258 202 203
197 198 254 203
258 254 259 203
197 254 258 203
198 254 203 199
254 259 203 260
254 203 199 260
254 199 255 260
203 199 260 204
199 255 260 256
199 260 204 205
199 200 256 205
260 256 261 205
199 256 260 205
206 262 212 207
262 267 212 268
262 212 207 268
262 207 263 268
212 207 268 213
207 263 268 264
207 268 213 214
207 208 264 214
268 264 269 214
207 264 268 214
208 264 214 209
264 269 214 270
264 214 209 270
264 209 265 270
214 209 270 215
211 266 219 212
266 272 219 273
266 219 212 273
266 212 267 273
219 212 273 220
212 267 273 268
212 273 220 221
212 213 268 221
273 268 274 221
212 268 273 221
213 268 221 214
268 274 221 275
268 221 214 275
268 214 269 275
221 214 275 222
214 269 275 270
214 275 222 223
214 215 270 223
275 270 276 223
214 270 275 223
215 270 223 216
270 276 223 277
270 223 216 277
270 216 271 277
223 216 277 224
219 272 278 273
219 278 227 228
219 220 273 228
278 273 279 228
219 273 278 228
220 273 228 221
273 279 228 280
273 228 221 280
273 221 274 280
228 221 280 229
221 274 280 275
221 280 229 230
221 222 275 230
280 275 281 230
221 275 280 230
222 275 230 223
275 281 230 282
275 230 223 282
275 223 276 282
230 223 282 231
223 276 282 277
223 282 231 232
223 224 277 232
282 277 283 232
223 277 282 232
227 278 234 228
278 284 234 285
278 234 228 285
278 228 279 285
234 228 285 235
228 279 285 280
228 285 235 236
228 229 280 236
285 280 286 236
228 280 285 236
229 280 236 230
280 286 236 287
280 236 230 287
280 230 281 287
236 230 287 237
230 281 287 282
230 287 237 238
230 231 282 238
287 282 288 238
230 282 287 238
231 282 238 232
282 288 238 289
282 238 232 289
282 232 283 289
238 232 289 239
234 284 290 285
234 290 241 242
234 235 285 242
290 285 291 242
234 285 290 242
235 285 242 236
285 291 242 292
285 242 236 292
285 236 286 292
242 236 292 243
236 286 292 287
236 292 243 244
236 237 287 244
292 287 293 244
236 287 292 244
237 287 244 238
287 293 244 294
287 244 238 294
287 238 288 294
244 238 294 245
238 288 294 289
238 294 245 246
238 239 289 246
294 289 295 246
238 289 294 246
241 290 248 242
290 296 248 297
290 248 242 297
290 242 291 297
248 242 297 249
242 291 297 292
242 297 249 250
242 243 292 250
297 292 298 250
242 292 297 250
243 292 250 244
292 298 250 299
292 250 244 299
292 244 293 299
250 244 299 251
244 293 299 294
244 299 251 252
244 245 294 252
299 294 300 252
244 294 299 252
249 297 254 250
297 301 254 302
297 254 250 302
297 250 298 302
254 250 302 255
250 298 302 299
250 302 255 256
250 251 299 256
302 299 303 256
250 299 302 256
251 299 256 252
299 303 256 304
299 256 252 304
299 252 300 304
256 252 304 257
262 305 309 306
262 309 267 268
262 263 306 268
309 306 310 268
262 306 309 268
263 306 268 264
306 310 268 311
306 268 264 311
306 264 307 311
268 264 311 269
264 307 311 308
264 311 269 270
264 265 308 270
311 308 312 270
264 308 311 270
267 309 273 268
309 314 273 315
309 273 268 315
309 268 310 315
273 268 315 274
268 310 315 311
268 315 274 275
268 269 311 275
315 311 316 275
268 311 315 275
269 311 275 270
311 316 275 317
311 275 270 317
311 270 312 317
275 270 317 276
270 312 317 313
270 317 276 277
270 271 313 277
317 313 318 277
270 313 317 277
273 314 319 315
273 319 279 280
273 274 315 280
319 315 320 280
273 315 319 280
274 315 280 275
315 320 280 321
315 280 275 321
315 275 316 321
280 275 321 281
275 316 321 317
275 321 281 282
275 276 317 282
321 317 322 282
275 317 321 282
276 317 282 277
317 322 282 323
317 282 277 323
317 277 318 323
282 277 323 283
279 319 285 280
319 325 285 326
319 285 280 326
319 280 320 326
285 280 326 286
280 320 326 321
280 326 286 287
280 281 321 287
326 321 327 287
280 321 326 287
281 321 287 282
321 327 287 328
321 287 282 328
321 282 322 328
287 282 328 288
282 322 328 323
282 328 288 289
282 283 323 289
328 323 329 289
282 323 328 289
284 324 290 285
324 330 290 331
324 290 285 331
324 285 325 331
290 285 331 291
285 325 331 326
285 331 291 292
285 286 326 292
331 326 332 292
285 326 331 292
286 326 292 287
326 332 292 333
326 292 287 333
326 287 327 333
292 287 333 293
287 327 333 328
287 333 293 294
287 288 328 294
333 328 334 294
287 328 333 294
288 328 294 289
328 334 294 335
328 294 289 335
328 289 329 335
294 289 335 295
291 331 297 292
331 336 297 337
331 297 292 337
331 292 332 337
297 292 337 298
292 332 337 333
292 337 298 299
292 293 333 299
337 333 338 299
292 333 337 299
293 333 299 294
333 338 299 339
333 299 294 339
333 294 334 339
299 294 339 300
309 340 345 341
309 345 314 315
309 310 341 315
345 341 346 315
309 341 345 315
310 341 315 311
341 346 315 347
341 315 311 347
341 311 342 347
315 311 347 316
311 342 347 343
311 347 316 317
311 312 343 317
347 343 348 317
311 343 347 317
312 343 317 313
343 348 317 349
343 317 313 349
343 313 344 349
317 313 349 318
315 346 351 347
315 351 320 321
315 316 347 321
351 347 352 321
315 347 351 321
316 347 321 317
347 352 321 353
347 321 317 353
347 317 348 353
321 317 353 322
317 348 353 349
317 353 322 323
317 318 349 323
353 349 354 323
317 349 353 323
319 350 355 351
319 355 325 326
319 320 351 326
355 351 356 326
319 351 355 326
320 351 326 321
351 356 326 357
351 326 321 357
351 321 352 357
326 321 357 327
321 352 357 353
321 357 327 328
321 322 353 328
357 353 358 328
321 353 357 328
322 353 328 323
353 358 328 359
353 328 323 359
353 323 354 359
328 323 359 329
325 355 331 326
355 360 331 361
355 331 326 361
355 326 356 361
331 326 361 332
326 356 361 357
326 361 332 333
326 327 357 333
361 357 362 333
326 357 361 333
327 357 333 328
357 362 333 363
357 333 328 363
357 328 358 363
333 328 363 334
328 358 363 359
328 363 334 335
328 329 359 335
363 359 364 335
328 359 363 335
341 365 369 366
341 369 346 347
341 342 366 347
369 366 370 347
341 366 369 347
342 366 347 343
366 370 347 371
366 347 343 371
366 343 367 371
347 343 371 348
343 367 371 368
343 371 348 349
343 344 368 349
371 368 372 349
343 368 371 349
346 369 351 347
369 373 351 374
369 351 347 374
369 347 370 374
351 347 374 352
347 370 374 371
347 374 352 353
347 348 371 353
374 371 375 353
347 371 374 353
348 371 353 349
371 375 353 376
371 353 349 376
371 349 372 376
353 349 376 354
351 373 377 374
351 377 356 357
351 352 374 357
377 374 378 357
351 374 377 357
352 374 357 353
374 378 357 379
374 357 353 379
374 353 375 379
357 353 379 358
353 375 379 376
353 379 358 359
353 354 376 359
379 376 380 359
353 376 379 359
357 378 382 379
357 382 362 363
357 358 379 363
382 379 383 363
357 379 382 363
365 384 369 366
384 387 369 388
384 369 366 388
384 366 385 388
369 366 388 370
366 385 388 386
366 388 370 371
366 367 386 371
388 386 389 371
366 386 388 371
369 387 390 388
369 390 373 374
369 370 388 374
390 388 391 374
369 388 390 374
370 388 374 371
388 391 374 392
388 374 371 392
388 371 389 392
374 371 392 375
373 390 377 374
390 393 377 394
390 377 374 394
390 374 391 394
377 374 394 378
374 391 394 392
374 394 378 379
374 375 392 379
394 392 395 379
374 392 394 379
377 393 396 394
377 396 381 382
377 378 394 382
396 394 397 382
377 394 396 382
378 394 382 379
394 397 382 398
394 382 379 398
394 379 395 398
382 379 398 383
384 399 402 400
384 402 387 388
384 385 400 388
402 400 403 388
384 400 402 388
385 400 388 386
400 403 388 404
400 388 386 404
400 386 401 404
388 386 404 389
387 402 390 388
402 405 390 406
402 390 388 406
402 388 403 406
390 388 406 391
388 403 406 404
388 406 391 392
388 389 404 392
406 404 407 392
388 404 406 392
390 405 408 406
390 408 393 394
390 391 406 394
408 406 409 394
390 406 408 394
391 406 394 392
406 409 394 410
406 394 392 410
406 392 407 410
394 392 410 395
394 409 411 410
394 411 397 398
394 395 410 398
411 410 412 398
394 410 411 398

EDGES
0 1
0 5
0 34
1 2
1 5
1 6
1 7
1 34
1 35
1 36
1 43
2 7
2 36
3 4
3 8
3 9
3 40
3 41
3 48
4 5
4 9
4 41
5 6
5 9
5 10
5 11
5 34
5 41
5 42
5 43
5 50
6 7
6 11
6 43
7 11
7 12
7 36
7 43
7 44
7 52
8 9
8 13
8 48
9 10
9 13
9 14
9 15
9 41
9 48
9 49
9 50
9 57
10 11
10 15
10 50
11 12
11 15
11 16
11 17
11 43
11 50
11 51
11 52
11 59
12 17
12 52
13 14
13 18
13 19
13 48
13 56
13 57
13 64
14 15
14 19
14 57
15 16
15 19
15 20
15 21
15 50
15 57
15 58
15 59
15 66
16 17
16 21
16 59
17 21
17 22
17 52
17 59
17 60
17 68
18 19
18 64
19 20
19 23
19 24
19 57
19 64
19 65
19 66
19 72
20 21
20 24
20 66
21 22
21 24
21 25
21 26
21 59
21 66
21 67
21 68
21 74
22 26
22 68
23 24
23 72
24 25
24 66
24 72
24 73
24 74
25 26
25 74
26 68
26 74
26 75
27 28
27 33
27 34
27 84
27 85
27 91
28 29
28 34
28 85
29 30
29 34
29 35
29 36
29 85
29 86
29 87
29 93
30 36
30 87
31 32
31 39
31 89
32 33
32 39
32 40
32 41
32 89
32 90
32 91
32 98
33 34
33 41
33 91
34 35
34 41
34 42
34 43
34 85
34 91
34 92
34 93
34 100
35 36
35 43
35 93
36 37
36 43
36 44
36 45
36 87
36 93
36 94
36 95
36 102
37 45
37 95
38 39
38 46
38 96
39 40
39 46
39 47
39 48
39 89
39 96
39 97
39 98
39 106
40 41
40 48
40 98
41 42
41 48
41 49
41 50
41 91
41 98
41 99
41 100
41 108
42 43
42 50
42 100
43 44
43 50
43 51
43 52
43 93
43 100
43 101
43 102
43 110
44 45
44 52
44 102
45 52
45 53
45 95
45 102
45 103
45 112
46 47
46 54
46 55
46 96
46 105
46 106
46 114
47 48
47 55
47 106
48 49
48 55
48 56
48 57
48 98
48 106
48 107
48 108
48 116
49 50
49 57
49 108
50 51
50 57
50 58
50 59
50 100
50 108
50 109
50 110
50 118
51 52
51 59
51 110
52 53
52 59
52 60
52 61
52 102
52 110
52 111
52 112
52 120
53 61
53 112
54 55
54 62
54 114
55 56
55 62
55 63
55 64
55 106
55 114
55 115
55 116
55 124
56 57
56 64
56 116
57 58
57 64
57 65
57 66
57 108
57 116
57 117
57 118
57 126
58 59
58 66
58 118
59 60
59 66
59 67
59 68
59 110
59 118
59 119
59 120
59 128
60 61
60 68
60 120
61 68
61 69
61 112
61 120
61 121
61 130
62 63
62 114
62 123
62 124
63 64
63 70
63 124
64 65
64 70
64 71
64 72
64 116
64 124
64 125
64 126
64 132
65 66
65 72
65 126
66 67
66 72
66 73
66 74
66 118
66 126
66 127
66 128
66 134
67 68
67 74
67 128
68 69
68 74
68 75
68 76
68 120
68 128
68 129
68 130
68 136
69 76
69 130
70 71
70 124
70 131
70 132
71 72
71 132
72 73
72 77
72 78
72 126
72 132
72 133
72 134
72 138
73 74
73 78
73 134
74 75
74 78
74 79
74 128
74 134
74 135
74 136
74 140
75 76
75 136
76 130
76 136
76 137
77 78
77 138
78 79
78 134
78 138
78 139
78 140
79 140
80 81
80 85
80 142
81 82
81 85
81 86
81 87
81 142
81 143
81 144
81 149
82 87
82 144
83 84
83 90
83 91
83 146
83 147
83 153
84 85
84 91
84 147
85 86
85 91
85 92
85 93
85 142
85 147
85 148
85 149
85 155
86 87
86 93
86 149
87 88
87 93
87 94
87 95
87 144
87 149
87 150
87 151
87 157
88 95
88 151
89 90
89 97
89 98
89 152
89 153
89 161
90 91
90 98
90 153
91 92
91 98
91 99
91 100
91 147
91 153
91 154
91 155
91 163
92 93
92 100
92 155
93 94
93 100
93 101
93 102
93 149
93 155
93 156
93 157
93 165
94 95
94 102
94 157
95 102
95 103
95 151
95 157
95 158
95 167
96 97
96 105
96 106
96 160
96 161
96 169
97 98
97 106
97 161
98 99
98 106
98 107
98 108
98 153
98 161
98 162
98 163
98 171
99 100
99 108
99 163
100 101
100 108
100 109
100 110
100 155
100 163
100 164
100 165
100 173
101 102
101 110
101 165
102 103
102 110
102 111
102 112
102 157
102 165
102 166
102 167
102 175
103 104
103 112
103 167
104 112
104 113
104 167
104 168
104 177
105 106
105 114
105 169
106 107
106 114
106 115
106 116
106 161
106 169
106 170
106 171
106 179
107 108
107 116
107 171
108 109
108 116
108 117
108 118
108 163
108 171
108 172
108 173
108 181
109 110
109 118
109 173
110 111
110 118
110 119
110 120
110 165
110 173
110 174
110 175
110 183
111 112
111 120
111 175
112 113
112 120
112 121
112 122
112 167
112 175
112 176
112 177
112 185
113 122
113 177
114 115
114 123
114 124
114 169
114 178
114 179
114 187
115 116
115 124
115 179
116 117
116 124
116 125
116 126
116 171
116 179
116 180
116 181
116 189
117 118
117 126
117 181
118 119
118 126
118 127
118 128
118 173
118 181
118 182
118 183
118 191
119 120
119 128
119 183
120 121
120 128
120 129
120 130
120 175
120 183
120 184
120 185
120 193
121 122
121 130
121 185
122 177
122 185
122 186
123 124
123 187
124 125
124 131
124 132
124 179
124 187
124 188
124 189
124 195
125 126
125 132
125 189
126 127
126 132
126 133
126 134
126 181
126 189
126 190
126 191
126 197
127 128
127 134
127 191
128 129
128 134
128 135
128 136
128 183
128 191
128 192
128 193
128 199
129 130
129 136
129 193
130 136
130 137
130 185
130 193
130 194
130 201
131 132
131 195
132 133
132 189
132 195
132 196
132 197
133 134
133 138
133 197
134 135
134 138
134 139
134 140
134 191
134 197
134 198
134 199
134 203
135 136
135 140
135 199
136 137
136 140
136 141
136 193
136 199
136 200
136 201
136 205
137 201
138 139
138 197
138 202
138 203
139 140
139 203
140 141
140 199
140 203
140 204
140 205
141 205
142 143
142 148
142 149
142 206
142 207
142 212
143 144
143 149
143 207
144 145
144 149
144 150
144 151
144 207
144 208
144 209
144 214
145 151
145 209
146 147
146 153
146 210
147 148
147 153
147 154
147 155
147 210
147 211
147 212
147 219
148 149
148 155
148 212
149 150
149 155
149 156
149 157
149 207
149 212
149 213
149 214
149 221
150 151
150 157
150 214
151 157
151 158
151 209
151 214
151 215
151 223
152 153
152 161
152 217
153 154
153 161
153 162
153 163
153 210
153 217
153 218
153 219
153 226
154 155
154 163
154 219
155 156
155 163
155 164
155 165
155 212
155 219
155 220
155 221
155 228
156 157
156 165
156 221
157 158
157 165
157 166
157 167
157 214
157 221
157 222
157 223
157 230
158 159
158 167
158 223
159 167
159 168
159 223
159 224
159 232
160 161
160 169
161 162
161 169
161 170
161 171
161 217
161 225
161 226
162 163
162 171
162 226
163 164
163 171
163 172
163 173
163 219
163 226
163 227
163 228
163 234
164 165
164 173
164 228
165 166
165 173
165 174
165 175
165 221
165 228
165 229
165 230
165 236
166 167
166 175
166 230
167 168
167 175
167 176
167 177
167 223
167 230
167 231
167 232
167 238
168 177
168 232
169 170
169 178
169 179
170 171
170 179
171 172
171 179
171 180
171 181
171 226
171 233
171 234
171 240
172 173
172 181
172 234
173 174
173 181
173 182
173 183
173 228
173 234
173 235
173 236
173 242
174 175
174 183
174 236
175 176
175 183
175 184
175 185
175 230
175 236
175 237
175 238
175 244
176 177
176 185
176 238
177 185
177 186
177 232
177 238
177 239
177 246
178 179
178 187
179 180
179 187
179 188
179 189
180 181
180 189
180 240
181 182
181 189
181 190
181 191
181 234
181 240
181 241
181 242
181 248
182 183
182 191
182 242
183 184
183 191
183 192
183 193
183 236
183 242
183 243
183 244
183 250
184 185
184 193
184 244
185 186
185 193
185 194
185 238
185 244
185 245
185 246
185 252
186 246
187 188
188 189
188 195
189 190
189 195
189 196
189 197
189 240
189 247
189 248
190 191
190 197
190 248
191 192
191 197
191 198
191 199
191 242
191 248
191 249
191 250
191 254
192 193
192 199
192 250
193 194
193 199
193 200
193 201
193 244
193 250
193 251
193 252
193 256
194 201
194 252
195 196
196 197
197 198
197 202
197 203
197 248
197 253
197 254
197 258
198 199
198 203
198 254
199 200
199 203
199 204
199 205
199 250
199 254
199 255
199 256
199 260
200 201
200 205
200 256
201 252
201 256
201 257
202 203
202 258
203 204
203 254
203 258
203 259
203 260
204 205
204 260
205 256
205 260
205 261
206 207
206 212
206 262
207 208
207 212
207 213
207 214
207 262
207 263
207 264
207 268
208 209
208 214
208 264
209 214
209 215
209 264
209 265
209 270
210 211
210 218
210 219
211 212
211 219
211 266
212 213
212 219
212 220
212 221
212 262
212 266
212 267
212 268
212 273
213 214
213 221
213 268
214 215
214 221
214 222
214 223
214 264
214 268
214 269
214 270
214 275
215 216
215 223
215 270
216 223
216 224
216 270
216 271
216 277
217 218
217 225
217 226
218 219
218 226
219 220
219 226
219 227
219 228
219 266
219 272
219 273
219 278
220 221
220 228
220 273
221 222
221 228
221 229
221 230
221 268
221 273
221 274
221 275
221 280
222 223
222 230
222 275
223 224
223 230
223 231
223 232
223 270
223 275
223 276
223 277
223 282
224 232
224 277
225 226
226 227
226 233
226 234
227 228
227 234
227 278
228 229
228 234
228 235
228 236
228 273
228 278
228 279
228 280
228 285
229 230
229 236
229 280
230 231
230 236
230 237
230 238
230 275
230 280
230 281
230 282
230 287
231 232
231 238
231 282
232 238
232 239
232 277
232 282
232 283
232 289
233 234
233 240
234 235
234 240
234 241
234 242
234 278
234 284
234 285
234 290
235 236
235 242
235 285
236 237
236 242
236 243
236 244
236 280
236 285
236 286
236 287
236 292
237 238
237 244
237 287
238 239
238 244
238 245
238 246
238 282
238 287
238 288
238 289
238 294
239 246
239 289
240 241
240 247
240 248
241 242
241 248
241 290
242 243
242 248
242 249
242 250
242 285
242 290
242 291
242 292
242 297
243 244
243 250
243 292
244 245
244 250
244 251
244 252
244 287
244 292
244 293
244 294
244 299
245 246
245 252
245 294
246 289
246 294
246 295
247 248
248 249
248 253
248 254
248 290
248 296
248 297
249 250
249 254
249 297
250 251
250 254
250 255
250 256
250 292
250 297
250 298
250 299
250 302
251 252
251 256
251 299
252 256
252 257
252 294
252 299
252 300
252 304
253 254
253 258
254 255
254 258
254 259
254 260
254 297
254 301
254 302
255 256
255 260
255 302
256 257
256 260
256 261
256 299
256 302
256 303
256 304
257 304
258 259
259 260
260 261
262 263
262 267
262 268
262 305
262 306
262 309
263 264
263 268
263 306
264 265
264 268
264 269
264 270
264 306
264 307
264 308
264 311
265 270
265 308
266 267
266 272
266 273
267 268
267 273
267 309
268 269
268 273
268 274
268 275
268 306
268 309
268 310
268 311
268 315
269 270
269 275
269 311
270 271
270 275
270 276
270 277
270 308
270 311
270 312
270 313
270 317
271 277
271 313
272 273
272 278
273 274
273 278
273 279
273 280
273 309
273 314
273 315
273 319
274 275
274 280
274 315
275 276
275 280
275 281
275 282
275 311
275 315
275 316
275 317
275 321
276 277
276 282
276 317
277 282
277 283
277 313
277 317
277 318
277 323
278 279
278 284
278 285
279 280
279 285
279 319
280 281
280 285
280 286
280 287
280 315
280 319
280 320
280 321
280 326
281 282
281 287
281 321
282 283
282 287
282 288
282 289
282 317
282 321
282 322
282 323
282 328
283 289
283 323
284 285
284 290
284 324
285 286
285 290
285 291
285 292
285 319
285 324
285 325
285 326
285 331
286 287
286 292
286 326
287 288
287 292
287 293
287 294
287 321
287 326
287 327
287 328
287 333
288 289
288 294
288 328
289 294
289 295
289 323
289 328
289 329
289 335
290 291
290 296
290 297
290 324
290 330
290 331
291 292
291 297
291 331
292 293
292 297
292 298
292 299
292 326
292 331
292 332
292 333
292 337
293 294
293 299
293 333
294 295
294 299
294 300
294 328
294 333
294 334
294 335
294 339
295 335
296 297
297 298
297 301
297 302
297 331
297 336
297 337
298 299
298 302
298 337
299 300
299 302
299 303
299 304
299 333
299 337
299 338
299 339
300 304
300 339
301 302
302 303
303 304
305 306
305 309
306 307
306 309
306 310
306 311
307 308
307 311
308 311
308 312
309 310
309 314
309 315
309 340
309 341
309 345
310 311
310 315
310 341
311 312
311 315
311 316
311 317
311 341
311 342
311 343
311 347
312 313
312 317
312 343
313 317
313 318
313 343
313 344
313 349
314 315
314 319
314 345
315 316
315 319
315 320
315 321
315 341
315 345
315 346
315 347
315 351
316 317
316 321
316 347
317 318
317 321
317 322
317 323
317 343
317 347
317 348
317 349
317 353
318 323
318 349
319 320
319 325
319 326
319 350
319 351
319 355
320 321
320 326
320 351
321 322
321 326
321 327
321 328
321 347
321 351
321 352
321 353
321 357
322 323
322 328
322 353
323 328
323 329
323 349
323 353
323 354
323 359
324 325
324 330
324 331
325 326
325 331
325 355
326 327
326 331
326 332
326 333
326 351
326 355
326 356
326 357
326 361
327 328
327 333
327 357
328 329
328 333
328 334
328 335
328 353
328 357
328 358
328 359
328 363
329 335
329 359
330 331
331 332
331 336
331 337
331 355
331 360
331 361
332 333
332 337
332 361
333 334
333 337
333 338
333 339
333 357
333 361
333 362
333 363
334 335
334 339
334 363
335 359
335 363
335 364
336 337
337 338
338 339
340 341
340 345
341 342
341 345
341 346
341 347
341 365
341 366
341 369
342 343
342 347
342 366
343 344
343 347
343 348
343 349
343 366
343 367
343 368
343 371
344 349
344 368
345 346
346 347
346 351
346 369
347 348
347 351
347 352
347 353
347 366
347 369
347 370
347 371
347 374
348 349
348 353
348 371
349 353
349 354
349 368
349 371
349 372
349 376
350 351
350 355
351 352
351 355
351 356
351 357
351 369
351 373
351 374
351 377
352 353
352 357
352 374
353 354
353 357
353 358
353 359
353 371
353 374
353 375
353 376
353 379
354 359
354 376
355 356
355 360
355 361
356 357
356 361
356 377
357 358
357 361
357 362
357 363
357 374
357 377
357 378
357 379
357 382
358 359
358 363
358 379
359 363
359 364
359 376
359 379
359 380
360 361
361 362
362 363
362 382
363 364
363 379
363 382
363 383
365 366
365 369
365 384
366 367
366 369
366 370
366 371
366 384
366 385
366 386
366 388
367 368
367 371
367 386
368 371
368 372
369 370
369 373
369 374
369 384
369 387
369 388
369 390
370 371
370 374
370 388
371 372
371 374
371 375
371 376
371 386
371 388
371 389
371 392
372 376
373 374
373 377
373 390
374 375
374 377
374 378
374 379
374 388
374 390
374 391
374 392
374 394
375 376
375 379
375 392
376 379
376 380
377 378
377 381
377 382
377 390
377 393
377 394
377 396
378 379
378 382
378 394
379 380
379 382
379 383
379 392
379 394
379 395
379 398
381 382
381 396
382 383
382 394
382 396
382 397
382 398
383 398
384 385
384 387
384 388
384 399
384 400
384 402
385 386
385 388
385 400
386 388
386 389
386 400
386 401
386 404
387 388
387 390
387 402
388 389
388 390
388 391
388 392
388 400
388 402
388 403
388 404
388 406
389 392
389 404
390 391
390 393
390 394
390 402
390 405
390 406
390 408
391 392
391 394
391 406
392 394
392 395
392 404
392 406
392 407
392 410
393 394
393 396
393 408
394 395
394 396
394 397
394 398
394 406
394 408
394 409
394 410
394 411
395 398
395 410
396 397
397 398
397 411
398 410
398 411
398 412
399 400
399 402
400 401
400 402
400 403
400 404
401 404
402 403
402 405
402 406
403 404
403 406
404 406
404 407
405 406
405 408
406 407
406 408
406 409
406 410
407 410
408 409
409 410
409 411
410 411
410 412
411 412

SURFACE_TRIANGLES
0 1 5
0 1 34
0 5 34
1 2 7
1 2 36
1 5 6
1 6 7
1 34 35
1 35 36
2 7 36
3 4 9
3 4 41
3 8 9
3 8 48
3 40 41
3 40 48
4 5 9
4 5 41
5 6 11
5 9 10
5 10 11
5 34 42
5 41 42
6 7 11
7 11 12
7 12 52
7 36 44
7 44 52
8 9 13
8 13 48
9 10 15
9 13 14
9 14 15
10 11 15
11 12 17
11 15 16
11 16 17
12 17 52
13 14 19
13 18 19
13 18 64
13 48 56
13 56 64
14 15 19
15 16 21
15 19 20
15 20 21
16 17 21
17 21 22
17 22 68
17 52 60
17 60 68
18 19 64
19 20 24
19 23 24
19 23 72
19 64 65
19 65 72
20 21 24
21 22 26
21 24 25
21 25 26
22 26 68
23 24 72
24 25 74
24 72 73
24 73 74
25 26 74
26 68 75
26 74 75
27 28 34
27 28 85
27 33 34
27 33 91
27 84 85
27 84 91
28 29 34
28 29 85
29 30 36
29 30 87
29 34 35
29 35 36
29 85 86
29 86 87
30 36 87
31 32 39
31 32 89
31 39 89
32 33 41
32 33 91
32 39 40
32 40 41
32 89 90
32 90 91
33 34 41
34 41 42
36 37 45
36 37 95
36 44 45
36 87 94
36 94 95
37 45 95
38 39 46
38 39 96
38 46 96
39 40 48
39 46 47
39 47 48
39 89 97
39 96 97
44 45 52
45 52 53
45 53 112
45 95 103
45 103 112
46 47 55
46 54 55
46 54 114
46 96 105
46 105 114
47 48 55
48 55 56
52 53 61
52 60 61
53 61 112
54 55 62
54 62 114
55 56 64
55 62 63
55 63 64
60 61 68
61 68 69
61 69 130
61 112 121
61 121 130
62 63 124
62 114 123
62 123 124
63 64 70
63 70 124
64 65 72
64 70 71
64 71 72
68 69 76
68 75 76
69 76 130
70 71 132
70 124 131
70 131 132
71 72 132
72 73 78
72 77 78
72 77 138
72 132 133
72 133 138
73 74 78
74 75 136
74 78 79
74 79 140
74 135 136
74 135 140
75 76 136
76 130 137
76 136 137
77 78 138
78 79 140
78 138 139
78 139 140
80 81 85
80 81 142
80 85 142
81 82 87
81 82 144
81 85 86
81 86 87
81 142 143
81 143 144
82 87 144
83 84 91
83 84 147
83 90 91
83 90 153
83 146 147
83 146 153
84 85 147
85 142 148
85 147 148
87 88 95
87 88 151
87 94 95
87 144 150
87 150 151
88 95 151
89 90 153
89 97 161
89 152 153
89 152 161
95 103 167
95 151 158
95 158 167
96 97 161
96 105 169
96 160 161
96 160 169
103 104 112
103 104 167
104 112 113
104 113 177
104 167 168
104 168 177
105 114 169
112 113 122
112 121 122
113 122 177
114 123 187
114 169 178
114 178 187
121 122 185
121 130 185
122 177 186
122 185 186
123 124 187
124 131 195
124 187 188
124 188 195
130 137 201
130 185 194
130 194 201
131 132 195
132 133 197
132 195 196
132 196 197
133 138 197
135 136 140
136 137 201
136 140 141
136 141 205
136 200 201
136 200 205
138 139 203
138 197 202
138 202 203
139 140 203
140 141 205
140 203 204
140 204 205
142 143 207
142 148 212
142 206 207
142 206 212
143 144 207
144 145 151
144 145 209
144 150 151
144 207 208
144 208 209
145 151 209
146 147 210
146 153 210
147 148 212
147 210 211
147 211 212
151 158 223
151 209 215
151 215 223
152 153 217
152 161 217
153 210 218
153 217 218
158 159 167
158 159 223
159 167 168
159 168 232
159 223 224
159 224 232
160 161 169
161 162 171
161 162 226
161 169 170
161 170 171
161 217 225
161 225 226
162 171 226
168 177 232
169 170 179
169 178 179
170 171 179
171 179 180
171 180 240
171 226 233
171 233 240
177 186 246
177 232 239
177 239 246
178 179 187
179 180 189
179 187 188
179 188 189
180 189 240
185 186 246
185 194 252
185 245 246
185 245 252
188 189 195
189 190 197
189 190 248
189 195 196
189 196 197
189 240 247
189 247 248
190 197 248
194 201 252
197 202 258
197 248 253
197 253 258
200 201 256
200 205 256
201 252 257
201 256 257
202 203 258
203 204 260
203 258 259
203 259 260
204 205 260
205 256 261
205 260 261
206 207 262
206 212 262
207 208 264
207 262 263
207 263 264
208 209 264
209 215 270
209 264 265
209 265 270
210 211 219
210 218 219
211 212 266
211 219 266
212 262 267
212 266 267
215 216 223
215 216 270
216 223 224
216 224 277
216 270 271
216 271 277
217 218 226
217 225 226
218 219 226
219 226 227
219 227 278
219 266 272
219 272 278
224 232 277
226 227 234
226 233 234
227 234 278
232 239 289
232 277 283
232 283 289
233 234 240
234 240 241
234 241 290
234 278 284
234 284 290
239 246 289
240 241 248
240 247 248
241 248 290
245 246 294
245 252 294
246 289 295
246 294 295
248 249 254
248 249 297
248 253 254
248 290 296
248 296 297
249 254 297
252 257 304
252 294 300
252 300 304
253 254 258
254 255 260
254 255 302
254 258 259
254 259 260
254 297 301
254 301 302
255 256 260
255 256 302
256 257 304
256 260 261
256 302 303
256 303 304
262 263 306
262 267 309
262 305 306
262 305 309
263 264 306
264 265 308
264 306 307
264 307 308
265 270 308
266 267 273
266 272 273
267 273 309
270 271 313
270 308 312
270 312 313
271 277 313
272 273 278
273 278 279
273 279 319
273 309 314
273 314 319
277 283 323
277 313 318
277 318 323
278 279 285
278 284 285
279 285 319
283 289 323
284 285 324
284 290 324
285 319 325
285 324 325
289 295 335
289 323 329
289 329 335
290 291 297
290 291 331
290 296 297
290 324 330
290 330 331
291 297 331
294 295 335
294 300 339
294 334 335
294 334 339
297 298 302
297 298 337
297 301 302
297 331 336
297 336 337
298 299 302
298 299 337
299 300 304
299 300 339
299 302 303
299 303 304
299 337 338
299 338 339
305 306 309
306 307 311
306 309 310
306 310 311
307 308 311
308 311 312
309 310 341
309 314 345
309 340 341
309 340 345
310 311 341
311 312 343
311 341 342
311 342 343
312 313 343
313 318 349
313 343 344
313 344 349
314 315 319
314 315 345
315 319 320
315 320 351
315 345 346
315 346 351
318 323 349
319 320 351
319 325 355
319 350 351
319 350 355
323 329 359
323 349 354
323 354 359
324 325 331
324 330 331
325 331 355
329 335 359
331 332 337
331 332 361
331 336 337
331 355 360
331 360 361
332 333 337
332 333 361
333 334 339
333 334 363
333 337 338
333 338 339
333 361 362
333 362 363
334 335 363
335 359 364
335 363 364
340 341 345
341 342 366
341 345 346
341 346 369
341 365 366
341 365 369
342 343 366
343 344 368
343 366 367
343 367 368
344 349 368
346 351 369
349 354 376
349 368 372
349 372 376
350 351 355
351 355 356
351 356 377
351 369 373
351 373 377
354 359 376
355 356 361
355 360 361
356 357 361
356 357 377
357 361 362
357 362 382
357 377 378
357 378 382
358 359 363
358 359 379
358 363 379
359 363 364
359 376 380
359 379 380
362 363 382
363 379 383
363 382 383
365 366 384
365 369 384
366 367 386
366 384 385
366 385 386
367 368 371
367 371 386
368 371 372
369 373 390
369 384 387
369 387 390
371 372 376
371 375 376
371 375 392
371 386 389
371 389 392
373 377 390
375 376 379
375 379 392
376 379 380
377 378 382
377 381 382
377 381 396
377 390 393
377 393 396
379 383 398
379 392 395
379 395 398
381 382 396
382 383 398
382 396 397
382 397 398
384 385 400
384 387 402
384 399 400
384 399 402
385 386 400
386 389 404
386 400 401
386 401 404
387 390 402
389 392 404
390 393 408
390 402 405
390 405 408
392 395 410
392 404 407
392 407 410
393 394 396
393 394 408
394 396 397
394 397 411
394 408 409
394 409 411
395 398 410
397 398 411
398 410 412
398 411 412
399 400 402
400 401 404
400 402 403
400 403 404
402 403 406
402 405 406
403 404 406
404 406 407
405 406 408
406 407 410
406 408 409
406 409 410
409 410 411
410 411 412
