# Direct voxel-based tetrahedral mesh
# Grid: 8×8×8
# Vertices: 293
# Tetrahedra: 655

VERTICES
-1.914309 -0.474752 -0.983007
-1.914309 -0.474752 -0.481524
-1.914309 -0.474752 0.019959
-1.914309 -0.474752 0.521442
-1.914309 -0.474752 1.022924
-1.914309 0.026731 -1.985972
-1.914309 0.026731 -1.484490
-1.914309 0.026731 -0.983007
-1.914309 0.026731 -0.481524
-1.914309 0.026731 0.019959
-1.914309 0.026731 0.521442
-1.914309 0.026731 1.022924
-1.914309 0.528214 -1.985972
-1.914309 0.528214 -1.484490
-1.914309 0.528214 -0.983007
-1.914309 0.528214 -0.481524
-1.914309 0.528214 0.019959
-1.914309 0.528214 0.521442
-1.914309 1.029697 -1.484490
-1.914309 1.029697 -0.983007
-1.914309 1.029697 0.019959
-1.914309 1.029697 0.521442
-1.914309 1.531180 -1.484490
-1.914309 1.531180 -0.983007
-1.412826 -0.976234 -1.484490
-1.412826 -0.976234 -0.983007
-1.412826 -0.976234 -0.481524
-1.412826 -0.976234 0.019959
-1.412826 -0.976234 0.521442
-1.412826 -0.976234 1.022924
-1.412826 -0.474752 -2.487455
-1.412826 -0.474752 -1.985972
-1.412826 -0.474752 -1.484490
-1.412826 -0.474752 -0.983007
-1.412826 -0.474752 -0.481524
-1.412826 -0.474752 0.019959
-1.412826 -0.474752 0.521442
-1.412826 -0.474752 1.022924
-1.412826 0.026731 -2.487455
-1.412826 0.026731 -1.985972
-1.412826 0.026731 -1.484490
-1.412826 0.026731 -0.983007
-1.412826 0.026731 -0.481524
-1.412826 0.026731 0.019959
-1.412826 0.026731 0.521442
-1.412826 0.026731 1.022924
-1.412826 0.528214 -2.487455
-1.412826 0.528214 -1.985972
-1.412826 0.528214 -1.484490
-1.412826 0.528214 -0.983007
-1.412826 0.528214 -0.481524
-1.412826 0.528214 0.019959
-1.412826 0.528214 0.521442
-1.412826 0.528214 1.022924
-1.412826 1.029697 -2.487455
-1.412826 1.029697 -1.985972
-1.412826 1.029697 -1.484490
-1.412826 1.029697 -0.983007
-1.412826 1.029697 -0.481524
-1.412826 1.029697 0.019959
-1.412826 1.029697 0.521442
-1.412826 1.029697 1.022924
-1.412826 1.531180 -1.985972
-1.412826 1.531180 -1.484490
-1.412826 1.531180 -0.983007
-1.412826 1.531180 -0.481524
-1.412826 1.531180 0.019959
-1.412826 1.531180 0.521442
-1.412826 1.531180 1.022924
-0.911343 -1.477717 -0.983007
-0.911343 -1.477717 -0.481524
-0.911343 -1.477717 0.019959
-0.911343 -1.477717 0.521442
-0.911343 -1.477717 1.022924
-0.911343 -0.976234 -1.484490
-0.911343 -0.976234 -0.983007
-0.911343 -0.976234 -0.481524
-0.911343 -0.976234 0.019959
-0.911343 -0.976234 0.521442
-0.911343 -0.976234 1.022924
-0.911343 -0.474752 -2.487455
-0.911343 -0.474752 -1.985972
-0.911343 -0.474752 -1.484490
-0.911343 -0.474752 -0.983007
-0.911343 -0.474752 -0.481524
-0.911343 -0.474752 0.019959
-0.911343 -0.474752 0.521442
-0.911343 -0.474752 1.022924
-0.911343 -0.474752 1.524407
-0.911343 0.026731 -2.487455
-0.911343 0.026731 -1.985972
-0.911343 0.026731 -1.484490
-0.911343 0.026731 -0.983007
-0.911343 0.026731 -0.481524
-0.911343 0.026731 0.019959
-0.911343 0.026731 0.521442
-0.911343 0.026731 1.022924
-0.911343 0.026731 1.524407
-0.911343 0.528214 -2.487455
-0.911343 0.528214 -1.985972
-0.911343 0.528214 -1.484490
-0.911343 0.528214 -0.983007
-0.911343 0.528214 -0.481524
-0.911343 0.528214 0.019959
-0.911343 0.528214 0.521442
-0.911343 0.528214 1.022924
-0.911343 0.528214 1.524407
-0.911343 1.029697 -2.487455
-0.911343 1.029697 -1.985972
-0.911343 1.029697 -1.484490
-0.911343 1.029697 -0.983007
-0.911343 1.029697 -0.481524
-0.911343 1.029697 0.019959
-0.911343 1.029697 0.521442
-0.911343 1.029697 1.022924
-0.911343 1.029697 1.524407
-0.911343 1.531180 -1.985972
-0.911343 1.531180 -1.484490
-0.911343 1.531180 -0.983007
-0.911343 1.531180 -0.481524
-0.911343 1.531180 0.019959
-0.911343 1.531180 0.521442
-0.911343 1.531180 1.022924
-0.409860 -1.979200 -0.481524
-0.409860 -1.979200 0.019959
-0.409860 -1.979200 0.521442
-0.409860 -1.979200 1.022924
-0.409860 -1.477717 -0.983007
-0.409860 -1.477717 -0.481524
-0.409860 -1.477717 0.019959
-0.409860 -1.477717 0.521442
-0.409860 -1.477717 1.022924
-0.409860 -0.976234 -1.484490
-0.409860 -0.976234 -0.983007
-0.409860 -0.976234 -0.481524
-0.409860 -0.976234 0.019959
-0.409860 -0.976234 0.521442
-0.409860 -0.976234 1.022924
-0.409860 -0.976234 1.524407
-0.409860 -0.474752 -1.484490
-0.409860 -0.474752 -0.983007
-0.409860 -0.474752 -0.481524
-0.409860 -0.474752 0.019959
-0.409860 -0.474752 0.521442
-0.409860 -0.474752 1.022924
-0.409860 -0.474752 1.524407
-0.409860 0.026731 -1.484490
-0.409860 0.026731 -0.983007
-0.409860 0.026731 -0.481524
-0.409860 0.026731 0.019959
-0.409860 0.026731 0.521442
-0.409860 0.026731 1.022924
-0.409860 0.026731 1.524407
-0.409860 0.528214 -1.484490
-0.409860 0.528214 -0.983007
-0.409860 0.528214 -0.481524
-0.409860 0.528214 0.019959
-0.409860 0.528214 0.521442
-0.409860 0.528214 1.022924
-0.409860 0.528214 1.524407
-0.409860 1.029697 -0.983007
-0.409860 1.029697 -0.481524
-0.409860 1.029697 0.019959
-0.409860 1.029697 0.521442
-0.409860 1.029697 1.022924
-0.409860 1.029697 1.524407
-0.409860 1.531180 -0.983007
-0.409860 1.531180 -0.481524
-0.409860 1.531180 0.019959
-0.409860 1.531180 0.521442
-0.409860 1.531180 1.022924
-0.409860 2.032662 0.019959
-0.409860 2.032662 0.521442
0.091622 -1.979200 -0.481524
0.091622 -1.979200 0.019959
0.091622 -1.979200 0.521442
0.091622 -1.979200 1.022924
0.091622 -1.477717 -0.983007
0.091622 -1.477717 -0.481524
0.091622 -1.477717 0.019959
0.091622 -1.477717 0.521442
0.091622 -1.477717 1.022924
0.091622 -0.976234 -0.983007
0.091622 -0.976234 -0.481524
0.091622 -0.976234 0.019959
0.091622 -0.976234 0.521442
0.091622 -0.976234 1.022924
0.091622 -0.976234 1.524407
0.091622 -0.474752 -0.481524
0.091622 -0.474752 0.019959
0.091622 -0.474752 0.521442
0.091622 -0.474752 1.022924
0.091622 -0.474752 1.524407
0.091622 0.026731 -0.983007
0.091622 0.026731 -0.481524
0.091622 0.026731 0.019959
0.091622 0.026731 0.521442
0.091622 0.026731 1.022924
0.091622 0.026731 1.524407
0.091622 0.528214 -0.983007
0.091622 0.528214 -0.481524
0.091622 0.528214 0.019959
0.091622 0.528214 0.521442
0.091622 0.528214 1.022924
0.091622 0.528214 1.524407
0.091622 1.029697 -0.983007
0.091622 1.029697 -0.481524
0.091622 1.029697 0.019959
0.091622 1.029697 0.521442
0.091622 1.029697 1.022924
0.091622 1.531180 -0.481524
0.091622 1.531180 0.019959
0.091622 1.531180 0.521442
0.091622 2.032662 0.019959
0.091622 2.032662 0.521442
0.593105 -1.979200 -0.481524
0.593105 -1.979200 0.019959
0.593105 -1.979200 0.521442
0.593105 -1.979200 1.022924
0.593105 -1.477717 -0.481524
0.593105 -1.477717 0.019959
0.593105 -1.477717 0.521442
0.593105 -1.477717 1.022924
0.593105 -0.976234 -0.481524
0.593105 -0.976234 0.019959
0.593105 -0.976234 0.521442
0.593105 -0.976234 1.022924
0.593105 -0.976234 1.524407
0.593105 -0.474752 -0.481524
0.593105 -0.474752 0.019959
0.593105 -0.474752 0.521442
0.593105 -0.474752 1.022924
0.593105 -0.474752 1.524407
0.593105 0.026731 -0.481524
0.593105 0.026731 0.019959
0.593105 0.026731 0.521442
0.593105 0.026731 1.022924
0.593105 0.528214 -0.481524
0.593105 0.528214 0.019959
0.593105 0.528214 0.521442
0.593105 1.029697 -0.481524
0.593105 1.029697 0.019959
0.593105 1.029697 0.521442
0.593105 1.531180 0.019959
0.593105 1.531180 0.521442
1.094588 -1.477717 0.019959
1.094588 -1.477717 0.521442
1.094588 -1.477717 1.022924
1.094588 -0.976234 0.019959
1.094588 -0.976234 0.521442
1.094588 -0.976234 1.022924
1.094588 -0.976234 1.524407
1.094588 -0.474752 -0.481524
1.094588 -0.474752 0.019959
1.094588 -0.474752 0.521442
1.094588 -0.474752 1.022924
1.094588 -0.474752 1.524407
1.094588 0.026731 -0.481524
1.094588 0.026731 0.019959
1.094588 0.026731 0.521442
1.094588 0.026731 1.022924
1.094588 0.528214 -0.481524
1.094588 0.528214 0.019959
1.094588 0.528214 0.521442
1.596071 -1.477717 0.019959
1.596071 -1.477717 0.521442
1.596071 -1.477717 1.022924
1.596071 -0.976234 0.019959
1.596071 -0.976234 0.521442
1.596071 -0.976234 1.022924
1.596071 -0.976234 1.524407
1.596071 -0.474752 -0.481524
1.596071 -0.474752 0.019959
1.596071 -0.474752 0.521442
1.596071 -0.474752 1.022924
1.596071 -0.474752 1.524407
1.596071 0.026731 -0.481524
1.596071 0.026731 0.019959
1.596071 0.026731 0.521442
1.596071 0.026731 1.022924
1.596071 0.528214 -0.481524
1.596071 0.528214 0.019959
1.596071 0.528214 0.521442
2.097553 -1.477717 0.521442
2.097553 -1.477717 1.022924
2.097553 -0.976234 0.521442
2.097553 -0.976234 1.022924
2.097553 -0.976234 1.524407
2.097553 -0.474752 0.521442
2.097553 -0.474752 1.022924
2.097553 -0.474752 1.524407
2.097553 0.026731 0.521442
2.097553 0.026731 1.022924

TETRAHEDRA
0 33 7 1
33 41 7 42
33 7 1 42
33 1 34 42
7 1 42 8
1 34 42 35
1 42 8 9
1 2 35 9
42 35 43 9
1 35 42 9
2 35 9 3
35 43 9 44
35 9 3 44
35 3 36 44
9 3 44 10
3 36 44 37
3 44 10 11
3 4 37 11
44 37 45 11
3 37 44 11
5 39 47 40
5 47 12 13
5 6 40 13
47 40 48 13
5 40 47 13
6 40 13 7
40 48 13 49
40 13 7 49
40 7 41 49
13 7 49 14
7 41 49 42
7 49 14 15
7 8 42 15
49 42 50 15
7 42 49 15
8 42 15 9
42 50 15 51
42 15 9 51
42 9 43 51
15 9 51 16
16 51 20 17
51 59 20 60
51 20 17 60
51 17 52 60
20 17 60 21
18 56 22 19
56 63 22 64
56 22 19 64
56 19 57 64
22 19 64 23
24 74 82 75
24 82 32 33
24 25 75 33
82 75 83 33
24 75 82 33
25 75 33 26
75 83 33 84
75 33 26 84
75 26 76 84
33 26 84 34
27 77 35 28
77 85 35 86
77 35 28 86
77 28 78 86
35 28 86 36
28 78 86 79
28 86 36 37
28 29 79 37
86 79 87 37
28 79 86 37
30 80 38 31
80 89 38 90
80 38 31 90
80 31 81 90
38 31 90 39
31 81 90 82
31 90 39 40
31 32 82 40
90 82 91 40
31 82 90 40
32 82 40 33
82 91 40 92
82 40 33 92
82 33 83 92
40 33 92 41
33 83 92 84
33 92 41 42
33 34 84 42
92 84 93 42
33 84 92 42
34 84 42 35
84 93 42 94
84 42 35 94
84 35 85 94
42 35 94 43
35 85 94 86
35 94 43 44
35 36 86 44
94 86 95 44
35 86 94 44
36 86 44 37
86 95 44 96
86 44 37 96
86 37 87 96
44 37 96 45
38 89 98 90
38 98 46 47
38 39 90 47
98 90 99 47
38 90 98 47
39 90 47 40
90 99 47 100
90 47 40 100
90 40 91 100
47 40 100 48
40 91 100 92
40 100 48 49
40 41 92 49
100 92 101 49
40 92 100 49
41 92 49 42
92 101 49 102
92 49 42 102
92 42 93 102
49 42 102 50
42 93 102 94
42 102 50 51
42 43 94 51
102 94 103 51
42 94 102 51
43 94 51 44
94 103 51 104
94 51 44 104
94 44 95 104
51 44 104 52
44 95 104 96
44 104 52 53
44 45 96 53
104 96 105 53
44 96 104 53
46 98 54 47
98 107 54 108
98 54 47 108
98 47 99 108
54 47 108 55
47 99 108 100
47 108 55 56
47 48 100 56
108 100 109 56
47 100 108 56
48 100 56 49
100 109 56 110
100 56 49 110
100 49 101 110
56 49 110 57
49 101 110 102
49 110 57 58
49 50 102 58
110 102 111 58
49 102 110 58
50 102 58 51
102 111 58 112
102 58 51 112
102 51 103 112
58 51 112 59
51 103 112 104
51 112 59 60
51 52 104 60
112 104 113 60
51 104 112 60
52 104 60 53
104 113 60 114
104 60 53 114
104 53 105 114
60 53 114 61
55 108 62 56
108 116 62 117
108 62 56 117
108 56 109 117
62 56 117 63
56 109 117 110
56 117 63 64
56 57 110 64
117 110 118 64
56 110 117 64
57 110 64 58
110 118 64 119
110 64 58 119
110 58 111 119
64 58 119 65
58 111 119 112
58 119 65 66
58 59 112 66
119 112 120 66
58 112 119 66
59 112 66 60
112 120 66 121
112 66 60 121
112 60 113 121
66 60 121 67
60 113 121 114
60 121 67 68
60 61 114 68
121 114 122 68
60 114 121 68
69 127 75 70
127 133 75 134
127 75 70 134
127 70 128 134
75 70 134 76
70 128 134 129
70 134 76 77
70 71 129 77
134 129 135 77
70 129 134 77
71 129 77 72
129 135 77 136
129 77 72 136
129 72 130 136
77 72 136 78
72 130 136 131
72 136 78 79
72 73 131 79
136 131 137 79
72 131 136 79
74 132 82 75
132 139 82 140
132 82 75 140
132 75 133 140
82 75 140 83
77 135 142 136
77 142 85 86
77 78 136 86
142 136 143 86
77 136 142 86
78 136 86 79
136 143 86 144
136 86 79 144
136 79 137 144
86 79 144 87
83 140 92 84
140 147 92 148
140 92 84 148
140 84 141 148
92 84 148 93
84 141 148 142
84 148 93 94
84 85 142 94
148 142 149 94
84 142 148 94
85 142 94 86
142 149 94 150
142 94 86 150
142 86 143 150
94 86 150 95
86 143 150 144
86 150 95 96
86 87 144 96
150 144 151 96
86 144 150 96
87 144 96 88
144 151 96 152
144 96 88 152
144 88 145 152
96 88 152 97
91 146 100 92
146 153 100 154
146 100 92 154
146 92 147 154
100 92 154 101
92 147 154 148
92 154 101 102
92 93 148 102
154 148 155 102
92 148 154 102
93 148 102 94
148 155 102 156
148 102 94 156
148 94 149 156
102 94 156 103
94 149 156 150
94 156 103 104
94 95 150 104
156 150 157 104
94 150 156 104
95 150 104 96
150 157 104 158
150 104 96 158
150 96 151 158
104 96 158 105
96 151 158 152
96 158 105 106
96 97 152 106
158 152 159 106
96 152 158 106
101 154 110 102
154 160 110 161
154 110 102 161
154 102 155 161
110 102 161 111
102 155 161 156
102 161 111 112
102 103 156 112
161 156 162 112
102 156 161 112
103 156 112 104
156 162 112 163
156 112 104 163
156 104 157 163
112 104 163 113
104 157 163 158
104 163 113 114
104 105 158 114
163 158 164 114
104 158 163 114
105 158 114 106
158 164 114 165
158 114 106 165
158 106 159 165
114 106 165 115
110 160 166 161
110 166 118 119
110 111 161 119
166 161 167 119
110 161 166 119
111 161 119 112
161 167 119 168
161 119 112 168
161 112 162 168
119 112 168 120
112 162 168 163
112 168 120 121
112 113 163 121
168 163 169 121
112 163 168 121
113 163 121 114
163 169 121 170
163 121 114 170
163 114 164 170
121 114 170 122
123 173 178 174
123 178 128 129
123 124 174 129
178 174 179 129
123 174 178 129
124 174 129 125
174 179 129 180
174 129 125 180
174 125 175 180
129 125 180 130
125 175 180 176
125 180 130 131
125 126 176 131
180 176 181 131
125 176 180 131
127 177 182 178
127 182 133 134
127 128 178 134
182 178 183 134
127 178 182 134
128 178 134 129
178 183 134 184
178 134 129 184
178 129 179 184
134 129 184 135
129 179 184 180
129 184 135 136
129 130 180 136
184 180 185 136
129 180 184 136
130 180 136 131
180 185 136 186
180 136 131 186
180 131 181 186
136 131 186 137
136 185 190 186
136 190 143 144
136 137 186 144
190 186 191 144
136 186 190 144
137 186 144 138
186 191 144 192
186 144 138 192
186 138 187 192
144 138 192 145
141 188 148 142
188 194 148 195
188 148 142 195
188 142 189 195
148 142 195 149
142 189 195 190
142 195 149 150
142 143 190 150
195 190 196 150
142 190 195 150
143 190 150 144
190 196 150 197
190 150 144 197
190 144 191 197
150 144 197 151
144 191 197 192
144 197 151 152
144 145 192 152
197 192 198 152
144 192 197 152
147 193 154 148
193 199 154 200
193 154 148 200
193 148 194 200
154 148 200 155
148 194 200 195
148 200 155 156
148 149 195 156
200 195 201 156
148 195 200 156
149 195 156 150
195 201 156 202
195 156 150 202
195 150 196 202
156 150 202 157
150 196 202 197
150 202 157 158
150 151 197 158
202 197 203 158
150 197 202 158
151 197 158 152
197 203 158 204
197 158 152 204
197 152 198 204
158 152 204 159
154 199 205 200
154 205 160 161
154 155 200 161
205 200 206 161
154 200 205 161
155 200 161 156
200 206 161 207
200 161 156 207
200 156 201 207
161 156 207 162
156 201 207 202
156 207 162 163
156 157 202 163
207 202 208 163
156 202 207 163
157 202 163 158
202 208 163 209
202 163 158 209
202 158 203 209
163 158 209 164
161 206 210 207
161 210 167 168
161 162 207 168
210 207 211 168
161 207 210 168
162 207 168 163
207 211 168 212
207 168 163 212
207 163 208 212
168 163 212 169
168 211 213 212
168 213 171 172
168 169 212 172
213 212 214 172
168 212 213 172
173 215 178 174
215 219 178 220
215 178 174 220
215 174 216 220
178 174 220 179
174 216 220 217
174 220 179 180
174 175 217 180
220 217 221 180
174 217 220 180
175 217 180 176
217 221 180 222
217 180 176 222
217 176 218 222
180 176 222 181
178 219 223 220
178 223 183 184
178 179 220 184
223 220 224 184
178 220 223 184
179 220 184 180
220 224 184 225
220 184 180 225
220 180 221 225
184 180 225 185
180 221 225 222
180 225 185 186
180 181 222 186
225 222 226 186
180 222 225 186
184 224 229 225
184 229 189 190
184 185 225 190
229 225 230 190
184 225 229 190
185 225 190 186
225 230 190 231
225 190 186 231
225 186 226 231
190 186 231 191
186 226 231 227
186 231 191 192
186 187 227 192
231 227 232 192
186 227 231 192
188 228 233 229
188 233 194 195
188 189 229 195
233 229 234 195
188 229 233 195
189 229 195 190
229 234 195 235
229 195 190 235
229 190 230 235
195 190 235 196
194 233 200 195
233 237 200 238
233 200 195 238
233 195 234 238
200 195 238 201
195 234 238 235
195 238 201 202
195 196 235 202
238 235 239 202
195 235 238 202
200 237 240 238
200 240 206 207
200 201 238 207
240 238 241 207
200 238 240 207
201 238 207 202
238 241 207 242
238 207 202 242
238 202 239 242
207 202 242 208
207 241 243 242
207 243 211 212
207 208 242 212
243 242 244 212
207 242 243 212
220 245 248 246
220 248 224 225
220 221 246 225
248 246 249 225
220 246 248 225
221 246 225 222
246 249 225 250
246 225 222 250
246 222 247 250
225 222 250 226
224 248 229 225
248 253 229 254
248 229 225 254
248 225 249 254
229 225 254 230
225 249 254 250
225 254 230 231
225 226 250 231
254 250 255 231
225 250 254 231
228 252 233 229
252 257 233 258
252 233 229 258
252 229 253 258
233 229 258 234
229 253 258 254
229 258 234 235
229 230 254 235
258 254 259 235
229 254 258 235
230 254 235 231
254 259 235 260
254 235 231 260
254 231 255 260
235 231 260 236
233 257 261 258
233 261 237 238
233 234 258 238
261 258 262 238
233 258 261 238
234 258 238 235
258 262 238 263
258 238 235 263
258 235 259 263
238 235 263 239
245 264 248 246
264 267 248 268
264 248 246 268
264 246 265 268
248 246 268 249
246 265 268 266
246 268 249 250
246 247 266 250
268 266 269 250
246 266 268 250
248 267 272 268
248 272 253 254
248 249 268 254
272 268 273 254
248 268 272 254
249 268 254 250
268 273 254 274
268 254 250 274
268 250 269 274
254 250 274 255
250 269 274 270
250 274 255 256
250 251 270 256
274 270 275 256
250 270 274 256
252 271 276 272
252 276 257 258
252 253 272 258
276 272 277 258
252 272 276 258
253 272 258 254
272 277 258 278
272 258 254 278
272 254 273 278
258 254 278 259
254 273 278 274
254 278 259 260
254 255 274 260
278 274 279 260
254 274 278 260
257 276 261 258
276 280 261 281
276 261 258 281
276 258 277 281
261 258 281 262
258 277 281 278
258 281 262 263
258 259 278 263
281 278 282 263
258 278 281 263
265 283 268 266
283 285 268 286
283 268 266 286
283 266 284 286
268 266 286 269
269 286 274 270
286 289 274 290
286 274 270 290
286 270 287 290
274 270 290 275
273 288 278 274
288 291 278 292
288 278 274 292
288 274 289 292
278 274 292 279
