# CentVoxTetrahedralizerHybrid tetrahedral mesh
# Detection mode: HYBRID
# Grid: 8^3
# Merge block size: 1
# Protection layers: 1
# Smoothed: Yes
# Vertices: 270
# Tetrahedra: 720

VERTICES
-1.300384 -1.053883 -2.267275
-0.695520 -1.053883 -2.267275
-1.300384 -0.449020 -2.267275
-0.695520 -0.449020 -2.267275
-1.300384 -1.053883 -1.662412
-0.695520 -1.053883 -1.662412
-1.300384 -0.449020 -1.662412
-0.695520 -0.449020 -1.662412
-0.090657 -1.053883 -2.267275
-0.090657 -0.449020 -2.267275
-0.090657 -1.053883 -1.662412
-0.090657 -0.449020 -1.662412
-1.300384 0.155844 -2.267275
-0.695520 0.155844 -2.267275
-1.300384 0.155844 -1.662412
-0.695520 0.155844 -1.662412
-0.090657 0.155844 -2.267275
-0.090657 0.155844 -1.662412
-1.905247 0.155844 -2.267275
-1.905247 0.760707 -2.267275
-1.300384 0.760707 -2.267275
-1.905247 0.155844 -1.662412
-1.905247 0.760707 -1.662412
-1.300384 0.760707 -1.662412
-0.695520 0.760707 -2.267275
-0.695520 0.760707 -1.662412
-0.090657 0.760707 -2.267275
-0.090657 0.760707 -1.662412
-1.300384 1.365570 -2.267275
-0.695520 1.365570 -2.267275
-1.300384 1.365570 -1.662412
-0.695520 1.365570 -1.662412
-1.300384 -1.053883 -1.057549
-0.695520 -1.053883 -1.057549
-1.300384 -0.449020 -1.057549
-0.695520 -0.449020 -1.057549
-0.090657 -1.053883 -1.057549
-0.090657 -0.449020 -1.057549
-1.905247 -0.449020 -1.662412
-1.905247 -0.449020 -1.057549
-1.905247 0.155844 -1.057549
-1.300384 0.155844 -1.057549
-0.695520 0.155844 -1.057549
-0.090657 0.155844 -1.057549
-1.905247 0.760707 -1.057549
-1.300384 0.760707 -1.057549
-0.695520 0.760707 -1.057549
-0.090657 0.760707 -1.057549
-1.905247 1.365570 -1.662412
-1.905247 1.365570 -1.057549
-1.300384 1.365570 -1.057549
-0.695520 1.365570 -1.057549
-0.090657 1.365570 -1.662412
-0.090657 1.365570 -1.057549
-1.300384 1.970434 -1.662412
-0.695520 1.970434 -1.662412
-1.300384 1.970434 -1.057549
-0.695520 1.970434 -1.057549
-1.300384 -1.658747 -1.057549
-0.695520 -1.658747 -1.057549
-1.300384 -1.658747 -0.452685
-0.695520 -1.658747 -0.452685
-1.300384 -1.053883 -0.452685
-0.695520 -1.053883 -0.452685
-0.090657 -1.658747 -1.057549
-0.090657 -1.658747 -0.452685
-0.090657 -1.053883 -0.452685
0.514207 -1.658747 -1.057549
0.514207 -1.053883 -1.057549
0.514207 -1.658747 -0.452685
0.514207 -1.053883 -0.452685
-1.905247 -1.053883 -1.057549
-1.905247 -1.053883 -0.452685
-1.905247 -0.449020 -0.452685
-1.300384 -0.449020 -0.452685
-0.695520 -0.449020 -0.452685
-0.090657 -0.449020 -0.452685
0.514207 -0.449020 -1.057549
0.514207 -0.449020 -0.452685
-1.905247 0.155844 -0.452685
-1.300384 0.155844 -0.452685
-0.695520 0.155844 -0.452685
-0.090657 0.155844 -0.452685
0.514207 0.155844 -1.057549
0.514207 0.155844 -0.452685
-1.905247 0.760707 -0.452685
-1.300384 0.760707 -0.452685
-0.695520 0.760707 -0.452685
-0.090657 0.760707 -0.452685
0.514207 0.760707 -1.057549
0.514207 0.760707 -0.452685
1.119070 0.155844 -1.057549
1.119070 0.760707 -1.057549
1.119070 0.155844 -0.452685
1.119070 0.760707 -0.452685
-1.905247 1.365570 -0.452685
-1.300384 1.365570 -0.452685
-0.695520 1.365570 -0.452685
-0.090657 1.365570 -0.452685
0.514207 1.365570 -1.057549
0.514207 1.365570 -0.452685
-1.905247 1.970434 -1.057549
-1.905247 1.970434 -0.452685
-1.300384 1.970434 -0.452685
-0.695520 1.970434 -0.452685
-0.090657 1.970434 -1.057549
-0.090657 1.970434 -0.452685
-1.300384 -1.658747 0.152178
-0.695520 -1.658747 0.152178
-1.300384 -1.053883 0.152178
-0.695520 -1.053883 0.152178
-0.090657 -1.658747 0.152178
-0.090657 -1.053883 0.152178
0.514207 -1.658747 0.152178
0.514207 -1.053883 0.152178
1.119070 -1.658747 -0.452685
1.119070 -1.053883 -0.452685
1.119070 -1.658747 0.152178
1.119070 -1.053883 0.152178
1.723934 -1.658747 -0.452685
1.723934 -1.053883 -0.452685
1.723934 -1.658747 0.152178
1.723934 -1.053883 0.152178
2.328797 -1.658747 -0.452685
2.328797 -1.053883 -0.452685
2.328797 -1.658747 0.152178
2.328797 -1.053883 0.152178
-1.905247 -1.053883 0.152178
-1.905247 -0.449020 0.152178
-1.300384 -0.449020 0.152178
-0.695520 -0.449020 0.152178
-0.090657 -0.449020 0.152178
0.514207 -0.449020 0.152178
1.119070 -0.449020 -0.452685
1.119070 -0.449020 0.152178
1.723934 -0.449020 -0.452685
1.723934 -0.449020 0.152178
-1.905247 0.155844 0.152178
-1.300384 0.155844 0.152178
-0.695520 0.155844 0.152178
-0.090657 0.155844 0.152178
0.514207 0.155844 0.152178
1.119070 0.155844 0.152178
1.723934 0.155844 -0.452685
1.723934 0.155844 0.152178
-1.905247 0.760707 0.152178
-1.300384 0.760707 0.152178
-0.695520 0.760707 0.152178
-0.090657 0.760707 0.152178
0.514207 0.760707 0.152178
1.119070 0.760707 0.152178
1.723934 0.760707 -0.452685
1.723934 0.760707 0.152178
-1.905247 1.365570 0.152178
-1.300384 1.365570 0.152178
-0.695520 1.365570 0.152178
-0.090657 1.365570 0.152178
0.514207 1.365570 0.152178
1.119070 1.365570 -0.452685
1.119070 1.365570 0.152178
-1.905247 1.970434 0.152178
-1.300384 1.970434 0.152178
-0.695520 1.970434 0.152178
-0.090657 1.970434 0.152178
0.514207 1.970434 -0.452685
0.514207 1.970434 0.152178
-1.300384 -1.658747 0.757042
-0.695520 -1.658747 0.757042
-1.300384 -1.053883 0.757042
-0.695520 -1.053883 0.757042
-0.090657 -1.658747 0.757042
-0.090657 -1.053883 0.757042
0.514207 -1.658747 0.757042
0.514207 -1.053883 0.757042
1.119070 -1.658747 0.757042
1.119070 -1.053883 0.757042
1.723934 -1.658747 0.757042
1.723934 -1.053883 0.757042
2.328797 -1.658747 0.757042
2.328797 -1.053883 0.757042
2.933661 -1.658747 0.152178
2.933661 -1.053883 0.152178
2.933661 -1.658747 0.757042
2.933661 -1.053883 0.757042
-1.905247 -1.053883 0.757042
-1.905247 -0.449020 0.757042
-1.300384 -0.449020 0.757042
-0.695520 -0.449020 0.757042
-0.090657 -0.449020 0.757042
0.514207 -0.449020 0.757042
1.119070 -0.449020 0.757042
1.723934 -0.449020 0.757042
2.328797 -0.449020 0.152178
2.328797 -0.449020 0.757042
2.933661 -0.449020 0.152178
2.933661 -0.449020 0.757042
-1.905247 0.155844 0.757042
-1.300384 0.155844 0.757042
-0.695520 0.155844 0.757042
-0.090657 0.155844 0.757042
0.514207 0.155844 0.757042
1.119070 0.155844 0.757042
1.723934 0.155844 0.757042
2.328797 0.155844 0.152178
2.328797 0.155844 0.757042
2.933661 0.155844 0.152178
2.933661 0.155844 0.757042
-1.905247 0.760707 0.757042
-1.300384 0.760707 0.757042
-0.695520 0.760707 0.757042
-0.090657 0.760707 0.757042
0.514207 0.760707 0.757042
1.119070 0.760707 0.757042
1.723934 0.760707 0.757042
2.328797 0.760707 0.152178
2.328797 0.760707 0.757042
2.933661 0.760707 0.152178
2.933661 0.760707 0.757042
-1.905247 1.365570 0.757042
-1.300384 1.365570 0.757042
-0.695520 1.365570 0.757042
-0.090657 1.365570 0.757042
0.514207 1.365570 0.757042
1.119070 1.365570 0.757042
-1.300384 1.970434 0.757042
-0.695520 1.970434 0.757042
-0.090657 1.970434 0.757042
0.514207 1.970434 0.757042
-0.695520 -1.658747 1.361905
-0.090657 -1.658747 1.361905
-0.695520 -1.053883 1.361905
-0.090657 -1.053883 1.361905
0.514207 -1.658747 1.361905
0.514207 -1.053883 1.361905
1.119070 -1.658747 1.361905
1.119070 -1.053883 1.361905
1.723934 -1.658747 1.361905
1.723934 -1.053883 1.361905
2.328797 -1.658747 1.361905
2.328797 -1.053883 1.361905
-1.300384 -1.053883 1.361905
-1.300384 -0.449020 1.361905
-0.695520 -0.449020 1.361905
-0.090657 -0.449020 1.361905
0.514207 -0.449020 1.361905
1.119070 -0.449020 1.361905
1.723934 -0.449020 1.361905
2.328797 -0.449020 1.361905
2.933661 -1.053883 1.361905
2.933661 -0.449020 1.361905
-1.300384 0.155844 1.361905
-0.695520 0.155844 1.361905
-0.090657 0.155844 1.361905
0.514207 0.155844 1.361905
1.119070 0.155844 1.361905
1.723934 0.155844 1.361905
2.328797 0.155844 1.361905
2.933661 0.155844 1.361905
-1.300384 0.760707 1.361905
-0.695520 0.760707 1.361905
-0.090657 0.760707 1.361905
0.514207 0.760707 1.361905
1.119070 0.760707 1.361905
1.723934 0.760707 1.361905
2.328797 0.760707 1.361905
2.933661 0.760707 1.361905
-1.300384 1.365570 1.361905
-0.695520 1.365570 1.361905
-0.090657 1.365570 1.361905
0.514207 1.365570 1.361905

TETRAHEDRA
0 1 2 4
1 3 2 7
1 2 4 7
1 4 5 7
2 4 7 6
1 8 9 10
1 9 3 7
1 5 10 7
9 10 11 7
1 10 9 7
2 3 13 7
2 13 12 14
2 6 7 14
13 7 15 14
2 7 13 14
3 9 13 7
9 16 13 17
9 13 7 17
9 7 11 17
13 7 17 15
18 12 20 14
18 20 19 22
18 21 14 22
20 14 23 22
18 14 20 22
12 13 20 14
13 24 20 25
13 20 14 25
13 14 15 25
20 14 25 23
13 16 26 17
13 26 24 25
13 15 17 25
26 17 27 25
13 17 26 25
20 24 29 25
20 29 28 30
20 23 25 30
29 25 31 30
20 25 29 30
4 5 7 33
4 7 6 34
4 32 33 34
7 33 35 34
4 33 7 34
5 10 7 33
10 11 7 37
10 7 33 37
10 33 36 37
7 33 37 35
38 6 14 34
38 14 21 40
38 39 34 40
14 34 41 40
38 34 14 40
6 7 14 34
7 15 14 42
7 14 34 42
7 34 35 42
14 34 42 41
7 11 17 37
7 17 15 42
7 35 37 42
17 37 43 42
7 37 17 42
21 14 22 40
14 23 22 45
14 22 40 45
14 40 41 45
22 40 45 44
14 15 25 42
14 25 23 45
14 41 42 45
25 42 46 45
14 42 25 45
15 17 25 42
17 27 25 47
17 25 42 47
17 42 43 47
25 42 47 46
22 23 30 45
22 30 48 49
22 44 45 49
30 45 50 49
22 45 30 49
23 25 30 45
25 31 30 51
25 30 45 51
25 45 46 51
30 45 51 50
25 27 52 47
25 52 31 51
25 46 47 51
52 47 53 51
25 47 52 51
30 31 55 51
30 55 54 56
30 50 51 56
55 51 57 56
30 51 55 56
58 59 33 61
58 33 32 62
58 60 61 62
33 61 63 62
58 61 33 62
59 64 33 61
64 36 33 66
64 33 61 66
64 61 65 66
33 61 66 63
64 67 68 69
64 68 36 66
64 65 69 66
68 69 70 66
64 69 68 66
71 32 34 62
71 34 39 73
71 72 62 73
34 62 74 73
71 62 34 73
32 33 34 62
33 35 34 75
33 34 62 75
33 62 63 75
34 62 75 74
33 36 37 66
33 37 35 75
33 63 66 75
37 66 76 75
33 66 37 75
36 68 37 66
68 77 37 78
68 37 66 78
68 66 70 78
37 66 78 76
39 34 40 73
34 41 40 80
34 40 73 80
34 73 74 80
40 73 80 79
34 35 42 75
34 42 41 80
34 74 75 80
42 75 81 80
34 75 42 80
35 37 42 75
37 43 42 82
37 42 75 82
37 75 76 82
42 75 82 81
37 77 83 78
37 83 43 82
37 76 78 82
83 78 84 82
37 78 83 82
40 41 45 80
40 45 44 85
40 79 80 85
45 80 86 85
40 80 45 85
41 42 45 80
42 46 45 87
42 45 80 87
42 80 81 87
45 80 87 86
42 43 47 82
42 47 46 87
42 81 82 87
47 82 88 87
42 82 47 87
43 83 47 82
83 89 47 90
83 47 82 90
83 82 84 90
47 82 90 88
83 91 92 93
83 92 89 90
83 84 93 90
92 93 94 90
83 93 92 90
44 45 49 85
45 50 49 96
45 49 85 96
45 85 86 96
49 85 96 95
45 46 51 87
45 51 50 96
45 86 87 96
51 87 97 96
45 87 51 96
46 47 51 87
47 53 51 98
47 51 87 98
47 87 88 98
51 87 98 97
47 89 99 90
47 99 53 98
47 88 90 98
99 90 100 98
47 90 99 98
49 50 56 96
49 56 101 102
49 95 96 102
56 96 103 102
49 96 56 102
50 51 56 96
51 57 56 104
51 56 96 104
51 96 97 104
56 96 104 103
51 53 105 98
51 105 57 104
51 97 98 104
105 98 106 104
51 98 105 104
60 61 62 107
61 63 62 110
61 62 107 110
61 107 108 110
62 107 110 109
61 65 66 111
61 66 63 110
61 108 111 110
66 111 112 110
61 111 66 110
65 69 66 111
69 70 66 114
69 66 111 114
69 111 113 114
66 111 114 112
69 115 116 117
69 116 70 114
69 113 117 114
116 117 118 114
69 117 116 114
115 119 116 117
119 120 116 122
119 116 117 122
119 117 121 122
116 117 122 118
119 123 124 125
119 124 120 122
119 121 125 122
124 125 126 122
119 125 124 122
72 62 73 127
62 74 73 129
62 73 127 129
62 127 109 129
73 127 129 128
62 63 75 110
62 75 74 129
62 109 110 129
75 110 130 129
62 110 75 129
63 66 75 110
66 76 75 131
66 75 110 131
66 110 112 131
75 110 131 130
66 70 78 114
66 78 76 131
66 112 114 131
78 114 132 131
66 114 78 131
70 116 78 114
116 133 78 134
116 78 114 134
116 114 118 134
78 114 134 132
116 120 135 122
116 135 133 134
116 118 122 134
135 122 136 134
116 122 135 134
73 74 80 129
73 80 79 137
73 128 129 137
80 129 138 137
73 129 80 137
74 75 80 129
75 81 80 139
75 80 129 139
75 129 130 139
80 129 139 138
75 76 82 131
75 82 81 139
75 130 131 139
82 131 140 139
75 131 82 139
76 78 82 131
78 84 82 141
78 82 131 141
78 131 132 141
82 131 141 140
78 133 93 134
78 93 84 141
78 132 134 141
93 134 142 141
78 134 93 141
133 135 93 134
135 143 93 144
135 93 134 144
135 134 136 144
93 134 144 142
79 80 85 137
80 86 85 146
80 85 137 146
80 137 138 146
85 137 146 145
80 81 87 139
80 87 86 146
80 138 139 146
87 139 147 146
80 139 87 146
81 82 87 139
82 88 87 148
82 87 139 148
82 139 140 148
87 139 148 147
82 84 90 141
82 90 88 148
82 140 141 148
90 141 149 148
82 141 90 148
84 93 90 141
93 94 90 150
93 90 141 150
93 141 142 150
90 141 150 149
93 143 151 144
93 151 94 150
93 142 144 150
151 144 152 150
93 144 151 150
85 86 96 146
85 96 95 153
85 145 146 153
96 146 154 153
85 146 96 153
86 87 96 146
87 97 96 155
87 96 146 155
87 146 147 155
96 146 155 154
87 88 98 148
87 98 97 155
87 147 148 155
98 148 156 155
87 148 98 155
88 90 98 148
90 100 98 157
90 98 148 157
90 148 149 157
98 148 157 156
90 94 158 150
90 158 100 157
90 149 150 157
158 150 159 157
90 150 158 157
95 96 102 153
96 103 102 161
96 102 153 161
96 153 154 161
102 153 161 160
96 97 104 155
96 104 103 161
96 154 155 161
104 155 162 161
96 155 104 161
97 98 104 155
98 106 104 163
98 104 155 163
98 155 156 163
104 155 163 162
98 100 164 157
98 164 106 163
98 156 157 163
164 157 165 163
98 157 164 163
107 108 110 167
107 110 109 168
107 166 167 168
110 167 169 168
107 167 110 168
108 111 110 167
111 112 110 171
111 110 167 171
111 167 170 171
110 167 171 169
111 113 114 172
111 114 112 171
111 170 172 171
114 172 173 171
111 172 114 171
113 117 114 172
117 118 114 175
117 114 172 175
117 172 174 175
114 172 175 173
117 121 122 176
117 122 118 175
117 174 176 175
122 176 177 175
117 176 122 175
121 125 122 176
125 126 122 179
125 122 176 179
125 176 178 179
122 176 179 177
125 180 181 182
125 181 126 179
125 178 182 179
181 182 183 179
125 182 181 179
127 109 129 168
127 129 128 185
127 184 168 185
129 168 186 185
127 168 129 185
109 110 129 168
110 130 129 187
110 129 168 187
110 168 169 187
129 168 187 186
110 112 131 171
110 131 130 187
110 169 171 187
131 171 188 187
110 171 131 187
112 114 131 171
114 132 131 189
114 131 171 189
114 171 173 189
131 171 189 188
114 118 134 175
114 134 132 189
114 173 175 189
134 175 190 189
114 175 134 189
118 122 134 175
122 136 134 191
122 134 175 191
122 175 177 191
134 175 191 190
122 126 192 179
122 192 136 191
122 177 179 191
192 179 193 191
122 179 192 191
126 181 192 179
181 194 192 195
181 192 179 195
181 179 183 195
192 179 195 193
128 129 137 185
129 138 137 197
129 137 185 197
129 185 186 197
137 185 197 196
129 130 139 187
129 139 138 197
129 186 187 197
139 187 198 197
129 187 139 197
130 131 139 187
131 140 139 199
131 139 187 199
131 187 188 199
139 187 199 198
131 132 141 189
131 141 140 199
131 188 189 199
141 189 200 199
131 189 141 199
132 134 141 189
134 142 141 201
134 141 189 201
134 189 190 201
141 189 201 200
134 136 144 191
134 144 142 201
134 190 191 201
144 191 202 201
134 191 144 201
136 192 144 191
192 203 144 204
192 144 191 204
192 191 193 204
144 191 204 202
192 194 205 195
192 205 203 204
192 193 195 204
205 195 206 204
192 195 205 204
137 138 146 197
137 146 145 207
137 196 197 207
146 197 208 207
137 197 146 207
138 139 146 197
139 147 146 209
139 146 197 209
139 197 198 209
146 197 209 208
139 140 148 199
139 148 147 209
139 198 199 209
148 199 210 209
139 199 148 209
140 141 148 199
141 149 148 211
141 148 199 211
141 199 200 211
148 199 211 210
141 142 150 201
141 150 149 211
141 200 201 211
150 201 212 211
141 201 150 211
142 144 150 201
144 152 150 213
144 150 201 213
144 201 202 213
150 201 213 212
144 203 214 204
144 214 152 213
144 202 204 213
214 204 215 213
144 204 214 213
203 205 214 204
205 216 214 217
205 214 204 217
205 204 206 217
214 204 217 215
145 146 153 207
146 154 153 219
146 153 207 219
146 207 208 219
153 207 219 218
146 147 155 209
146 155 154 219
146 208 209 219
155 209 220 219
146 209 155 219
147 148 155 209
148 156 155 221
148 155 209 221
148 209 210 221
155 209 221 220
148 149 157 211
148 157 156 221
148 210 211 221
157 211 222 221
148 211 157 221
149 150 157 211
150 159 157 223
150 157 211 223
150 211 212 223
157 211 223 222
154 155 161 219
155 162 161 225
155 161 219 225
155 219 220 225
161 219 225 224
155 156 163 221
155 163 162 225
155 220 221 225
163 221 226 225
155 221 163 225
156 157 163 221
157 165 163 227
157 163 221 227
157 221 222 227
163 221 227 226
167 170 171 229
167 171 169 230
167 228 229 230
171 229 231 230
167 229 171 230
170 172 171 229
172 173 171 233
172 171 229 233
172 229 232 233
171 229 233 231
172 174 175 234
172 175 173 233
172 232 234 233
175 234 235 233
172 234 175 233
174 176 175 234
176 177 175 237
176 175 234 237
176 234 236 237
175 234 237 235
176 178 179 238
176 179 177 237
176 236 238 237
179 238 239 237
176 238 179 237
168 169 187 230
168 187 186 241
168 240 230 241
187 230 242 241
168 230 187 241
169 171 187 230
171 188 187 243
171 187 230 243
171 230 231 243
187 230 243 242
171 173 189 233
171 189 188 243
171 231 233 243
189 233 244 243
171 233 189 243
173 175 189 233
175 190 189 245
175 189 233 245
175 233 235 245
189 233 245 244
175 177 191 237
175 191 190 245
175 235 237 245
191 237 246 245
175 237 191 245
177 179 191 237
179 193 191 247
179 191 237 247
179 237 239 247
191 237 247 246
179 183 195 248
179 195 193 247
179 239 248 247
195 248 249 247
179 248 195 247
186 187 197 241
187 198 197 251
187 197 241 251
187 241 242 251
197 241 251 250
187 188 199 243
187 199 198 251
187 242 243 251
199 243 252 251
187 243 199 251
188 189 199 243
189 200 199 253
189 199 243 253
189 243 244 253
199 243 253 252
189 190 201 245
189 201 200 253
189 244 245 253
201 245 254 253
189 245 201 253
190 191 201 245
191 202 201 255
191 201 245 255
191 245 246 255
201 245 255 254
191 193 204 247
191 204 202 255
191 246 247 255
204 247 256 255
191 247 204 255
193 195 204 247
195 206 204 257
195 204 247 257
195 247 249 257
204 247 257 256
197 198 209 251
197 209 208 258
197 250 251 258
209 251 259 258
197 251 209 258
198 199 209 251
199 210 209 260
199 209 251 260
199 251 252 260
209 251 260 259
199 200 211 253
199 211 210 260
199 252 253 260
211 253 261 260
199 253 211 260
200 201 211 253
201 212 211 262
201 211 253 262
201 253 254 262
211 253 262 261
201 202 213 255
201 213 212 262
201 254 255 262
213 255 263 262
201 255 213 262
202 204 213 255
204 215 213 264
204 213 255 264
204 255 256 264
213 255 264 263
204 206 217 257
204 217 215 264
204 256 257 264
217 257 265 264
204 257 217 264
208 209 219 258
209 220 219 267
209 219 258 267
209 258 259 267
219 258 267 266
209 210 221 260
209 221 220 267
209 259 260 267
221 260 268 267
209 260 221 267
210 211 221 260
211 222 221 269
211 221 260 269
211 260 261 269
221 260 269 268

EDGES
0 1
0 2
0 4
1 2
1 3
1 4
1 5
1 7
1 8
1 9
1 10
2 3
2 4
2 6
2 7
2 12
2 13
2 14
3 7
3 9
3 13
4 5
4 6
4 7
4 32
4 33
4 34
5 7
5 10
5 33
6 7
6 14
6 34
6 38
7 9
7 10
7 11
7 13
7 14
7 15
7 17
7 33
7 34
7 35
7 37
7 42
8 9
8 10
9 10
9 11
9 13
9 16
9 17
10 11
10 33
10 36
10 37
11 17
11 37
12 13
12 14
12 18
12 20
13 14
13 15
13 16
13 17
13 20
13 24
13 25
13 26
14 15
14 18
14 20
14 21
14 22
14 23
14 25
14 34
14 38
14 40
14 41
14 42
14 45
15 17
15 25
15 42
16 17
16 26
17 25
17 26
17 27
17 37
17 42
17 43
17 47
18 19
18 20
18 21
18 22
19 20
19 22
20 22
20 23
20 24
20 25
20 28
20 29
20 30
21 22
21 38
21 40
22 23
22 30
22 40
22 44
22 45
22 48
22 49
23 25
23 30
23 45
24 25
24 26
24 29
25 26
25 27
25 29
25 30
25 31
25 42
25 45
25 46
25 47
25 51
25 52
26 27
27 47
27 52
28 29
28 30
29 30
29 31
30 31
30 45
30 48
30 49
30 50
30 51
30 54
30 55
30 56
31 51
31 52
31 55
32 33
32 34
32 58
32 62
32 71
33 34
33 35
33 36
33 37
33 58
33 59
33 61
33 62
33 63
33 64
33 66
33 75
34 35
34 38
34 39
34 40
34 41
34 42
34 62
34 71
34 73
34 74
34 75
34 80
35 37
35 42
35 75
36 37
36 64
36 66
36 68
37 42
37 43
37 66
37 68
37 75
37 76
37 77
37 78
37 82
37 83
38 39
38 40
39 40
39 71
39 73
40 41
40 44
40 45
40 73
40 79
40 80
40 85
41 42
41 45
41 80
42 43
42 45
42 46
42 47
42 75
42 80
42 81
42 82
42 87
43 47
43 82
43 83
44 45
44 49
44 85
45 46
45 49
45 50
45 51
45 80
45 85
45 86
45 87
45 96
46 47
46 51
46 87
47 51
47 52
47 53
47 82
47 83
47 87
47 88
47 89
47 90
47 98
47 99
48 49
49 50
49 56
49 85
49 95
49 96
49 101
49 102
50 51
50 56
50 96
51 52
51 53
51 55
51 56
51 57
51 87
51 96
51 97
51 98
51 104
51 105
52 53
53 98
53 99
53 105
54 55
54 56
55 56
55 57
56 57
56 96
56 101
56 102
56 103
56 104
57 104
57 105
58 59
58 60
58 61
58 62
59 61
59 64
60 61
60 62
60 107
61 62
61 63
61 64
61 65
61 66
61 107
61 108
61 110
61 111
62 63
62 71
62 72
62 73
62 74
62 75
62 107
62 109
62 110
62 127
62 129
63 66
63 75
63 110
64 65
64 66
64 67
64 68
64 69
65 66
65 69
65 111
66 68
66 69
66 70
66 75
66 76
66 78
66 110
66 111
66 112
66 114
66 131
67 68
67 69
68 69
68 70
68 77
68 78
69 70
69 111
69 113
69 114
69 115
69 116
69 117
70 78
70 114
70 116
71 72
71 73
72 73
72 127
73 74
73 79
73 80
73 127
73 128
73 129
73 137
74 75
74 80
74 129
75 76
75 80
75 81
75 82
75 110
75 129
75 130
75 131
75 139
76 78
76 82
76 131
77 78
77 83
78 82
78 83
78 84
78 93
78 114
78 116
78 131
78 132
78 133
78 134
78 141
79 80
79 85
79 137
80 81
80 85
80 86
80 87
80 129
80 137
80 138
80 139
80 146
81 82
81 87
81 139
82 83
82 84
82 87
82 88
82 90
82 131
82 139
82 140
82 141
82 148
83 84
83 89
83 90
83 91
83 92
83 93
84 90
84 93
84 141
85 86
85 95
85 96
85 137
85 145
85 146
85 153
86 87
86 96
86 146
87 88
87 96
87 97
87 98
87 139
87 146
87 147
87 148
87 155
88 90
88 98
88 148
89 90
89 92
89 99
90 92
90 93
90 94
90 98
90 99
90 100
90 141
90 148
90 149
90 150
90 157
90 158
91 92
91 93
92 93
92 94
93 94
93 133
93 134
93 135
93 141
93 142
93 143
93 144
93 150
93 151
94 150
94 151
94 158
95 96
95 102
95 153
96 97
96 102
96 103
96 104
96 146
96 153
96 154
96 155
96 161
97 98
97 104
97 155
98 99
98 100
98 104
98 105
98 106
98 148
98 155
98 156
98 157
98 163
98 164
99 100
100 157
100 158
100 164
101 102
102 103
102 153
102 160
102 161
103 104
103 161
104 105
104 106
104 155
104 161
104 162
104 163
105 106
106 163
106 164
107 108
107 109
107 110
107 166
107 167
107 168
108 110
108 111
108 167
109 110
109 127
109 129
109 168
110 111
110 112
110 129
110 130
110 131
110 167
110 168
110 169
110 171
110 187
111 112
111 113
111 114
111 167
111 170
111 171
111 172
112 114
112 131
112 171
113 114
113 117
113 172
114 116
114 117
114 118
114 131
114 132
114 134
114 171
114 172
114 173
114 175
114 189
115 116
115 117
115 119
116 117
116 118
116 119
116 120
116 122
116 133
116 134
116 135
117 118
117 119
117 121
117 122
117 172
117 174
117 175
117 176
118 122
118 134
118 175
119 120
119 121
119 122
119 123
119 124
119 125
120 122
120 124
120 135
121 122
121 125
121 176
122 124
122 125
122 126
122 134
122 135
122 136
122 175
122 176
122 177
122 179
122 191
122 192
123 124
123 125
124 125
124 126
125 126
125 176
125 178
125 179
125 180
125 181
125 182
126 179
126 181
126 192
127 128
127 129
127 168
127 184
127 185
128 129
128 137
128 185
129 130
129 137
129 138
129 139
129 168
129 185
129 186
129 187
129 197
130 131
130 139
130 187
131 132
131 139
131 140
131 141
131 171
131 187
131 188
131 189
131 199
132 134
132 141
132 189
133 134
133 135
134 135
134 136
134 141
134 142
134 144
134 175
134 189
134 190
134 191
134 201
135 136
135 143
135 144
136 144
136 191
136 192
137 138
137 145
137 146
137 185
137 196
137 197
137 207
138 139
138 146
138 197
139 140
139 146
139 147
139 148
139 187
139 197
139 198
139 199
139 209
140 141
140 148
140 199
141 142
141 148
141 149
141 150
141 189
141 199
141 200
141 201
141 211
142 144
142 150
142 201
143 144
143 151
144 150
144 151
144 152
144 191
144 192
144 201
144 202
144 203
144 204
144 213
144 214
145 146
145 153
145 207
146 147
146 153
146 154
146 155
146 197
146 207
146 208
146 209
146 219
147 148
147 155
147 209
148 149
148 155
148 156
148 157
148 199
148 209
148 210
148 211
148 221
149 150
149 157
149 211
150 151
150 152
150 157
150 158
150 159
150 201
150 211
150 212
150 213
150 223
151 152
152 213
152 214
153 154
153 160
153 161
153 207
153 218
153 219
154 155
154 161
154 219
155 156
155 161
155 162
155 163
155 209
155 219
155 220
155 221
155 225
156 157
156 163
156 221
157 158
157 159
157 163
157 164
157 165
157 211
157 221
157 222
157 223
157 227
158 159
159 223
160 161
161 162
161 219
161 224
161 225
162 163
162 225
163 164
163 165
163 221
163 225
163 226
163 227
164 165
165 227
166 167
166 168
167 168
167 169
167 170
167 171
167 228
167 229
167 230
168 169
168 184
168 185
168 186
168 187
168 230
168 240
168 241
169 171
169 187
169 230
170 171
170 172
170 229
171 172
171 173
171 187
171 188
171 189
171 229
171 230
171 231
171 233
171 243
172 173
172 174
172 175
172 229
172 232
172 233
172 234
173 175
173 189
173 233
174 175
174 176
174 234
175 176
175 177
175 189
175 190
175 191
175 233
175 234
175 235
175 237
175 245
176 177
176 178
176 179
176 234
176 236
176 237
176 238
177 179
177 191
177 237
178 179
178 182
178 238
179 181
179 182
179 183
179 191
179 192
179 193
179 195
179 237
179 238
179 239
179 247
179 248
180 181
180 182
181 182
181 183
181 192
181 194
181 195
182 183
183 195
183 248
184 185
185 186
185 196
185 197
186 187
186 197
186 241
187 188
187 197
187 198
187 199
187 230
187 241
187 242
187 243
187 251
188 189
188 199
188 243
189 190
189 199
189 200
189 201
189 233
189 243
189 244
189 245
189 253
190 191
190 201
190 245
191 192
191 193
191 201
191 202
191 204
191 237
191 245
191 246
191 247
191 255
192 193
192 194
192 195
192 203
192 204
192 205
193 195
193 204
193 247
194 195
194 205
195 204
195 205
195 206
195 247
195 248
195 249
195 257
196 197
196 207
197 198
197 207
197 208
197 209
197 241
197 250
197 251
197 258
198 199
198 209
198 251
199 200
199 209
199 210
199 211
199 243
199 251
199 252
199 253
199 260
200 201
200 211
200 253
201 202
201 211
201 212
201 213
201 245
201 253
201 254
201 255
201 262
202 204
202 213
202 255
203 204
203 205
203 214
204 205
204 206
204 213
204 214
204 215
204 217
204 247
204 255
204 256
204 257
204 264
205 206
205 214
205 216
205 217
206 217
206 257
207 208
207 218
207 219
208 209
208 219
208 258
209 210
209 219
209 220
209 221
209 251
209 258
209 259
209 260
209 267
210 211
210 221
210 260
211 212
211 221
211 222
211 223
211 253
211 260
211 261
211 262
211 269
212 213
212 223
212 262
213 214
213 215
213 255
213 262
213 263
213 264
214 215
214 216
214 217
215 217
215 264
216 217
217 257
217 264
217 265
218 219
219 220
219 224
219 225
219 258
219 266
219 267
220 221
220 225
220 267
221 222
221 225
221 226
221 227
221 260
221 267
221 268
221 269
222 223
222 227
222 269
224 225
225 226
226 227
228 229
228 230
229 230
229 231
229 232
229 233
230 231
230 240
230 241
230 242
230 243
231 233
231 243
232 233
232 234
233 234
233 235
233 243
233 244
233 245
234 235
234 236
234 237
235 237
235 245
236 237
236 238
237 238
237 239
237 245
237 246
237 247
238 239
239 247
239 248
240 241
241 242
241 250
241 251
242 243
242 251
243 244
243 251
243 252
243 253
244 245
244 253
245 246
245 253
245 254
245 255
246 247
246 255
247 248
247 249
247 255
247 256
247 257
248 249
249 257
250 251
250 258
251 252
251 258
251 259
251 260
252 253
252 260
253 254
253 260
253 261
253 262
254 255
254 262
255 256
255 262
255 263
255 264
256 257
256 264
257 264
257 265
258 259
258 266
258 267
259 260
259 267
260 261
260 267
260 268
260 269
261 262
261 269
262 263
263 264
264 265
266 267
267 268
268 269

SURFACE_TRIANGLES
260 269 268
211 269 261
211 222 269
260 268 267
221 267 268
219 266 267
219 258 266
258 259 267
215 264 217
255 264 263
255 256 264
213 264 215
255 263 262
254 255 262
253 262 261
211 261 262
211 262 212
251 260 259
251 252 260
217 265 257
250 251 258
197 258 208
247 257 256
195 206 257
245 255 254
245 254 253
243 253 252
243 252 251
242 243 251
241 251 250
186 241 197
247 248 249
239 248 247
183 195 248
260 261 269
237 239 247
253 261 260
237 246 245
235 237 245
233 235 245
231 233 243
257 265 264
230 242 241
168 230 240
168 241 186
179 239 238
178 179 238
176 178 238
172 234 232
172 232 229
229 231 230
228 229 230
167 228 230
167 229 228
167 230 169
167 170 229
221 227 226
163 226 227
163 227 165
221 226 225
220 221 225
162 225 163
161 224 225
161 219 224
161 225 162
154 219 161
247 249 257
150 223 212
234 237 235
157 223 159
150 159 223
168 240 241
153 218 219
153 207 218
207 208 219
153 219 154
145 207 153
214 215 217
205 217 206
214 217 216
163 225 226
152 213 214
150 212 213
150 213 152
230 231 243
197 208 207
137 196 207
219 225 224
195 205 206
194 205 195
192 205 194
157 165 227
170 172 229
256 257 264
47 89 83
33 36 64
176 238 236
104 106 105
18 21 22
57 104 105
56 104 57
78 84 93
61 108 107
6 34 38
49 101 56
241 242 251
90 99 100
117 119 121
56 101 102
98 100 99
172 174 234
30 55 31
98 105 106
91 92 93
44 85 49
43 47 83
125 180 182
51 105 53
211 223 222
120 122 124
179 183 248
65 69 111
143 151 144
40 79 85
157 227 222
40 85 44
78 83 84
58 61 60
144 152 214
37 83 77
137 207 145
25 27 26
47 53 99
196 197 207
69 113 111
39 73 40
68 78 70
60 107 62
122 126 124
176 236 234
47 99 89
55 56 57
83 93 84
71 72 73
39 71 73
258 267 266
32 71 34
111 113 172
37 43 83
64 67 69
9 16 17
157 164 165
33 64 59
236 238 237
32 33 58
104 161 162
36 37 68
18 22 19
144 214 203
1 8 10
49 56 50
56 103 104
34 39 38
47 52 53
111 170 167
124 126 125
4 5 33
29 30 31
246 247 255
21 38 40
83 89 92
24 29 25
2 4 6
168 185 184
51 53 52
68 70 69
9 13 16
93 143 135
36 68 64
4 34 6
120 135 122
20 28 29
21 40 22
69 117 113
212 262 213
1 9 8
253 254 262
233 244 243
89 99 90
17 47 43
2 14 12
119 125 121
181 195 183
40 73 79
127 185 128
22 48 30
119 120 124
20 22 23
16 26 17
14 21 18
163 165 164
31 51 52
53 98 99
168 169 230
20 23 30
61 65 111
85 145 153
9 11 10
5 10 33
25 52 27
0 1 4
20 29 24
125 182 178
51 57 105
78 93 133
108 111 167
103 161 104
0 2 1
125 178 176
64 68 67
207 219 218
30 56 54
117 176 174
2 12 13
49 95 102
34 71 39
1 2 3
67 68 69
9 17 11
252 253 260
32 58 62
83 91 93
117 174 172
10 37 36
30 54 55
33 59 58
221 222 227
56 102 103
12 18 20
157 222 223
49 85 95
116 120 119
77 83 78
22 44 49
92 94 93
20 30 28
126 192 181
17 43 37
219 267 220
102 160 161
14 38 21
53 105 98
213 215 214
3 13 9
61 64 65
6 38 14
251 259 258
243 244 253
58 60 62
135 143 144
10 36 33
18 19 20
116 133 135
136 144 192
54 56 55
59 64 61
38 39 40
62 72 71
83 92 91
22 30 23
62 107 109
230 241 240
22 40 44
232 234 233
24 25 26
121 125 176
128 185 137
13 26 16
98 164 100
73 128 137
17 27 47
221 268 269
89 90 92
168 186 185
234 236 237
22 49 48
72 127 73
30 48 49
221 269 222
30 49 50
25 31 52
0 4 2
244 245 253
205 214 216
102 161 103
122 192 126
12 20 13
30 50 56
27 52 47
109 168 127
61 111 108
19 22 20
25 29 31
153 161 160
90 94 92
60 61 107
2 13 3
69 116 115
69 115 117
69 70 116
90 158 94
115 116 119
119 124 123
119 123 125
123 124 125
2 6 14
11 17 37
197 250 258
62 127 72
1 10 5
192 203 205
62 109 127
73 127 128
94 158 150
220 267 221
100 164 157
185 197 196
208 258 219
70 78 116
104 163 106
78 133 116
116 135 120
28 30 29
122 135 136
95 153 102
229 233 231
73 137 79
181 183 182
10 11 37
32 62 71
144 151 152
17 26 27
37 77 68
31 55 51
197 241 250
166 167 168
93 135 133
135 144 136
233 245 244
195 249 248
79 137 85
85 137 145
229 232 233
150 158 159
111 172 170
13 24 26
104 162 163
1 5 4
93 151 143
93 94 151
94 150 151
150 152 151
85 153 95
178 182 179
233 234 235
102 153 160
205 216 217
13 20 24
127 184 185
51 55 57
68 77 78
90 100 158
157 159 158
219 220 225
174 176 234
115 119 117
217 264 265
1 3 9
153 154 161
58 59 61
213 262 263
98 106 164
106 163 164
237 247 246
144 203 192
107 108 167
107 168 109
4 32 34
107 167 166
107 166 168
167 169 168
195 257 249
4 33 32
113 117 172
179 248 239
117 121 176
206 217 257
100 157 158
125 181 180
237 238 239
180 181 182
125 126 181
245 246 255
179 182 183
127 168 184
211 212 223
8 9 10
213 263 264
203 214 205
49 102 101
137 185 196
122 136 192
259 260 267
247 256 255
64 69 65
181 192 194
181 194 195
230 243 242
185 186 197
12 14 18
