# CentVoxTetrahedralizerHybrid tetrahedral mesh
# Detection mode: HYBRID
# Grid: 8^3
# Merge block size: 2
# Protection layers: 2
# Smoothed: Yes
# Vertices: 260
# Tetrahedra: 672

VERTICES
-1.465101 -1.145607 -2.648141
-0.848073 -1.130181 -2.632715
-1.449675 -0.528579 -2.632715
-0.848073 -0.528579 -2.771547
-1.449675 -1.130181 -2.031113
-0.848073 -1.269012 -2.031113
-1.662550 -0.528579 -2.031113
-0.849543 -0.529496 -2.029949
-0.231046 -1.145607 -2.648141
-0.246471 -0.528579 -2.632715
-0.246471 -1.130181 -2.031113
-0.107640 -0.528579 -2.031113
-1.588507 0.211854 -2.697503
-0.848073 0.211854 -2.771547
-1.773615 0.026746 -2.216221
-0.849543 0.210938 -2.029949
-0.200194 0.211854 -2.678993
-0.107640 0.211854 -2.031113
-2.143832 0.396963 -2.586438
-2.205534 0.828882 -2.648141
-1.588507 0.952288 -2.660482
-2.254897 0.211854 -2.031113
-2.217875 0.952288 -2.031113
-1.711913 1.075693 -2.154519
-0.848073 0.952288 -2.697503
-0.662965 1.137396 -2.216221
-0.292748 0.767179 -2.586438
-0.181683 0.952288 -2.031113
-1.465101 1.569316 -2.648141
-1.033182 1.507613 -2.586438
-1.588507 1.692721 -2.031113
-0.848073 1.692721 -2.031113
-1.588507 -1.269012 -1.290680
-0.848073 -1.407844 -1.429511
-1.773615 -0.713687 -1.475788
-0.849543 -0.529496 -1.289516
-0.107640 -1.269012 -1.364723
0.031191 -0.528579 -1.429511
-2.143832 -0.343471 -1.846005
-2.254897 -0.528579 -1.290680
-2.328940 0.211854 -1.290680
-1.589976 0.210938 -1.289516
-0.849543 0.210938 -1.289516
-0.015086 0.211854 -1.383234
-2.328940 0.952288 -1.290680
-1.589976 0.951371 -1.289516
-0.849543 0.951371 -1.289516
0.031191 0.952288 -1.429511
-2.205534 1.569316 -1.907708
-2.217875 1.692721 -1.290680
-1.711913 1.816127 -1.414085
-0.662965 1.877830 -1.475788
-0.292748 1.507613 -1.846005
-0.107640 1.692721 -1.290680
-1.465101 2.309749 -1.907708
-1.033182 2.248046 -1.846005
-1.588507 2.322090 -1.290680
-0.848073 2.359112 -1.290680
-1.403398 -1.824337 -1.105572
-0.848073 -1.916892 -1.198126
-1.495952 -1.916892 -0.550246
-0.848073 -2.009446 -0.550247
-1.727338 -1.407844 -0.550247
-0.849543 -1.269929 -0.549083
-0.107640 -1.870615 -1.151849
-0.107640 -2.009446 -0.550246
-0.109110 -1.269929 -0.549083
0.509388 -1.886040 -1.167274
0.493962 -1.269012 -1.151849
0.632793 -1.898381 -0.550246
0.725348 -1.269012 -0.642801
-2.143832 -1.083904 -1.105572
-2.236386 -1.176458 -0.550246
-2.328940 -0.528579 -0.550246
-1.589976 -0.529496 -0.549083
-0.849543 -0.529496 -0.549083
0.540239 -0.528579 -1.198126
0.771625 -0.528579 -0.689078
-2.328940 0.211854 -0.550246
-1.589976 0.210938 -0.549083
-0.849543 0.210938 -0.549083
0.632793 0.211854 -1.179615
0.756199 0.088449 -0.673652
-2.328940 0.952288 -0.550246
-1.589976 0.951371 -0.549083
0.632793 0.952288 -1.216637
0.817902 1.137396 -0.735355
1.249821 0.335260 -1.167274
1.188119 0.767179 -1.105572
1.373227 0.211854 -0.661311
1.373227 0.952288 -0.550246
-2.328940 1.692721 -0.550246
-1.589976 1.691804 -0.549083
-0.849543 1.691804 -0.549083
0.077468 1.877830 -0.735355
0.447685 1.507613 -1.105572
0.632793 1.692721 -0.550246
-2.205534 2.309749 -1.167274
-2.190109 2.294323 -0.550247
-1.588507 2.433155 -0.550246
-0.848073 2.433155 -0.550247
-0.292748 2.248046 -1.105572
-0.107640 2.359112 -0.550246
-1.449675 -1.870615 0.190187
-0.848073 -2.009446 0.190187
-1.681061 -1.361567 0.190187
-0.849543 -1.269929 0.191351
-0.107640 -2.009446 0.190187
-0.109110 -1.269929 0.191351
0.632793 -2.009446 0.190187
0.631324 -1.269929 0.191351
1.373227 -1.916892 -0.457692
1.373227 -1.269012 -0.550246
1.373227 -2.009446 0.190187
1.371757 -1.269929 0.191351
2.113660 -1.870615 -0.411415
2.113660 -1.269012 -0.476203
2.113660 -2.009446 0.190187
2.298769 -1.083904 0.005078
2.730688 -1.886040 -0.426841
2.668985 -1.454121 -0.365138
2.854094 -1.898381 0.190187
2.854094 -1.269012 0.116144
-2.190109 -1.130181 0.190187
-2.328940 -0.528579 0.190187
-1.589976 -0.529496 0.191351
0.631324 -0.529496 0.191351
1.373227 -0.528579 -0.550246
1.371757 -0.529496 0.191351
1.974829 -0.528579 -0.411415
2.206214 -0.528579 0.097633
-2.328940 0.211854 0.190187
-1.589976 0.210938 0.191351
0.631324 0.210938 0.191351
1.371757 0.210938 0.191351
2.021106 0.211854 -0.457692
2.252491 0.211854 0.051356
-2.328940 0.952288 0.190187
-1.589976 0.951371 0.191351
0.631324 0.951371 0.191351
1.512058 1.091119 0.190187
1.928552 0.767179 -0.365138
2.113660 0.878244 0.190187
-2.217875 1.692721 0.190187
-1.711913 1.816127 0.313592
-0.849543 1.691804 0.191351
-0.109110 1.691804 0.191351
0.771625 1.831553 0.190187
1.188119 1.507613 -0.365138
1.280673 1.600167 0.190187
-2.205534 2.309749 0.066781
-1.588507 2.322090 0.190187
-0.848073 2.433155 0.190187
-0.107640 2.433155 0.190187
0.447685 2.248046 -0.365138
0.540239 2.340600 0.190187
-1.465101 -1.886040 0.807215
-0.848073 -1.898381 0.930620
-1.588507 -1.269012 0.930620
-0.971479 -1.392418 1.054026
-0.107640 -2.009446 0.930620
-0.109110 -1.269929 0.931784
0.632793 -2.009446 0.930620
0.631324 -1.269929 0.931784
1.373227 -2.009446 0.930620
1.371757 -1.269929 0.931784
2.113660 -2.009446 0.930620
2.112190 -1.269929 0.931784
2.854094 -1.935403 0.930620
3.039202 -1.454121 1.115728
3.471122 -1.886040 0.313592
3.455696 -1.269012 0.329018
3.409419 -1.824337 0.745512
3.520484 -1.269012 0.930620
-2.205534 -1.145607 0.807215
-2.190109 -0.528579 0.791789
-1.681061 -0.528579 1.023174
-0.849543 -0.529496 0.931784
-0.109110 -0.529496 0.931784
0.631324 -0.529496 0.931784
1.371757 -0.529496 0.931784
2.112190 -0.529496 0.931784
2.854094 -0.528579 0.190187
2.852624 -0.529496 0.931784
3.501973 -0.528579 0.282741
3.594527 -0.528579 0.930620
-2.236386 0.211854 0.838066
-1.727338 0.211854 1.069452
-0.849543 0.210938 0.931784
-0.109110 0.210938 0.931784
0.631324 0.210938 0.931784
1.371757 0.210938 0.931784
2.112190 0.210938 0.931784
2.854094 0.211854 0.190187
2.852624 0.210938 0.931784
3.455696 0.211854 0.329018
3.594527 0.211854 0.930620
-2.190109 0.952288 0.791789
-1.681061 0.952288 1.023174
-0.849543 0.951371 0.931784
-0.109110 0.951371 0.931784
0.817902 1.137396 1.115728
1.373227 1.026331 0.930620
2.113660 0.952288 0.930620
2.854094 0.813456 0.329018
2.854094 0.952288 0.930620
3.471122 0.828882 0.313592
3.455696 0.813456 0.930620
-2.205534 1.569316 0.807215
-1.588507 1.692721 0.930620
-0.848073 1.785275 1.023174
-0.107640 1.831553 1.069452
0.632793 1.692721 0.930620
1.188119 1.507613 0.745512
-1.465101 2.309749 0.807215
-0.848073 2.294323 0.791789
-0.107640 2.340600 0.838066
0.447685 2.248046 0.745512
-0.724668 -1.886040 1.547648
-0.107640 -1.870615 1.532223
-0.848073 -1.269012 1.559989
-0.107640 -1.269012 1.671054
0.632793 -1.916892 1.578500
0.632793 -1.269012 1.671054
1.373227 -1.870615 1.532223
1.373227 -1.269012 1.671054
2.113660 -1.916892 1.578500
2.113660 -1.269012 1.671054
2.668985 -1.824337 1.485945
2.854094 -1.269012 1.597011
-1.465101 -1.145607 1.547648
-1.449675 -0.528579 1.532223
-0.848073 -0.528579 1.671054
-0.107640 -0.528579 1.671054
0.632793 -0.528579 1.671054
1.373227 -0.528579 1.671054
2.113660 -0.528579 1.671054
2.854094 -0.528579 1.671054
3.409419 -1.083904 1.485945
3.501973 -0.528579 1.578500
-1.495952 0.211854 1.578500
-0.848073 0.211854 1.671054
-0.107640 0.211854 1.671054
0.632793 0.211854 1.671054
1.373227 0.211854 1.671054
2.113660 0.211854 1.671054
2.854094 0.211854 1.671054
3.455696 0.211854 1.532223
-1.449675 0.952288 1.532223
-0.848073 0.952288 1.671054
-0.107640 0.952288 1.671054
0.632793 0.952288 1.597011
1.373227 0.813456 1.532223
2.113660 0.859734 1.578500
2.854094 0.813456 1.532223
3.471122 0.828882 1.547648
-1.465101 1.569316 1.547648
-0.848073 1.553890 1.532223
-0.107640 1.600167 1.578500
0.447685 1.507613 1.485945

TETRAHEDRA
0 1 2 4
1 3 2 7
1 2 4 7
1 4 5 7
2 4 7 6
1 8 9 10
1 9 3 7
1 5 10 7
9 10 11 7
1 10 9 7
2 3 13 7
2 13 12 14
2 6 7 14
13 7 15 14
2 7 13 14
3 9 13 7
9 16 13 17
9 13 7 17
9 7 11 17
13 7 17 15
18 12 20 14
18 20 19 22
18 21 14 22
20 14 23 22
18 14 20 22
12 13 20 14
13 24 20 25
13 20 14 25
13 14 15 25
20 14 25 23
13 16 26 17
13 26 24 25
13 15 17 25
26 17 27 25
13 17 26 25
20 24 29 25
20 29 28 30
20 23 25 30
29 25 31 30
20 25 29 30
4 5 7 33
4 7 6 34
4 32 33 34
7 33 35 34
4 33 7 34
5 10 7 33
10 11 7 37
10 7 33 37
10 33 36 37
7 33 37 35
38 6 14 34
38 14 21 40
38 39 34 40
14 34 41 40
38 34 14 40
6 7 14 34
7 15 14 42
7 14 34 42
7 34 35 42
14 34 42 41
7 11 17 37
7 17 15 42
7 35 37 42
17 37 43 42
7 37 17 42
21 14 22 40
14 23 22 45
14 22 40 45
14 40 41 45
22 40 45 44
14 15 25 42
14 25 23 45
14 41 42 45
25 42 46 45
14 42 25 45
15 17 25 42
17 27 25 47
17 25 42 47
17 42 43 47
25 42 47 46
22 23 30 45
22 30 48 49
22 44 45 49
30 45 50 49
22 45 30 49
23 25 30 45
25 31 30 51
25 30 45 51
25 45 46 51
30 45 51 50
25 27 52 47
25 52 31 51
25 46 47 51
52 47 53 51
25 47 52 51
30 31 55 51
30 55 54 56
30 50 51 56
55 51 57 56
30 51 55 56
58 59 33 61
58 33 32 62
58 60 61 62
33 61 63 62
58 61 33 62
59 64 33 61
64 36 33 66
64 33 61 66
64 61 65 66
33 61 66 63
64 67 68 69
64 68 36 66
64 65 69 66
68 69 70 66
64 69 68 66
71 32 34 62
71 34 39 73
71 72 62 73
34 62 74 73
71 62 34 73
32 33 34 62
33 35 34 75
33 34 62 75
33 62 63 75
34 62 75 74
33 36 37 66
33 37 35 75
33 63 66 75
33 66 37 75
36 68 37 66
68 76 37 77
68 37 66 77
68 66 70 77
37 66 77 75
39 34 40 73
34 41 40 79
34 40 73 79
34 73 74 79
40 73 79 78
34 35 42 75
34 42 41 79
34 74 75 79
42 75 80 79
34 75 42 79
35 37 42 75
37 43 42 80
37 42 75 80
37 76 81 77
37 81 43 80
37 75 77 80
81 77 82 80
37 77 81 80
40 41 45 79
40 45 44 83
40 78 79 83
45 79 84 83
40 79 45 83
41 42 45 79
42 46 45 80
42 45 79 80
45 79 80 84
42 43 47 80
42 47 46 80
43 81 47 80
81 85 47 86
81 47 80 86
81 80 82 86
81 87 88 89
81 88 85 86
81 82 89 86
88 89 90 86
81 89 88 86
44 45 49 83
45 50 49 92
45 49 83 92
45 83 84 92
49 83 92 91
45 46 51 80
45 51 50 92
45 84 80 92
51 80 93 92
45 80 51 92
46 47 51 80
47 53 51 94
47 51 80 94
51 80 94 93
47 85 95 86
47 95 53 94
47 80 86 94
95 86 96 94
47 86 95 94
49 50 56 92
49 56 97 98
49 91 92 98
56 92 99 98
49 92 56 98
50 51 56 92
51 57 56 100
51 56 92 100
51 92 93 100
56 92 100 99
51 53 101 94
51 101 57 100
51 93 94 100
101 94 102 100
51 94 101 100
60 61 62 103
61 63 62 106
61 62 103 106
61 103 104 106
62 103 106 105
61 65 66 107
61 66 63 106
61 104 107 106
66 107 108 106
61 107 66 106
65 69 66 107
69 70 66 110
69 66 107 110
69 107 109 110
66 107 110 108
69 111 112 113
69 112 70 110
69 109 113 110
112 113 114 110
69 113 112 110
111 115 112 113
115 116 112 118
115 112 113 118
115 113 117 118
112 113 118 114
115 119 120 121
115 120 116 118
115 117 121 118
120 121 122 118
115 121 120 118
72 62 73 123
62 74 73 125
62 73 123 125
62 123 105 125
73 123 125 124
62 63 75 106
62 75 74 125
62 105 106 125
62 106 75 125
63 66 75 106
66 106 108 75
66 70 77 110
66 108 110 75
77 110 126 75
66 110 77 75
70 112 77 110
112 127 77 128
112 77 110 128
112 110 114 128
77 110 128 126
112 116 129 118
112 129 127 128
112 114 118 128
129 118 130 128
112 118 129 128
73 74 79 125
73 79 78 131
73 124 125 131
79 125 132 131
73 125 79 131
74 75 79 125
75 79 125 80
79 125 80 132
77 82 80 133
77 80 75 133
77 75 126 133
77 127 89 128
77 89 82 133
77 126 128 133
89 128 134 133
77 128 89 133
127 129 89 128
129 135 89 136
129 89 128 136
129 128 130 136
89 128 136 134
78 79 83 131
79 84 83 138
79 83 131 138
79 131 132 138
83 131 138 137
79 80 84 138
79 132 80 138
80 82 86 133
86 133 139 80
82 89 86 133
89 90 86 140
89 86 133 140
89 133 134 140
86 133 140 139
89 135 141 136
89 141 90 140
89 134 136 140
141 136 142 140
89 136 141 140
83 84 92 138
83 92 91 143
83 137 138 143
92 138 144 143
83 138 92 143
84 80 92 138
80 93 92 145
80 92 138 145
92 138 145 144
80 94 93 145
94 80 146 145
86 96 94 147
86 94 80 147
86 80 139 147
94 80 147 146
86 90 148 140
86 148 96 147
86 139 140 147
148 140 149 147
86 140 148 147
91 92 98 143
92 99 98 151
92 98 143 151
92 143 144 151
98 143 151 150
92 93 100 145
92 100 99 151
92 144 145 151
100 145 152 151
92 145 100 151
93 94 100 145
94 102 100 153
94 100 145 153
94 145 146 153
100 145 153 152
94 96 154 147
94 154 102 153
94 146 147 153
154 147 155 153
94 147 154 153
103 104 106 157
103 106 105 158
103 156 157 158
106 157 159 158
103 157 106 158
104 107 106 157
107 108 106 161
107 106 157 161
107 157 160 161
106 157 161 159
107 109 110 162
107 110 108 161
107 160 162 161
110 162 163 161
107 162 110 161
109 113 110 162
113 114 110 165
113 110 162 165
113 162 164 165
110 162 165 163
113 117 118 166
113 118 114 165
113 164 166 165
118 166 167 165
113 166 118 165
117 121 118 166
121 122 118 169
121 118 166 169
121 166 168 169
118 166 169 167
121 170 171 172
121 171 122 169
121 168 172 169
171 172 173 169
121 172 171 169
123 105 125 158
123 125 124 175
123 174 158 175
125 158 176 175
123 158 125 175
105 106 125 158
106 75 125 177
106 125 158 177
106 158 159 177
125 158 177 176
106 108 75 161
106 159 161 177
75 161 178 177
106 161 75 177
108 110 75 161
110 126 75 179
110 75 161 179
110 161 163 179
75 161 179 178
110 114 128 165
110 128 126 179
110 163 165 179
128 165 180 179
110 165 128 179
114 118 128 165
118 130 128 181
118 128 165 181
118 165 167 181
128 165 181 180
118 122 182 169
118 182 130 181
118 167 169 181
182 169 183 181
118 169 182 181
122 171 182 169
171 184 182 185
171 182 169 185
171 169 173 185
182 169 185 183
124 125 131 175
125 132 131 187
125 131 175 187
125 175 176 187
131 175 187 186
125 75 80 177
125 80 132 187
125 176 177 187
80 177 188 187
125 177 80 187
75 80 177 189
75 177 178 189
80 177 189 188
75 126 133 179
75 133 80 189
75 178 179 189
133 179 190 189
75 179 133 189
126 128 133 179
128 134 133 191
128 133 179 191
128 179 180 191
133 179 191 190
128 130 136 181
128 136 134 191
128 180 181 191
136 181 192 191
128 181 136 191
130 182 136 181
182 193 136 194
182 136 181 194
182 181 183 194
136 181 194 192
182 184 195 185
182 195 193 194
182 183 185 194
195 185 196 194
182 185 195 194
131 132 138 187
131 138 137 197
131 186 187 197
138 187 198 197
131 187 138 197
132 80 138 187
80 138 187 199
80 187 188 199
138 187 199 198
80 188 189 199
80 189 200 199
133 139 80 201
133 80 189 201
133 189 190 201
80 189 201 200
133 134 140 191
133 140 139 201
133 190 191 201
140 191 202 201
133 191 140 201
134 136 140 191
136 142 140 203
136 140 191 203
136 191 192 203
140 191 203 202
136 193 204 194
136 204 142 203
136 192 194 203
204 194 205 203
136 194 204 203
193 195 204 194
195 206 204 207
195 204 194 207
195 194 196 207
204 194 207 205
137 138 143 197
138 144 143 209
138 143 197 209
138 197 198 209
143 197 209 208
138 80 145 199
138 145 144 209
138 198 199 209
145 199 210 209
138 199 145 209
80 146 145 211
80 145 199 211
80 199 200 211
145 199 211 210
80 139 147 201
80 147 146 211
80 200 201 211
147 201 212 211
80 201 147 211
139 140 147 201
140 149 147 213
140 147 201 213
140 201 202 213
147 201 213 212
144 145 151 209
145 152 151 215
145 151 209 215
145 209 210 215
151 209 215 214
145 146 153 211
145 153 152 215
145 210 211 215
153 211 216 215
145 211 153 215
146 147 153 211
147 155 153 217
147 153 211 217
147 211 212 217
153 211 217 216
157 160 161 219
157 161 159 220
157 218 219 220
161 219 221 220
157 219 161 220
160 162 161 219
162 163 161 223
162 161 219 223
162 219 222 223
161 219 223 221
162 164 165 224
162 165 163 223
162 222 224 223
165 224 225 223
162 224 165 223
164 166 165 224
166 167 165 227
166 165 224 227
166 224 226 227
165 224 227 225
166 168 169 228
166 169 167 227
166 226 228 227
169 228 229 227
166 228 169 227
158 159 177 220
158 177 176 231
158 230 220 231
177 220 232 231
158 220 177 231
159 161 177 220
161 178 177 233
161 177 220 233
161 220 221 233
177 220 233 232
161 163 179 223
161 179 178 233
161 221 223 233
179 223 234 233
161 223 179 233
163 165 179 223
165 180 179 235
165 179 223 235
165 223 225 235
179 223 235 234
165 167 181 227
165 181 180 235
165 225 227 235
181 227 236 235
165 227 181 235
167 169 181 227
169 183 181 237
169 181 227 237
169 227 229 237
181 227 237 236
169 173 185 238
169 185 183 237
169 229 238 237
185 238 239 237
169 238 185 237
176 177 187 231
177 188 187 241
177 187 231 241
177 231 232 241
187 231 241 240
177 178 189 233
177 189 188 241
177 232 233 241
189 233 242 241
177 233 189 241
178 179 189 233
179 190 189 243
179 189 233 243
179 233 234 243
189 233 243 242
179 180 191 235
179 191 190 243
179 234 235 243
191 235 244 243
179 235 191 243
180 181 191 235
181 192 191 245
181 191 235 245
181 235 236 245
191 235 245 244
181 183 194 237
181 194 192 245
181 236 237 245
194 237 246 245
181 237 194 245
183 185 194 237
185 196 194 247
185 194 237 247
185 237 239 247
194 237 247 246
187 188 199 241
187 199 198 248
187 240 241 248
199 241 249 248
187 241 199 248
188 189 199 241
189 200 199 250
189 199 241 250
189 241 242 250
199 241 250 249
189 190 201 243
189 201 200 250
189 242 243 250
201 243 251 250
189 243 201 250
190 191 201 243
191 202 201 252
191 201 243 252
191 243 244 252
201 243 252 251
191 192 203 245
191 203 202 252
191 244 245 252
203 245 253 252
191 245 203 252
192 194 203 245
194 205 203 254
194 203 245 254
194 245 246 254
203 245 254 253
194 196 207 247
194 207 205 254
194 246 247 254
207 247 255 254
194 247 207 254
198 199 209 248
199 210 209 257
199 209 248 257
199 248 249 257
209 248 257 256
199 200 211 250
199 211 210 257
199 249 250 257
211 250 258 257
199 250 211 257
200 201 211 250
201 212 211 259
201 211 250 259
201 250 251 259
211 250 259 258

EDGES
0 1
0 2
0 4
1 2
1 3
1 4
1 5
1 7
1 8
1 9
1 10
2 3
2 4
2 6
2 7
2 12
2 13
2 14
3 7
3 9
3 13
4 5
4 6
4 7
4 32
4 33
4 34
5 7
5 10
5 33
6 7
6 14
6 34
6 38
7 9
7 10
7 11
7 13
7 14
7 15
7 17
7 33
7 34
7 35
7 37
7 42
8 9
8 10
9 10
9 11
9 13
9 16
9 17
10 11
10 33
10 36
10 37
11 17
11 37
12 13
12 14
12 18
12 20
13 14
13 15
13 16
13 17
13 20
13 24
13 25
13 26
14 15
14 18
14 20
14 21
14 22
14 23
14 25
14 34
14 38
14 40
14 41
14 42
14 45
15 17
15 25
15 42
16 17
16 26
17 25
17 26
17 27
17 37
17 42
17 43
17 47
18 19
18 20
18 21
18 22
19 20
19 22
20 22
20 23
20 24
20 25
20 28
20 29
20 30
21 22
21 38
21 40
22 23
22 30
22 40
22 44
22 45
22 48
22 49
23 25
23 30
23 45
24 25
24 26
24 29
25 26
25 27
25 29
25 30
25 31
25 42
25 45
25 46
25 47
25 51
25 52
26 27
27 47
27 52
28 29
28 30
29 30
29 31
30 31
30 45
30 48
30 49
30 50
30 51
30 54
30 55
30 56
31 51
31 52
31 55
32 33
32 34
32 58
32 62
32 71
33 34
33 35
33 36
33 37
33 58
33 59
33 61
33 62
33 63
33 64
33 66
33 75
34 35
34 38
34 39
34 40
34 41
34 42
34 62
34 71
34 73
34 74
34 75
34 79
35 37
35 42
35 75
36 37
36 64
36 66
36 68
37 42
37 43
37 66
37 68
37 75
37 76
37 77
37 80
37 81
38 39
38 40
39 40
39 71
39 73
40 41
40 44
40 45
40 73
40 78
40 79
40 83
41 42
41 45
41 79
42 43
42 45
42 46
42 47
42 75
42 79
42 80
43 47
43 80
43 81
44 45
44 49
44 83
45 46
45 49
45 50
45 51
45 79
45 80
45 83
45 84
45 92
46 47
46 51
46 80
47 51
47 52
47 53
47 80
47 81
47 85
47 86
47 94
47 95
48 49
49 50
49 56
49 83
49 91
49 92
49 97
49 98
50 51
50 56
50 92
51 52
51 53
51 55
51 56
51 57
51 80
51 92
51 93
51 94
51 100
51 101
52 53
53 94
53 95
53 101
54 55
54 56
55 56
55 57
56 57
56 92
56 97
56 98
56 99
56 100
57 100
57 101
58 59
58 60
58 61
58 62
59 61
59 64
60 61
60 62
60 103
61 62
61 63
61 64
61 65
61 66
61 103
61 104
61 106
61 107
62 63
62 71
62 72
62 73
62 74
62 75
62 103
62 105
62 106
62 123
62 125
63 66
63 75
63 106
64 65
64 66
64 67
64 68
64 69
65 66
65 69
65 107
66 68
66 69
66 70
66 75
66 77
66 106
66 107
66 108
66 110
67 68
67 69
68 69
68 70
68 76
68 77
69 70
69 107
69 109
69 110
69 111
69 112
69 113
70 77
70 110
70 112
71 72
71 73
72 73
72 123
73 74
73 78
73 79
73 123
73 124
73 125
73 131
74 75
74 79
74 125
75 77
75 79
75 80
75 106
75 108
75 110
75 125
75 126
75 133
75 161
75 177
75 178
75 179
75 189
76 77
76 81
77 80
77 81
77 82
77 89
77 110
77 112
77 126
77 127
77 128
77 133
78 79
78 83
78 131
79 80
79 83
79 84
79 125
79 131
79 132
79 138
80 81
80 82
80 84
80 86
80 92
80 93
80 94
80 125
80 132
80 133
80 138
80 139
80 145
80 146
80 147
80 177
80 187
80 188
80 189
80 199
80 200
80 201
80 211
81 82
81 85
81 86
81 87
81 88
81 89
82 86
82 89
82 133
83 84
83 91
83 92
83 131
83 137
83 138
83 143
84 92
84 138
85 86
85 88
85 95
86 88
86 89
86 90
86 94
86 95
86 96
86 133
86 139
86 140
86 147
86 148
87 88
87 89
88 89
88 90
89 90
89 127
89 128
89 129
89 133
89 134
89 135
89 136
89 140
89 141
90 140
90 141
90 148
91 92
91 98
91 143
92 93
92 98
92 99
92 100
92 138
92 143
92 144
92 145
92 151
93 94
93 100
93 145
94 95
94 96
94 100
94 101
94 102
94 145
94 146
94 147
94 153
94 154
95 96
96 147
96 148
96 154
97 98
98 99
98 143
98 150
98 151
99 100
99 151
100 101
100 102
100 145
100 151
100 152
100 153
101 102
102 153
102 154
103 104
103 105
103 106
103 156
103 157
103 158
104 106
104 107
104 157
105 106
105 123
105 125
105 158
106 107
106 108
106 125
106 157
106 158
106 159
106 161
106 177
107 108
107 109
107 110
107 157
107 160
107 161
107 162
108 110
108 161
109 110
109 113
109 162
110 112
110 113
110 114
110 126
110 128
110 161
110 162
110 163
110 165
110 179
111 112
111 113
111 115
112 113
112 114
112 115
112 116
112 118
112 127
112 128
112 129
113 114
113 115
113 117
113 118
113 162
113 164
113 165
113 166
114 118
114 128
114 165
115 116
115 117
115 118
115 119
115 120
115 121
116 118
116 120
116 129
117 118
117 121
117 166
118 120
118 121
118 122
118 128
118 129
118 130
118 165
118 166
118 167
118 169
118 181
118 182
119 120
119 121
120 121
120 122
121 122
121 166
121 168
121 169
121 170
121 171
121 172
122 169
122 171
122 182
123 124
123 125
123 158
123 174
123 175
124 125
124 131
124 175
125 131
125 132
125 158
125 175
125 176
125 177
125 187
126 128
126 133
126 179
127 128
127 129
128 129
128 130
128 133
128 134
128 136
128 165
128 179
128 180
128 181
128 191
129 130
129 135
129 136
130 136
130 181
130 182
131 132
131 137
131 138
131 175
131 186
131 187
131 197
132 138
132 187
133 134
133 139
133 140
133 179
133 189
133 190
133 191
133 201
134 136
134 140
134 191
135 136
135 141
136 140
136 141
136 142
136 181
136 182
136 191
136 192
136 193
136 194
136 203
136 204
137 138
137 143
137 197
138 143
138 144
138 145
138 187
138 197
138 198
138 199
138 209
139 140
139 147
139 201
140 141
140 142
140 147
140 148
140 149
140 191
140 201
140 202
140 203
140 213
141 142
142 203
142 204
143 144
143 150
143 151
143 197
143 208
143 209
144 145
144 151
144 209
145 146
145 151
145 152
145 153
145 199
145 209
145 210
145 211
145 215
146 147
146 153
146 211
147 148
147 149
147 153
147 154
147 155
147 201
147 211
147 212
147 213
147 217
148 149
149 213
150 151
151 152
151 209
151 214
151 215
152 153
152 215
153 154
153 155
153 211
153 215
153 216
153 217
154 155
155 217
156 157
156 158
157 158
157 159
157 160
157 161
157 218
157 219
157 220
158 159
158 174
158 175
158 176
158 177
158 220
158 230
158 231
159 161
159 177
159 220
160 161
160 162
160 219
161 162
161 163
161 177
161 178
161 179
161 219
161 220
161 221
161 223
161 233
162 163
162 164
162 165
162 219
162 222
162 223
162 224
163 165
163 179
163 223
164 165
164 166
164 224
165 166
165 167
165 179
165 180
165 181
165 223
165 224
165 225
165 227
165 235
166 167
166 168
166 169
166 224
166 226
166 227
166 228
167 169
167 181
167 227
168 169
168 172
168 228
169 171
169 172
169 173
169 181
169 182
169 183
169 185
169 227
169 228
169 229
169 237
169 238
170 171
170 172
171 172
171 173
171 182
171 184
171 185
172 173
173 185
173 238
174 175
175 176
175 186
175 187
176 177
176 187
176 231
177 178
177 187
177 188
177 189
177 220
177 231
177 232
177 233
177 241
178 179
178 189
178 233
179 180
179 189
179 190
179 191
179 223
179 233
179 234
179 235
179 243
180 181
180 191
180 235
181 182
181 183
181 191
181 192
181 194
181 227
181 235
181 236
181 237
181 245
182 183
182 184
182 185
182 193
182 194
182 195
183 185
183 194
183 237
184 185
184 195
185 194
185 195
185 196
185 237
185 238
185 239
185 247
186 187
186 197
187 188
187 197
187 198
187 199
187 231
187 240
187 241
187 248
188 189
188 199
188 241
189 190
189 199
189 200
189 201
189 233
189 241
189 242
189 243
189 250
190 191
190 201
190 243
191 192
191 201
191 202
191 203
191 235
191 243
191 244
191 245
191 252
192 194
192 203
192 245
193 194
193 195
193 204
194 195
194 196
194 203
194 204
194 205
194 207
194 237
194 245
194 246
194 247
194 254
195 196
195 204
195 206
195 207
196 207
196 247
197 198
197 208
197 209
198 199
198 209
198 248
199 200
199 209
199 210
199 211
199 241
199 248
199 249
199 250
199 257
200 201
200 211
200 250
201 202
201 211
201 212
201 213
201 243
201 250
201 251
201 252
201 259
202 203
202 213
202 252
203 204
203 205
203 245
203 252
203 253
203 254
204 205
204 206
204 207
205 207
205 254
206 207
207 247
207 254
207 255
208 209
209 210
209 214
209 215
209 248
209 256
209 257
210 211
210 215
210 257
211 212
211 215
211 216
211 217
211 250
211 257
211 258
211 259
212 213
212 217
212 259
214 215
215 216
216 217
218 219
218 220
219 220
219 221
219 222
219 223
220 221
220 230
220 231
220 232
220 233
221 223
221 233
222 223
222 224
223 224
223 225
223 233
223 234
223 235
224 225
224 226
224 227
225 227
225 235
226 227
226 228
227 228
227 229
227 235
227 236
227 237
228 229
229 237
229 238
230 231
231 232
231 240
231 241
232 233
232 241
233 234
233 241
233 242
233 243
234 235
234 243
235 236
235 243
235 244
235 245
236 237
236 245
237 238
237 239
237 245
237 246
237 247
238 239
239 247
240 241
240 248
241 242
241 248
241 249
241 250
242 243
242 250
243 244
243 250
243 251
243 252
244 245
244 252
245 246
245 252
245 253
245 254
246 247
246 254
247 254
247 255
248 249
248 256
248 257
249 250
249 257
250 251
250 257
250 258
250 259
251 252
251 259
252 253
253 254
254 255
256 257
257 258
258 259

SURFACE_TRIANGLES
201 259 251
250 258 257
211 257 258
249 250 257
210 257 211
248 257 256
209 256 257
209 248 256
209 257 210
207 254 255
246 247 254
205 254 207
245 254 253
203 253 254
245 246 254
203 252 253
244 245 252
243 252 251
201 251 252
243 244 252
241 250 249
241 242 250
211 258 259
240 241 248
187 248 198
237 247 246
185 196 247
237 246 245
235 245 244
233 234 243
233 242 241
232 233 241
231 241 240
231 232 241
250 251 259
176 231 187
169 238 229
225 227 235
223 225 235
221 223 233
233 243 242
220 221 233
220 232 231
220 231 230
158 230 231
158 220 230
234 235 243
158 159 220
227 228 229
169 229 228
226 228 227
168 169 228
166 168 228
224 227 225
224 226 227
222 224 223
219 223 221
218 219 220
157 160 219
211 217 216
153 216 217
211 212 217
210 211 215
209 215 214
151 209 214
151 215 152
201 213 212
140 213 202
140 149 213
153 217 155
209 210 215
197 209 208
143 208 209
197 198 209
143 209 144
137 197 143
160 162 219
204 205 207
195 207 196
195 206 207
195 204 206
187 240 248
140 203 142
162 222 219
44 83 49
61 65 107
99 151 100
247 255 254
32 33 58
56 100 57
53 101 94
98 151 99
13 20 24
203 254 205
85 86 88
18 19 20
49 91 98
94 96 95
56 97 98
219 221 220
49 98 97
20 30 28
49 97 56
49 56 50
235 244 243
73 124 131
53 94 95
86 95 96
171 184 185
204 207 206
219 222 223
152 215 153
237 238 239
136 193 182
30 55 31
58 60 62
87 88 89
81 87 89
39 73 40
43 47 81
193 204 195
81 88 87
166 228 226
77 81 82
173 185 238
62 72 71
158 175 174
98 150 151
111 115 113
227 229 237
76 81 77
62 105 123
68 76 77
37 76 68
55 56 57
169 173 238
118 122 120
158 231 176
100 102 101
81 89 82
39 71 73
32 62 71
32 71 34
131 175 186
184 195 185
2 13 3
9 16 17
85 95 86
98 143 150
113 117 166
59 64 61
142 203 204
136 142 204
94 101 102
112 129 116
61 107 104
33 64 59
116 118 120
207 255 247
131 197 137
58 61 60
36 37 68
64 69 65
211 216 215
169 172 173
18 22 19
1 8 10
6 34 38
115 116 120
47 52 53
51 53 52
33 36 64
29 30 31
21 38 40
51 57 101
103 156 158
28 30 29
68 70 69
9 13 16
36 68 64
20 28 29
4 33 32
40 83 44
201 202 213
1 9 8
17 47 43
131 186 197
2 14 12
14 38 21
16 26 17
158 176 175
13 26 16
47 53 95
81 85 88
62 123 72
22 48 30
20 22 23
170 171 172
14 21 18
19 22 20
83 131 137
164 166 224
31 51 52
113 166 164
136 204 193
237 239 247
100 153 102
198 248 209
12 14 18
9 11 10
5 10 33
147 213 149
47 85 81
8 9 10
64 67 69
162 164 224
18 21 22
0 2 1
64 68 67
30 56 54
248 249 257
1 2 3
124 175 131
242 243 250
4 5 33
185 239 238
37 81 76
116 129 118
32 58 62
220 233 232
223 224 225
223 235 234
10 11 37
10 37 36
30 54 55
157 218 220
25 52 27
0 1 4
121 170 172
4 32 34
33 59 58
235 236 245
12 18 20
201 252 202
4 34 6
13 24 26
185 247 239
72 123 73
162 224 222
78 131 83
3 13 9
166 226 224
1 3 9
70 77 112
34 71 39
54 56 55
37 43 81
34 39 38
60 61 103
38 39 40
1 5 4
157 219 218
17 26 27
153 215 216
86 90 88
25 29 31
22 40 44
24 25 26
31 55 51
182 193 195
17 27 47
223 234 233
243 251 250
51 101 53
103 157 156
68 77 70
201 212 259
40 78 83
22 49 48
102 153 154
30 48 49
175 187 186
88 90 89
245 253 252
25 31 52
0 4 2
12 20 13
27 52 47
187 231 240
58 59 61
196 207 247
69 112 111
47 95 85
69 111 113
69 70 112
69 113 109
118 182 122
211 259 212
56 99 100
111 112 115
112 116 115
77 127 112
113 115 117
115 120 119
123 158 174
119 120 121
10 36 33
115 121 117
120 122 121
21 40 22
115 119 121
140 202 203
121 122 171
73 123 124
62 103 105
49 83 91
51 55 57
229 238 237
140 142 141
86 148 90
143 144 151
61 104 103
60 103 62
69 109 107
112 127 129
143 197 208
73 131 78
17 43 37
77 89 127
77 82 89
89 129 127
241 249 248
89 135 129
129 135 136
2 6 14
11 17 37
67 68 69
9 17 11
143 151 150
25 27 26
30 49 50
121 171 170
147 217 212
71 72 73
135 141 136
89 90 141
1 10 5
136 141 142
118 130 182
83 137 143
22 30 23
90 148 140
86 96 148
30 50 56
96 147 148
140 148 149
147 149 148
94 154 96
91 143 98
24 29 25
100 151 152
227 237 236
100 152 153
20 23 30
96 154 147
94 102 154
113 164 162
61 64 65
6 38 14
147 154 155
153 155 154
103 104 157
103 158 105
156 157 158
2 12 13
105 158 123
104 107 157
107 160 157
107 109 162
107 162 160
65 69 107
109 113 162
118 129 130
117 121 166
121 168 166
157 220 159
121 172 168
168 172 169
171 173 172
123 175 124
123 174 175
2 4 6
89 141 135
20 29 24
144 209 151
227 236 235
147 155 217
40 73 78
122 182 171
171 182 184
171 185 173
83 143 91
175 176 187
57 100 101
22 44 49
236 237 245
129 136 130
130 136 182
182 195 184
90 140 141
157 159 158
185 195 196
202 252 203
186 187 197
187 198 197
203 205 204
147 212 213
56 98 99
250 259 258
151 214 215
