# Voxel-based tetrahedral mesh
# Grid: 4×4×4
# Vertices: 22
# Tetrahedra: 25

VERTICES
-2.585035 0.211854 -2.159161
-0.976121 0.211854 -2.159161
-2.585035 1.820769 -2.159161
-0.976121 1.820769 -2.159161
-2.585035 0.211854 -0.550246
-0.976121 0.211854 -0.550246
-2.585035 1.820769 -0.550246
-0.976121 1.820769 -0.550246
-2.585035 -1.397060 -0.550246
-0.976121 -1.397060 -0.550246
-2.585035 -1.397060 1.058668
-0.976121 -1.397060 1.058668
-2.585035 0.211854 1.058668
-0.976121 0.211854 1.058668
0.632794 -1.397060 -0.550246
0.632794 0.211854 -0.550246
0.632794 -1.397060 1.058668
0.632794 0.211854 1.058668
-2.585035 1.820769 1.058668
-0.976121 1.820769 1.058668
0.632794 1.820769 -0.550246
0.632794 1.820769 1.058668

TETRAHEDRA
0 1 3 5
0 3 2 6
0 4 5 6
3 5 7 6
0 5 3 6
8 9 5 11
8 5 4 12
8 10 11 12
5 11 13 12
8 11 5 12
9 14 5 11
14 15 5 17
14 5 11 17
14 11 16 17
5 11 17 13
4 5 6 12
5 7 6 19
5 6 12 19
5 12 13 19
6 12 19 18
5 15 20 17
5 20 7 19
5 13 17 19
20 17 21 19
5 17 20 19

EDGES
0 1
0 2
0 3
0 4
0 5
0 6
1 3
1 5
2 3
2 6
3 5
3 6
3 7
4 5
4 6
4 8
4 12
5 6
5 7
5 8
5 9
5 11
5 12
5 13
5 14
5 15
5 17
5 19
5 20
6 7
6 12
6 18
6 19
7 19
7 20
8 9
8 10
8 11
8 12
9 11
9 14
10 11
10 12
11 12
11 13
11 14
11 16
11 17
12 13
12 18
12 19
13 17
13 19
14 15
14 16
14 17
15 17
15 20
16 17
17 19
17 20
17 21
18 19
19 20
19 21
20 21

SURFACE_TRIANGLES
17 21 19
17 20 21
15 20 17
5 9 8
1 3 5
0 5 4
8 10 12
3 6 7
4 8 12
0 1 5
3 7 5
19 21 20
13 17 19
14 17 16
0 4 6
8 9 11
0 2 3
10 11 12
7 19 20
0 3 1
5 14 9
9 14 11
5 7 20
11 17 13
11 13 12
2 6 3
5 15 14
14 15 17
11 16 17
4 5 8
6 19 7
6 18 19
8 11 10
12 13 19
4 12 6
6 12 18
0 6 2
12 19 18
11 14 16
5 20 15
