# Direct voxel-based tetrahedral mesh
# Grid: 8×8×8
# Vertices: 270
# Tetrahedra: 720

VERTICES
-2.585035 -1.397060 -1.354704
-2.585035 -1.397060 -0.550246
-2.585035 -1.397060 0.254211
-2.585035 -1.397060 1.058668
-2.585035 -0.592603 -2.159161
-2.585035 -0.592603 -1.354704
-2.585035 -0.592603 -0.550246
-2.585035 -0.592603 0.254211
-2.585035 -0.592603 1.058668
-2.585035 0.211854 -2.963618
-2.585035 0.211854 -2.159161
-2.585035 0.211854 -1.354704
-2.585035 0.211854 -0.550246
-2.585035 0.211854 0.254211
-2.585035 0.211854 1.058668
-2.585035 1.016312 -2.963618
-2.585035 1.016312 -2.159161
-2.585035 1.016312 -1.354704
-2.585035 1.016312 -0.550246
-2.585035 1.016312 0.254211
-2.585035 1.016312 1.058668
-2.585035 1.820769 -2.159161
-2.585035 1.820769 -1.354704
-2.585035 1.820769 -0.550246
-2.585035 1.820769 0.254211
-2.585035 1.820769 1.058668
-2.585035 2.625226 -1.354704
-2.585035 2.625226 -0.550246
-2.585035 2.625226 0.254211
-1.780578 -2.201517 -1.354704
-1.780578 -2.201517 -0.550246
-1.780578 -2.201517 0.254211
-1.780578 -2.201517 1.058668
-1.780578 -1.397060 -2.963618
-1.780578 -1.397060 -2.159161
-1.780578 -1.397060 -1.354704
-1.780578 -1.397060 -0.550246
-1.780578 -1.397060 0.254211
-1.780578 -1.397060 1.058668
-1.780578 -1.397060 1.863125
-1.780578 -0.592603 -2.963618
-1.780578 -0.592603 -2.159161
-1.780578 -0.592603 -1.354704
-1.780578 -0.592603 -0.550246
-1.780578 -0.592603 0.254211
-1.780578 -0.592603 1.058668
-1.780578 -0.592603 1.863125
-1.780578 0.211854 -2.963618
-1.780578 0.211854 -2.159161
-1.780578 0.211854 -1.354704
-1.780578 0.211854 -0.550246
-1.780578 0.211854 0.254211
-1.780578 0.211854 1.058668
-1.780578 0.211854 1.863125
-1.780578 1.016312 -2.963618
-1.780578 1.016312 -2.159161
-1.780578 1.016312 -1.354704
-1.780578 1.016312 -0.550246
-1.780578 1.016312 0.254211
-1.780578 1.016312 1.058668
-1.780578 1.016312 1.863125
-1.780578 1.820769 -2.963618
-1.780578 1.820769 -2.159161
-1.780578 1.820769 -1.354704
-1.780578 1.820769 -0.550246
-1.780578 1.820769 0.254211
-1.780578 1.820769 1.058668
-1.780578 1.820769 1.863125
-1.780578 2.625226 -2.159161
-1.780578 2.625226 -1.354704
-1.780578 2.625226 -0.550246
-1.780578 2.625226 0.254211
-1.780578 2.625226 1.058668
-0.976121 -2.201517 -1.354704
-0.976121 -2.201517 -0.550246
-0.976121 -2.201517 0.254211
-0.976121 -2.201517 1.058668
-0.976121 -2.201517 1.863125
-0.976121 -1.397060 -2.963618
-0.976121 -1.397060 -2.159161
-0.976121 -1.397060 -1.354704
-0.976121 -1.397060 -0.550246
-0.976121 -1.397060 0.254211
-0.976121 -1.397060 1.058668
-0.976121 -1.397060 1.863125
-0.976121 -0.592603 -2.963618
-0.976121 -0.592603 -2.159161
-0.976121 -0.592603 -1.354704
-0.976121 -0.592603 -0.550246
-0.976121 -0.592603 0.254211
-0.976121 -0.592603 1.058668
-0.976121 -0.592603 1.863125
-0.976121 0.211854 -2.963618
-0.976121 0.211854 -2.159161
-0.976121 0.211854 -1.354704
-0.976121 0.211854 -0.550246
-0.976121 0.211854 0.254211
-0.976121 0.211854 1.058668
-0.976121 0.211854 1.863125
-0.976121 1.016312 -2.963618
-0.976121 1.016312 -2.159161
-0.976121 1.016312 -1.354704
-0.976121 1.016312 -0.550246
-0.976121 1.016312 0.254211
-0.976121 1.016312 1.058668
-0.976121 1.016312 1.863125
-0.976121 1.820769 -2.963618
-0.976121 1.820769 -2.159161
-0.976121 1.820769 -1.354704
-0.976121 1.820769 -0.550246
-0.976121 1.820769 0.254211
-0.976121 1.820769 1.058668
-0.976121 1.820769 1.863125
-0.976121 2.625226 -2.159161
-0.976121 2.625226 -1.354704
-0.976121 2.625226 -0.550246
-0.976121 2.625226 0.254211
-0.976121 2.625226 1.058668
-0.171664 -2.201517 -1.354704
-0.171664 -2.201517 -0.550246
-0.171664 -2.201517 0.254211
-0.171664 -2.201517 1.058668
-0.171664 -2.201517 1.863125
-0.171664 -1.397060 -2.963618
-0.171664 -1.397060 -2.159161
-0.171664 -1.397060 -1.354704
-0.171664 -1.397060 -0.550246
-0.171664 -1.397060 0.254211
-0.171664 -1.397060 1.058668
-0.171664 -1.397060 1.863125
-0.171664 -0.592603 -2.963618
-0.171664 -0.592603 -2.159161
-0.171664 -0.592603 -1.354704
-0.171664 -0.592603 -0.550246
-0.171664 -0.592603 0.254211
-0.171664 -0.592603 1.058668
-0.171664 -0.592603 1.863125
-0.171664 0.211854 -2.963618
-0.171664 0.211854 -2.159161
-0.171664 0.211854 -1.354704
-0.171664 0.211854 -0.550246
-0.171664 0.211854 0.254211
-0.171664 0.211854 1.058668
-0.171664 0.211854 1.863125
-0.171664 1.016312 -2.963618
-0.171664 1.016312 -2.159161
-0.171664 1.016312 -1.354704
-0.171664 1.016312 -0.550246
-0.171664 1.016312 0.254211
-0.171664 1.016312 1.058668
-0.171664 1.016312 1.863125
-0.171664 1.820769 -2.159161
-0.171664 1.820769 -1.354704
-0.171664 1.820769 -0.550246
-0.171664 1.820769 0.254211
-0.171664 1.820769 1.058668
-0.171664 1.820769 1.863125
-0.171664 2.625226 -1.354704
-0.171664 2.625226 -0.550246
-0.171664 2.625226 0.254211
-0.171664 2.625226 1.058668
0.632794 -2.201517 -1.354704
0.632794 -2.201517 -0.550246
0.632794 -2.201517 0.254211
0.632794 -2.201517 1.058668
0.632794 -2.201517 1.863125
0.632794 -1.397060 -1.354704
0.632794 -1.397060 -0.550246
0.632794 -1.397060 0.254211
0.632794 -1.397060 1.058668
0.632794 -1.397060 1.863125
0.632794 -0.592603 -1.354704
0.632794 -0.592603 -0.550246
0.632794 -0.592603 0.254211
0.632794 -0.592603 1.058668
0.632794 -0.592603 1.863125
0.632794 0.211854 -1.354704
0.632794 0.211854 -0.550246
0.632794 0.211854 0.254211
0.632794 0.211854 1.058668
0.632794 0.211854 1.863125
0.632794 1.016312 -1.354704
0.632794 1.016312 -0.550246
0.632794 1.016312 0.254211
0.632794 1.016312 1.058668
0.632794 1.016312 1.863125
0.632794 1.820769 -1.354704
0.632794 1.820769 -0.550246
0.632794 1.820769 0.254211
0.632794 1.820769 1.058668
0.632794 1.820769 1.863125
0.632794 2.625226 -0.550246
0.632794 2.625226 0.254211
0.632794 2.625226 1.058668
1.437251 -2.201517 -0.550246
1.437251 -2.201517 0.254211
1.437251 -2.201517 1.058668
1.437251 -2.201517 1.863125
1.437251 -1.397060 -0.550246
1.437251 -1.397060 0.254211
1.437251 -1.397060 1.058668
1.437251 -1.397060 1.863125
1.437251 -0.592603 -0.550246
1.437251 -0.592603 0.254211
1.437251 -0.592603 1.058668
1.437251 -0.592603 1.863125
1.437251 0.211854 -1.354704
1.437251 0.211854 -0.550246
1.437251 0.211854 0.254211
1.437251 0.211854 1.058668
1.437251 0.211854 1.863125
1.437251 1.016312 -1.354704
1.437251 1.016312 -0.550246
1.437251 1.016312 0.254211
1.437251 1.016312 1.058668
1.437251 1.016312 1.863125
1.437251 1.820769 -0.550246
1.437251 1.820769 0.254211
1.437251 1.820769 1.058668
2.241708 -2.201517 -0.550246
2.241708 -2.201517 0.254211
2.241708 -2.201517 1.058668
2.241708 -2.201517 1.863125
2.241708 -1.397060 -0.550246
2.241708 -1.397060 0.254211
2.241708 -1.397060 1.058668
2.241708 -1.397060 1.863125
2.241708 -0.592603 -0.550246
2.241708 -0.592603 0.254211
2.241708 -0.592603 1.058668
2.241708 -0.592603 1.863125
2.241708 0.211854 -0.550246
2.241708 0.211854 0.254211
2.241708 0.211854 1.058668
2.241708 0.211854 1.863125
2.241708 1.016312 -0.550246
2.241708 1.016312 0.254211
2.241708 1.016312 1.058668
2.241708 1.016312 1.863125
3.046165 -2.201517 -0.550246
3.046165 -2.201517 0.254211
3.046165 -2.201517 1.058668
3.046165 -2.201517 1.863125
3.046165 -1.397060 -0.550246
3.046165 -1.397060 0.254211
3.046165 -1.397060 1.058668
3.046165 -1.397060 1.863125
3.046165 -0.592603 0.254211
3.046165 -0.592603 1.058668
3.046165 -0.592603 1.863125
3.046165 0.211854 0.254211
3.046165 0.211854 1.058668
3.046165 0.211854 1.863125
3.046165 1.016312 0.254211
3.046165 1.016312 1.058668
3.046165 1.016312 1.863125
3.850622 -2.201517 0.254211
3.850622 -2.201517 1.058668
3.850622 -1.397060 0.254211
3.850622 -1.397060 1.058668
3.850622 -1.397060 1.863125
3.850622 -0.592603 0.254211
3.850622 -0.592603 1.058668
3.850622 -0.592603 1.863125
3.850622 0.211854 0.254211
3.850622 0.211854 1.058668
3.850622 0.211854 1.863125
3.850622 1.016312 0.254211
3.850622 1.016312 1.058668
3.850622 1.016312 1.863125

TETRAHEDRA
0 35 42 36
0 42 5 6
0 1 36 6
42 36 43 6
0 36 42 6
1 36 6 2
36 43 6 44
36 6 2 44
36 2 37 44
6 2 44 7
2 37 44 38
2 44 7 8
2 3 38 8
44 38 45 8
2 38 44 8
4 41 48 42
4 48 10 11
4 5 42 11
48 42 49 11
4 42 48 11
5 42 11 6
42 49 11 50
42 11 6 50
42 6 43 50
11 6 50 12
6 43 50 44
6 50 12 13
6 7 44 13
50 44 51 13
6 44 50 13
7 44 13 8
44 51 13 52
44 13 8 52
44 8 45 52
13 8 52 14
9 47 54 48
9 54 15 16
9 10 48 16
54 48 55 16
9 48 54 16
10 48 16 11
48 55 16 56
48 16 11 56
48 11 49 56
16 11 56 17
11 49 56 50
11 56 17 18
11 12 50 18
56 50 57 18
11 50 56 18
12 50 18 13
50 57 18 58
50 18 13 58
50 13 51 58
18 13 58 19
13 51 58 52
13 58 19 20
13 14 52 20
58 52 59 20
13 52 58 20
16 55 62 56
16 62 21 22
16 17 56 22
62 56 63 22
16 56 62 22
17 56 22 18
56 63 22 64
56 22 18 64
56 18 57 64
22 18 64 23
18 57 64 58
18 64 23 24
18 19 58 24
64 58 65 24
18 58 64 24
19 58 24 20
58 65 24 66
58 24 20 66
58 20 59 66
24 20 66 25
22 63 69 64
22 69 26 27
22 23 64 27
69 64 70 27
22 64 69 27
23 64 27 24
64 70 27 71
64 27 24 71
64 24 65 71
27 24 71 28
29 73 80 74
29 80 35 36
29 30 74 36
80 74 81 36
29 74 80 36
30 74 36 31
74 81 36 82
74 36 31 82
74 31 75 82
36 31 82 37
31 75 82 76
31 82 37 38
31 32 76 38
82 76 83 38
31 76 82 38
33 78 40 34
78 85 40 86
78 40 34 86
78 34 79 86
40 34 86 41
34 79 86 80
34 86 41 42
34 35 80 42
86 80 87 42
34 80 86 42
35 80 42 36
80 87 42 88
80 42 36 88
80 36 81 88
42 36 88 43
36 81 88 82
36 88 43 44
36 37 82 44
88 82 89 44
36 82 88 44
37 82 44 38
82 89 44 90
82 44 38 90
82 38 83 90
44 38 90 45
38 83 90 84
38 90 45 46
38 39 84 46
90 84 91 46
38 84 90 46
40 85 92 86
40 92 47 48
40 41 86 48
92 86 93 48
40 86 92 48
41 86 48 42
86 93 48 94
86 48 42 94
86 42 87 94
48 42 94 49
42 87 94 88
42 94 49 50
42 43 88 50
94 88 95 50
42 88 94 50
43 88 50 44
88 95 50 96
88 50 44 96
88 44 89 96
50 44 96 51
44 89 96 90
44 96 51 52
44 45 90 52
96 90 97 52
44 90 96 52
45 90 52 46
90 97 52 98
90 52 46 98
90 46 91 98
52 46 98 53
47 92 54 48
92 99 54 100
92 54 48 100
92 48 93 100
54 48 100 55
48 93 100 94
48 100 55 56
48 49 94 56
100 94 101 56
48 94 100 56
49 94 56 50
94 101 56 102
94 56 50 102
94 50 95 102
56 50 102 57
50 95 102 96
50 102 57 58
50 51 96 58
102 96 103 58
50 96 102 58
51 96 58 52
96 103 58 104
96 58 52 104
96 52 97 104
58 52 104 59
52 97 104 98
52 104 59 60
52 53 98 60
104 98 105 60
52 98 104 60
54 99 106 100
54 106 61 62
54 55 100 62
106 100 107 62
54 100 106 62
55 100 62 56
100 107 62 108
100 62 56 108
100 56 101 108
62 56 108 63
56 101 108 102
56 108 63 64
56 57 102 64
108 102 109 64
56 102 108 64
57 102 64 58
102 109 64 110
102 64 58 110
102 58 103 110
64 58 110 65
58 103 110 104
58 110 65 66
58 59 104 66
110 104 111 66
58 104 110 66
59 104 66 60
104 111 66 112
104 66 60 112
104 60 105 112
66 60 112 67
62 107 113 108
62 113 68 69
62 63 108 69
113 108 114 69
62 108 113 69
63 108 69 64
108 114 69 115
108 69 64 115
108 64 109 115
69 64 115 70
64 109 115 110
64 115 70 71
64 65 110 71
115 110 116 71
64 110 115 71
65 110 71 66
110 116 71 117
110 71 66 117
110 66 111 117
71 66 117 72
73 118 80 74
118 125 80 126
118 80 74 126
118 74 119 126
80 74 126 81
74 119 126 120
74 126 81 82
74 75 120 82
126 120 127 82
74 120 126 82
75 120 82 76
120 127 82 128
120 82 76 128
120 76 121 128
82 76 128 83
76 121 128 122
76 128 83 84
76 77 122 84
128 122 129 84
76 122 128 84
78 123 130 124
78 130 85 86
78 79 124 86
130 124 131 86
78 124 130 86
79 124 86 80
124 131 86 132
124 86 80 132
124 80 125 132
86 80 132 87
80 125 132 126
80 132 87 88
80 81 126 88
132 126 133 88
80 126 132 88
81 126 88 82
126 133 88 134
126 88 82 134
126 82 127 134
88 82 134 89
82 127 134 128
82 134 89 90
82 83 128 90
134 128 135 90
82 128 134 90
83 128 90 84
128 135 90 136
128 90 84 136
128 84 129 136
90 84 136 91
85 130 92 86
130 137 92 138
130 92 86 138
130 86 131 138
92 86 138 93
86 131 138 132
86 138 93 94
86 87 132 94
138 132 139 94
86 132 138 94
87 132 94 88
132 139 94 140
132 94 88 140
132 88 133 140
94 88 140 95
88 133 140 134
88 140 95 96
88 89 134 96
140 134 141 96
88 134 140 96
89 134 96 90
134 141 96 142
134 96 90 142
134 90 135 142
96 90 142 97
90 135 142 136
90 142 97 98
90 91 136 98
142 136 143 98
90 136 142 98
92 137 144 138
92 144 99 100
92 93 138 100
144 138 145 100
92 138 144 100
93 138 100 94
138 145 100 146
138 100 94 146
138 94 139 146
100 94 146 101
94 139 146 140
94 146 101 102
94 95 140 102
146 140 147 102
94 140 146 102
95 140 102 96
140 147 102 148
140 102 96 148
140 96 141 148
102 96 148 103
96 141 148 142
96 148 103 104
96 97 142 104
148 142 149 104
96 142 148 104
97 142 104 98
142 149 104 150
142 104 98 150
142 98 143 150
104 98 150 105
100 145 151 146
100 151 107 108
100 101 146 108
151 146 152 108
100 146 151 108
101 146 108 102
146 152 108 153
146 108 102 153
146 102 147 153
108 102 153 109
102 147 153 148
102 153 109 110
102 103 148 110
153 148 154 110
102 148 153 110
103 148 110 104
148 154 110 155
148 110 104 155
148 104 149 155
110 104 155 111
104 149 155 150
104 155 111 112
104 105 150 112
155 150 156 112
104 150 155 112
108 152 157 153
108 157 114 115
108 109 153 115
157 153 158 115
108 153 157 115
109 153 115 110
153 158 115 159
153 115 110 159
153 110 154 159
115 110 159 116
110 154 159 155
110 159 116 117
110 111 155 117
159 155 160 117
110 155 159 117
118 161 166 162
118 166 125 126
118 119 162 126
166 162 167 126
118 162 166 126
119 162 126 120
162 167 126 168
162 126 120 168
162 120 163 168
126 120 168 127
120 163 168 164
120 168 127 128
120 121 164 128
168 164 169 128
120 164 168 128
121 164 128 122
164 169 128 170
164 128 122 170
164 122 165 170
128 122 170 129
125 166 132 126
166 171 132 172
166 132 126 172
166 126 167 172
132 126 172 133
126 167 172 168
126 172 133 134
126 127 168 134
172 168 173 134
126 168 172 134
127 168 134 128
168 173 134 174
168 134 128 174
168 128 169 174
134 128 174 135
128 169 174 170
128 174 135 136
128 129 170 136
174 170 175 136
128 170 174 136
132 171 176 172
132 176 139 140
132 133 172 140
176 172 177 140
132 172 176 140
133 172 140 134
172 177 140 178
172 140 134 178
172 134 173 178
140 134 178 141
134 173 178 174
134 178 141 142
134 135 174 142
178 174 179 142
134 174 178 142
135 174 142 136
174 179 142 180
174 142 136 180
174 136 175 180
142 136 180 143
139 176 146 140
176 181 146 182
176 146 140 182
176 140 177 182
146 140 182 147
140 177 182 178
140 182 147 148
140 141 178 148
182 178 183 148
140 178 182 148
141 178 148 142
178 183 148 184
178 148 142 184
178 142 179 184
148 142 184 149
142 179 184 180
142 184 149 150
142 143 180 150
184 180 185 150
142 180 184 150
146 181 186 182
146 186 152 153
146 147 182 153
186 182 187 153
146 182 186 153
147 182 153 148
182 187 153 188
182 153 148 188
182 148 183 188
153 148 188 154
148 183 188 184
148 188 154 155
148 149 184 155
188 184 189 155
148 184 188 155
149 184 155 150
184 189 155 190
184 155 150 190
184 150 185 190
155 150 190 156
153 187 191 188
153 191 158 159
153 154 188 159
191 188 192 159
153 188 191 159
154 188 159 155
188 192 159 193
188 159 155 193
188 155 189 193
159 155 193 160
162 194 198 195
162 198 167 168
162 163 195 168
198 195 199 168
162 195 198 168
163 195 168 164
195 199 168 200
195 168 164 200
195 164 196 200
168 164 200 169
164 196 200 197
164 200 169 170
164 165 197 170
200 197 201 170
164 197 200 170
167 198 172 168
198 202 172 203
198 172 168 203
198 168 199 203
172 168 203 173
168 199 203 200
168 203 173 174
168 169 200 174
203 200 204 174
168 200 203 174
169 200 174 170
200 204 174 205
200 174 170 205
200 170 201 205
174 170 205 175
172 202 207 203
172 207 177 178
172 173 203 178
207 203 208 178
172 203 207 178
173 203 178 174
203 208 178 209
203 178 174 209
203 174 204 209
178 174 209 179
174 204 209 205
174 209 179 180
174 175 205 180
209 205 210 180
174 205 209 180
176 206 211 207
176 211 181 182
176 177 207 182
211 207 212 182
176 207 211 182
177 207 182 178
207 212 182 213
207 182 178 213
207 178 208 213
182 178 213 183
178 208 213 209
178 213 183 184
178 179 209 184
213 209 214 184
178 209 213 184
179 209 184 180
209 214 184 215
209 184 180 215
209 180 210 215
184 180 215 185
182 212 216 213
182 216 187 188
182 183 213 188
216 213 217 188
182 213 216 188
183 213 188 184
213 217 188 218
213 188 184 218
213 184 214 218
188 184 218 189
194 219 198 195
219 223 198 224
219 198 195 224
219 195 220 224
198 195 224 199
195 220 224 221
195 224 199 200
195 196 221 200
224 221 225 200
195 221 224 200
196 221 200 197
221 225 200 226
221 200 197 226
221 197 222 226
200 197 226 201
198 223 227 224
198 227 202 203
198 199 224 203
227 224 228 203
198 224 227 203
199 224 203 200
224 228 203 229
224 203 200 229
224 200 225 229
203 200 229 204
200 225 229 226
200 229 204 205
200 201 226 205
229 226 230 205
200 226 229 205
202 227 207 203
227 231 207 232
227 207 203 232
227 203 228 232
207 203 232 208
203 228 232 229
203 232 208 209
203 204 229 209
232 229 233 209
203 229 232 209
204 229 209 205
229 233 209 234
229 209 205 234
229 205 230 234
209 205 234 210
207 231 235 232
207 235 212 213
207 208 232 213
235 232 236 213
207 232 235 213
208 232 213 209
232 236 213 237
232 213 209 237
232 209 233 237
213 209 237 214
209 233 237 234
209 237 214 215
209 210 234 215
237 234 238 215
209 234 237 215
219 239 243 240
219 243 223 224
219 220 240 224
243 240 244 224
219 240 243 224
220 240 224 221
240 244 224 245
240 224 221 245
240 221 241 245
224 221 245 225
221 241 245 242
221 245 225 226
221 222 242 226
245 242 246 226
221 242 245 226
224 244 247 245
224 247 228 229
224 225 245 229
247 245 248 229
224 245 247 229
225 245 229 226
245 248 229 249
245 229 226 249
245 226 246 249
229 226 249 230
228 247 232 229
247 250 232 251
247 232 229 251
247 229 248 251
232 229 251 233
229 248 251 249
229 251 233 234
229 230 249 234
251 249 252 234
229 249 251 234
232 250 253 251
232 253 236 237
232 233 251 237
253 251 254 237
232 251 253 237
233 251 237 234
251 254 237 255
251 237 234 255
251 234 252 255
237 234 255 238
240 256 258 257
240 258 244 245
240 241 257 245
258 257 259 245
240 257 258 245
244 258 247 245
258 261 247 262
258 247 245 262
258 245 259 262
247 245 262 248
245 259 262 260
245 262 248 249
245 246 260 249
262 260 263 249
245 260 262 249
247 261 264 262
247 264 250 251
247 248 262 251
264 262 265 251
247 262 264 251
248 262 251 249
262 265 251 266
262 251 249 266
262 249 263 266
251 249 266 252
250 264 253 251
264 267 253 268
264 253 251 268
264 251 265 268
253 251 268 254
251 265 268 266
251 268 254 255
251 252 266 255
268 266 269 255
251 266 268 255
