VERTICES
-1.04693 -0.465972 0.359705
-1.01436 -0.490965 0.359705
-0.991329 -0.451075 0.324359
-1.01436 -0.433401 0.324359
-1.04693 -0.35477 0.324359
-1.09299 -0.35477 0.359705
-1.03203 -0.410371 0.324359
-1.04314 -0.383551 0.324359
-0.964509 -0.462184 0.324359
-0.950626 -0.410371 0.302141
-0.935727 -0.465972 0.324359
-0.935727 -0.412333 0.302141
-0.985578 -0.383551 0.302141
-0.976431 -0.395472 0.302141
-0.991329 -0.369667 0.302141
-0.964509 -0.40462 0.302141
-1.12177 -0.462184 0.459407
-1.10253 -0.451075 0.405767
-1.12834 -0.465972 0.51697
-1.08763 -0.506677 0.459407
-1.15056 -0.35477 0.459407
-1.15813 -0.35477 0.51697
-1.14324 -0.410371 0.459407
-1.12177 -0.40462 0.405767
-0.991329 -0.562277 0.459407
-1.04314 -0.540815 0.459407
-0.935727 -0.577177 0.51697
-0.985578 -0.540815 0.405767
-0.976431 -0.506677 0.359705
-1.03203 -0.521575 0.405767
-1.07192 -0.433401 0.359705
-1.08763 -0.395474 0.359705
-1.07192 -0.490965 0.405767
-1.09299 -0.512035 0.51697
-1.08763 -0.506677 0.574533
-1.04693 -0.54738 0.51697
-1.07192 -0.490965 0.628174
-0.99329 -0.569599 0.51697
-0.991329 -0.562277 0.574533
-1.04314 -0.540815 0.574533
-0.985578 -0.540815 0.628174
-1.03203 -0.521575 0.628174
-0.976431 -0.506677 0.674236
-1.04693 -0.465972 0.674236
-1.01436 -0.490965 0.674236
-0.935727 -0.54738 0.628174
-0.935727 -0.512035 0.674236
-0.935727 -0.465972 0.70958
-0.964509 -0.462184 0.70958
-1.15056 -0.412333 0.51697
-1.12177 -0.462184 0.574533
-1.14324 -0.410371 0.574533
-1.12177 -0.40462 0.628174
-1.10253 -0.451075 0.628174
-1.08763 -0.395474 0.674236
-1.07192 -0.433401 0.674236
-1.03203 -0.410371 0.70958
-1.04314 -0.383551 0.70958
-1.01436 -0.433401 0.70958
-0.99329 -0.35477 0.731799
-0.991329 -0.451075 0.70958
-0.985578 -0.383551 0.731799
-0.991329 -0.369667 0.731799
-0.950626 -0.410371 0.731799
-0.964509 -0.40462 0.731799
-0.976431 -0.395472 0.731799
-1.03203 -0.299166 0.324359
-1.01436 -0.276136 0.324359
-0.99329 -0.35477 0.302141
-0.991329 -0.339871 0.302141
-0.964509 -0.304919 0.302141
-0.950626 -0.299169 0.302141
-0.985578 -0.325986 0.302141
-0.976431 -0.314066 0.302141
-1.12834 -0.35477 0.405767
-1.12177 -0.304919 0.405767
-1.15056 -0.297205 0.51697
-1.14324 -0.299169 0.459407
-1.04314 -0.325986 0.324359
-1.08763 -0.314066 0.359705
-0.991329 -0.258464 0.324359
-1.07192 -0.276136 0.359705
-1.04693 -0.243566 0.359705
-1.01436 -0.218572 0.359705
-1.03203 -0.187964 0.405767
-0.985578 -0.168721 0.405767
-0.964509 -0.247355 0.324359
-0.935727 -0.243566 0.324359
-0.976431 -0.202863 0.359705
-0.935727 -0.197505 0.359705
-1.10253 -0.258464 0.405767
-1.08763 -0.202863 0.459407
-1.12177 -0.247355 0.459407
-1.09299 -0.197505 0.51697
-1.07192 -0.218572 0.405767
-1.04693 -0.162159 0.51697
-1.04314 -0.168721 0.459407
-0.991329 -0.14726 0.459407
-0.99329 -0.139941 0.51697
-1.15056 -0.35477 0.574533
-1.14324 -0.299169 0.574533
-1.12834 -0.35477 0.628174
-1.12177 -0.304919 0.628174
-1.09299 -0.35477 0.674236
-1.04693 -0.35477 0.70958
-1.08763 -0.314066 0.674236
-1.04314 -0.325986 0.70958
-1.12834 -0.243566 0.51697
-1.12177 -0.247355 0.574533
-1.08763 -0.202863 0.574533
-1.04314 -0.168721 0.574533
-1.10253 -0.258464 0.628174
-1.07192 -0.218572 0.628174
-1.07192 -0.276136 0.674236
-1.03203 -0.187964 0.628174
-1.04693 -0.243566 0.674236
-0.976431 -0.314066 0.731799
-1.03203 -0.299166 0.70958
-0.964509 -0.304919 0.731799
-0.950626 -0.299169 0.731799
-0.991329 -0.339871 0.731799
-0.935727 -0.35477 0.739377
-0.985578 -0.325986 0.731799
-0.935727 -0.297205 0.731799
-0.985578 -0.168721 0.628174
-0.935727 -0.162159 0.628174
-0.991329 -0.14726 0.574533
-0.935727 -0.139941 0.574533
-1.01436 -0.218573 0.674236
-0.976431 -0.202864 0.674236
-1.01436 -0.276136 0.70958
-0.991329 -0.258464 0.70958
-0.964509 -0.247355 0.70958
-0.906945 -0.462184 0.324359
-0.857094 -0.490965 0.359705
-0.935727 -0.512035 0.359705
-0.895023 -0.506677 0.359705
-0.880125 -0.562277 0.459407
-0.935727 -0.569599 0.459407
-0.935727 -0.54738 0.405767
-0.885876 -0.540815 0.405767
-0.920829 -0.410371 0.302141
-0.885876 -0.383551 0.302141
-0.935727 -0.35477 0.294563
-0.880125 -0.369667 0.302141
-0.906945 -0.40462 0.302141
-0.895023 -0.395472 0.302141
-0.880125 -0.451075 0.324359
-0.857094 -0.433401 0.324359
-0.839422 -0.521575 0.405767
-0.824524 -0.465972 0.359705
-0.799531 -0.490965 0.405767
-0.768921 -0.451075 0.405767
-0.828312 -0.540815 0.459407
-0.78382 -0.506677 0.459407
-0.74968 -0.462184 0.459407
-0.743117 -0.465972 0.51697
-0.839422 -0.410371 0.324359
-0.828312 -0.383551 0.324359
-0.824524 -0.35477 0.324359
-0.778461 -0.35477 0.359705
-0.799531 -0.433401 0.359705
-0.78382 -0.395472 0.359705
-0.74968 -0.40462 0.405767
-0.728218 -0.410371 0.459407
-0.720898 -0.35477 0.459407
-0.935727 -0.569599 0.574533
-0.880125 -0.562277 0.574533
-0.878164 -0.569599 0.51697
-0.828312 -0.540815 0.574533
-0.824524 -0.54738 0.51697
-0.778461 -0.512035 0.51697
-0.78382 -0.506677 0.574533
-0.74968 -0.462184 0.574533
-0.895023 -0.506677 0.674236
-0.885876 -0.540815 0.628174
-0.906945 -0.462184 0.70958
-0.880125 -0.451075 0.70958
-0.799531 -0.490965 0.628174
-0.839422 -0.521575 0.628174
-0.857094 -0.490965 0.674236
-0.824524 -0.465972 0.674236
-0.799531 -0.433401 0.674236
-0.839422 -0.410371 0.70958
-0.78382 -0.395472 0.674236
-0.824524 -0.35477 0.70958
-0.728218 -0.410371 0.574533
-0.720898 -0.412332 0.51697
-0.768922 -0.451075 0.628174
-0.74968 -0.40462 0.628174
-0.920829 -0.410371 0.731799
-0.906945 -0.40462 0.731799
-0.935727 -0.412332 0.731799
-0.895024 -0.395472 0.731799
-0.885876 -0.383551 0.731799
-0.880125 -0.369667 0.731799
-0.857094 -0.433401 0.70958
-0.828312 -0.383551 0.70958
-0.878164 -0.35477 0.731799
-0.920829 -0.299169 0.302141
-0.935727 -0.297205 0.302141
-0.895023 -0.314066 0.302141
-0.906945 -0.304919 0.302141
-0.880125 -0.339871 0.302141
-0.878164 -0.35477 0.302141
-0.885876 -0.325986 0.302141
-0.828312 -0.325986 0.324359
-0.857094 -0.276136 0.324359
-0.839422 -0.299166 0.324359
-0.799531 -0.276136 0.359705
-0.78382 -0.314066 0.359705
-0.74968 -0.304919 0.405767
-0.743117 -0.35477 0.405767
-0.768922 -0.258464 0.405767
-0.728218 -0.299169 0.459407
-0.906945 -0.247355 0.324359
-0.880125 -0.258464 0.324359
-0.895023 -0.202863 0.359705
-0.885876 -0.168721 0.405767
-0.857094 -0.218572 0.359705
-0.824524 -0.243566 0.359705
-0.839422 -0.187964 0.405767
-0.799531 -0.218572 0.405767
-0.935727 -0.162159 0.405767
-0.880125 -0.14726 0.459407
-0.935727 -0.139941 0.459407
-0.935727 -0.132362 0.51697
-0.78382 -0.202863 0.459407
-0.828312 -0.168721 0.459407
-0.74968 -0.247355 0.459407
-0.743117 -0.243566 0.51697
-0.778461 -0.197505 0.51697
-0.799531 -0.218572 0.628174
-0.824524 -0.243566 0.674236
-0.828312 -0.168721 0.574533
-0.839422 -0.187964 0.628174
-0.885876 -0.168721 0.628174
-0.880125 -0.14726 0.574533
-0.824524 -0.162159 0.51697
-0.878164 -0.139941 0.51697
-0.743117 -0.35477 0.628174
-0.74968 -0.304919 0.628174
-0.720898 -0.35477 0.574533
-0.71332 -0.35477 0.51697
-0.78382 -0.202863 0.574533
-0.720898 -0.297205 0.51697
-0.768922 -0.258464 0.628174
-0.728218 -0.299169 0.574533
-0.74968 -0.247355 0.574533
-0.906945 -0.304919 0.731799
-0.895024 -0.314066 0.731799
-0.920829 -0.299169 0.731799
-0.885876 -0.325986 0.731799
-0.935727 -0.243566 0.70958
-0.935727 -0.197505 0.674236
-0.906945 -0.247355 0.70958
-0.895023 -0.202864 0.674236
-0.880125 -0.339871 0.731799
-0.828312 -0.325986 0.70958
-0.778461 -0.35477 0.674236
-0.78382 -0.314066 0.674236
-0.799531 -0.276136 0.674236
-0.839422 -0.299166 0.70958
-0.857094 -0.218573 0.674236
-0.880125 -0.258464 0.70958
-0.857094 -0.276136 0.70958
-0.935736 -0.354763 0.5169
-0.956277 -0.404381 0.388439
-0.938325 -0.334991 0.366744
-1.00715 -0.384353 0.331932
-0.894906 -0.30157 0.356469
-0.991917 -0.490428 0.497807
-0.944992 -0.425141 0.347077
-0.991502 -0.489422 0.40609
-1.05121 -0.443381 0.406232
-0.969249 -0.359183 0.341749
-0.863795 -0.384563 0.416368
-0.884009 -0.394454 0.360935
-1.02889 -0.283282 0.606306
-0.943434 -0.296234 0.658288
-0.957382 -0.351918 0.681456
-0.920546 -0.391419 0.339914
-0.897046 -0.349677 0.34634
-0.86269 -0.345151 0.612155
-0.864301 -0.447855 0.606231
-0.945879 -0.277659 0.370072
-0.791946 -0.295214 0.496657
-0.913912 -0.32634 0.686402
-0.943788 -0.415997 0.664789
-0.885127 -0.393596 0.669631
-0.821938 -0.442084 0.498248
-0.990562 -0.312692 0.682413
-0.914336 -0.371182 0.697558
-0.999584 -0.38122 0.682413
-0.927256 -0.290437 0.338996
-0.970919 -0.308908 0.347489
-0.866966 -0.345718 0.682975
-0.898021 -0.445798 0.657775
-0.903336 -0.432968 0.356184
-1.02176 -0.343445 0.411922
-0.909278 -0.254587 0.559889
-0.97436 -0.254061 0.472535
-0.990653 -0.426351 0.668299
TETRAHEDRA
29 271 27 273
42 297 48 46
101 51 278 52
6 3 269 274
65 60 302 64
121 194 193 292
89 86 87 285
229 222 286 227
202 201 207 270
22 49 274 299
83 85 301 88
125 236 256 300
185 260 259 296
105 103 278 293
138 37 271 24
222 219 270 221
248 244 231 286
177 190 297 176
48 64 63 302
265 250 287 296
78 81 299 66
35 34 271 33
106 103 293 104
13 143 12 275
276 165 286 290
53 34 271 36
172 179 284 169
140 149 276 290
279 278 280 291
121 251 249 287
76 20 299 21
131 119 118 291
29 271 19 25
137 149 290 153
266 267 271 299
51 49 266 271
113 105 278 291
278 129 279 300
119 121 280 287
74 77 299 75
15 13 272 275
280 288 289 292
185 258 260 296
92 90 91 301
9 11 143 281
53 54 302 52
266 53 271 302
126 95 301 110
58 61 293 56
62 121 61 280
55 54 293 302
11 9 272 281
253 129 254 279
257 121 252 292
79 5 4 299
83 67 285 82
252 121 250 287
52 53 50 266
146 147 298 145
195 197 289 296
212 164 276 163
139 27 271 273
182 184 189 284
154 152 290 155
64 280 288 293
177 181 180 297
96 94 301 91
169 175 179 284
135 10 272 298
181 196 289 297
232 246 283 300
268 270 282 294
228 221 227 286
165 211 286 214
116 117 130 291
7 14 4 269
47 63 192 288
111 115 113 278
31 74 299 5
260 258 261 296
118 119 280 291
86 71 87 294
82 66 67 299
283 186 284 290
278 110 300 301
89 218 285 217
87 215 285 294
27 24 139 271
154 170 290 153
271 40 288 302
14 68 4 269
256 264 255 279
266 271 284 288
36 41 39 271
121 195 194 292
16 49 18 274
215 216 270 294
41 38 271 40
136 139 273 135
37 138 271 26
72 66 69 295
105 278 291 293
0 273 267 274
220 222 270 286
252 250 265 296
141 11 10 272
221 218 285 301
260 261 283 296
200 143 199 268
133 141 272 298
8 2 1 273
233 232 283 300
109 110 278 301
194 197 289 195
221 286 300 301
8 11 272 10
249 251 255 287
278 266 279 280
168 137 271 290
169 172 171 290
208 210 209 270
196 191 193 289
45 166 271 284
215 270 285 294
40 41 44 302
49 271 274 299
259 240 184 283
261 258 262 296
51 18 271 50
140 267 276 298
175 45 46 297
210 211 209 286
2 3 0 267
78 69 66 295
72 69 275 295
278 266 293 302
195 289 292 296
263 235 233 300
163 155 164 290
259 260 283 296
269 267 272 275
14 68 269 275
1 2 0 267
133 145 141 298
288 64 293 302
192 190 288 292
121 65 61 280
32 1 0 273
146 148 277 298
25 35 24 271
199 202 216 294
149 137 290 140
110 93 301 109
86 87 285 294
95 126 301 98
133 135 136 298
20 76 299 77
176 47 288 297
94 96 301 84
266 267 268 276
158 162 276 277
17 0 30 274
167 168 271 284
206 159 276 282
62 59 121 280
208 201 205 270
209 270 276 286
196 177 191 289
17 22 274 23
52 278 293 302
18 19 271 33
166 40 45 271
235 237 234 300
45 42 297 40
1 32 29 273
63 192 288 292
128 115 278 291
270 266 276 286
242 186 283 290
267 2 272 273
5 7 299 31
140 267 271 276
240 242 189 283
47 174 46 297
23 22 274 299
114 112 109 278
67 83 285 80
198 121 257 292
253 255 251 279
107 77 301 76
166 167 271 284
267 272 275 281
191 193 289 292
212 211 276 286
0 32 273 274
272 15 275 281
77 107 301 92
116 118 280 291
172 169 284 290
230 245 247 286
69 78 269 275
246 241 283 286
1 2 267 273
83 82 285 301
250 249 264 287
272 141 281 298
149 140 276 298
106 120 104 293
295 143 70 71
206 160 276 159
211 165 286 212
33 25 19 271
285 223 88 301
152 154 290 151
143 199 268 282
71 143 200 268
173 178 188 284
56 57 62 293
155 154 171 290
72 143 73 275
127 126 98 300
34 53 271 50
221 219 270 285
3 13 269 272
203 143 204 282
131 115 128 291
252 257 287 296
143 142 144 282
18 49 271 274
57 104 59 293
145 277 281 298
16 22 49 274
268 270 276 282
67 72 295 66
229 214 245 286
247 242 283 286
144 142 277 282
164 165 276 290
202 207 216 270
126 125 300 127
206 210 208 270
278 280 291 293
31 6 7 269
13 6 3 269
151 152 276 290
283 287 289 296
233 262 265 283
74 31 299 23
97 226 301 225
90 79 299 75
213 209 211 286
180 174 176 297
226 237 300 239
273 32 271 274
242 240 247 283
109 107 278 108
30 6 269 274
280 283 287 289
118 119 121 280
285 82 299 301
64 65 293 302
214 213 286 229
285 219 215 217
163 152 155 290
174 179 284 180
154 151 153 290
11 8 272 9
254 256 279 300
52 266 278 302
244 248 246 300
216 202 270 294
90 92 299 301
86 71 294 295
10 28 135 272
81 66 82 299
71 268 294 295
265 263 279 264
75 92 77 299
4 78 79 299
50 51 266 271
87 71 200 294
228 221 300 301
283 265 287 296
173 187 290 186
80 86 88 285
189 184 240 283
147 136 298 133
15 3 2 272
91 96 95 301
167 170 168 284
143 11 141 281
230 227 286 231
103 106 293 105
42 45 297 46
172 178 173 284
94 81 82 299
177 191 289 297
268 285 299 301
23 17 30 274
217 221 218 285
271 25 27 24
110 126 300 301
49 22 21 299
129 254 279 300
211 210 276 286
271 29 27 25
39 37 35 271
120 122 121 280
164 156 187 290
131 132 119 291
89 88 86 285
68 69 269 275
46 174 175 297
52 53 266 302
218 223 285 301
80 88 83 285
161 162 158 277
124 254 300 125
110 124 278 126
41 40 271 302
125 126 300 124
143 14 12 275
287 257 292 296
152 163 276 290
124 110 278 114
165 212 276 286
268 270 285 301
56 43 302 58
140 139 271 273
169 170 167 284
242 283 286 290
149 150 134 276
201 205 270 282
280 120 291 293
115 113 278 291
268 285 294 295
132 128 279 131
181 182 284 289
24 138 139 271
199 268 282 294
142 148 157 277
33 35 25 271
7 6 12 269
146 148 142 277
97 98 96 301
112 108 278 111
270 268 285 294
122 116 280 291
32 17 16 274
58 56 293 302
197 194 289 183
267 3 269 272
23 30 31 274
10 8 28 272
43 36 55 302
53 36 271 302
69 78 68 269
158 144 277 282
273 0 267 1
190 191 289 292
19 16 271 274
220 209 213 286
277 142 281 282
103 54 278 293
209 220 270 286
111 100 278 102
93 110 301 95
126 124 278 300
73 72 275 295
211 210 212 276
182 283 284 289
170 168 284 290
206 210 270 276
252 121 287 292
285 86 294 295
56 55 293 302
91 95 93 301
252 265 262 296
49 266 271 299
150 151 161 276
16 19 32 274
98 226 300 301
179 172 284 178
2 8 9 272
99 49 266 51
31 30 269 274
186 188 284 173
142 143 281 282
199 200 268 294
197 259 296 185
93 92 91 301
268 285 295 299
193 194 289 292
189 184 283 284
220 213 222 286
7 5 299 4
101 105 278 102
169 167 175 284
270 202 282 294
85 223 225 301
126 98 300 301
225 224 239 300
42 40 288 297
182 188 181 284
32 271 274 19
4 68 78 269
67 80 285 295
256 254 125 300
88 83 285 301
51 101 278 99
130 117 113 291
8 1 28 273
233 235 232 300
39 38 37 271
279 280 283 287
230 247 248 286
34 35 271 39
12 14 269 275
222 221 270 286
82 67 285 295
270 266 286 301
60 42 302 48
240 259 241 283
15 143 275 281
179 174 284 175
241 259 260 283
186 173 284 290
268 266 270 301
150 148 134 298
107 109 278 93
266 271 276 290
45 175 284 297
157 158 144 277
275 268 295 299
253 254 255 279
88 223 85 301
205 143 203 282
159 158 277 282
87 200 215 294
263 233 279 283
287 280 289 292
3 0 267 274
267 268 275 299
208 205 206 282
119 132 279 291
94 90 299 301
124 129 278 300
78 275 295 299
93 107 92 301
143 268 275 282
47 48 63 288
31 23 274 299
78 4 269 299
267 140 271 273
239 226 225 300
59 120 121 280
228 218 301 224
130 115 131 291
265 279 283 287
110 126 278 300
266 276 286 290
271 266 284 290
61 58 293 65
92 77 299 301
105 102 113 278
168 137 26 271
15 13 3 272
266 279 283 300
48 63 288 302
57 55 293 56
3 6 30 274
279 280 287 291
149 151 150 276
233 265 279 283
263 236 300 256
269 31 274 299
77 74 299 20
271 267 274 299
100 111 278 108
264 249 255 287
159 158 162 276
210 209 276 286
236 263 300 235
105 101 278 103
232 234 300 235
136 135 273 298
33 50 34 271
266 21 278 299
22 17 274 16
120 122 280 291
268 277 281 282
192 176 288 190
85 225 97 301
227 230 286 229
85 97 84 301
44 43 58 302
38 41 271 39
217 219 221 285
65 58 293 302
267 269 274 299
258 257 262 296
221 270 286 301
248 244 286 300
143 141 145 281
199 143 202 282
128 114 129 278
13 15 143 275
112 128 115 278
194 195 289 292
94 90 81 299
263 265 279 233
43 41 36 302
166 168 271 167
238 239 224 300
147 134 148 298
266 278 279 300
84 97 96 301
184 259 283 296
113 102 111 278
191 121 193 292
181 188 178 284
259 197 296 184
85 83 301 84
226 97 301 98
165 243 286 290
241 247 240 283
54 53 302 55
266 268 299 301
122 116 121 280
190 177 297 191
28 135 272 273
223 285 88 89
93 109 278 301
230 229 245 286
143 295 70 275
210 209 270 276
283 266 286 290
146 143 145 281
54 52 278 293
248 247 241 286
40 42 288 302
215 200 199 294
142 146 277 281
166 45 167 284
78 269 275 299
251 123 279 287
161 157 150 277
176 174 47 297
82 67 295 299
21 76 278 299
197 184 289 296
53 55 36 302
236 125 127 300
106 105 117 291
144 142 157 277
67 66 295 299
82 94 299 301
173 172 284 290
280 64 288 292
288 190 289 292
136 147 298 134
147 146 298 148
188 186 284 189
232 261 283 246
146 145 277 281
266 288 293 302
156 171 172 290
49 21 266 299
244 246 232 300
224 228 300 301
197 184 183 289
117 122 106 291
202 201 270 282
205 203 206 282
239 234 300 238
279 263 283 300
253 132 129 279
32 273 271 29
234 232 300 244
242 245 286 247
73 80 67 295
49 99 266 21
70 71 86 295
100 102 99 278
231 228 286 238
77 76 299 301
199 216 215 294
198 258 296 257
91 90 94 301
131 128 279 291
160 212 210 276
7 31 269 299
233 261 262 283
241 260 246 283
256 263 264 279
87 217 285 215
82 84 94 301
252 262 257 296
16 18 271 274
115 130 113 291
152 161 151 276
2 3 267 272
187 165 290 243
284 283 288 289
48 297 288 47
160 163 276 162
162 160 159 276
267 272 281 298
186 189 283 284
116 122 117 291
143 205 201 282
121 64 280 292
80 86 285 295
261 232 283 233
60 65 302 58
150 157 148 277
149 151 276 290
9 15 272 281
186 189 242 283
20 22 23 299
90 92 75 299
159 158 276 277
250 264 265 287
53 50 266 271
243 187 186 290
168 166 271 26
79 75 5 299
62 59 280 293
4 7 269 299
71 143 268 295
15 9 143 281
143 146 142 281
277 267 281 298
143 144 204 282
119 123 121 287
23 74 20 299
234 238 244 300
165 187 290 164
99 51 266 278
297 42 48 288
238 224 228 300
162 161 276 277
283 266 284 288
213 214 286 211
40 284 288 297
76 278 299 301
206 203 159 282
250 252 287 296
106 105 291 293
112 114 128 278
48 60 64 302
195 121 198 292
120 106 291 293
111 112 115 278
217 87 285 89
237 226 300 127
20 21 22 299
101 99 102 278
222 229 286 213
223 224 301 218
218 228 301 221
255 251 279 287
74 5 75 299
220 216 207 270
208 207 201 270
267 268 276 277
129 114 124 278
139 136 273 140
186 242 243 290
218 89 285 223
61 62 280 293
209 207 270 220
107 108 76 278
215 219 270 216
262 265 283 296
103 104 54 293
107 93 278 301
54 52 293 302
219 222 270 220
137 140 138 271
161 150 276 277
207 209 270 208
156 172 173 290
104 120 59 293
52 101 103 278
29 27 28 273
121 280 287 292
284 181 289 297
36 41 271 302
234 239 300 237
79 90 299 81
145 146 277 298
190 176 288 297
121 192 63 292
95 96 98 301
100 99 21 278
62 61 56 293
54 104 57 293
100 21 76 278
57 59 62 293
72 67 295 73
158 204 282 159
50 51 52 266
183 196 193 289
180 176 177 297
121 123 251 287
267 266 268 299
227 221 222 286
196 177 289 297
189 188 182 284
19 18 271 16
160 206 276 210
76 108 100 278
70 86 80 295
258 198 296 185
162 152 276 161
268 276 277 282
187 173 290 156
268 267 275 281
163 160 276 212
191 190 289 297
170 154 290 171
270 221 285 301
168 271 284 290
163 164 276 290
156 155 171 290
69 78 275 295
190 288 289 297
135 272 273 298
202 199 282 294
276 159 277 282
14 7 12 269
52 103 54 278
64 63 288 292
13 12 6 269
235 236 237 300
241 247 283 286
150 276 277 298
130 131 118 291
157 161 158 277
42 48 288 302
48 297 47 46
238 228 286 300
55 57 293 54
13 12 269 275
13 269 272 275
44 41 43 302
196 181 177 297
73 70 80 295
159 203 204 282
231 244 238 300
225 224 300 301
176 192 288 47
244 231 286 300
263 233 283 300
182 183 184 289
134 149 276 298
116 118 121 280
63 64 288 302
150 134 276 298
39 34 36 271
35 37 24 271
168 153 290 170
265 264 279 287
31 30 6 269
140 149 134 298
38 166 26 271
280 119 287 291
40 45 284 297
66 78 295 299
10 135 133 298
140 134 136 298
133 147 145 298
130 118 116 291
132 131 279 291
245 242 286 243
208 206 270 282
76 107 278 301
266 279 280 283
275 268 281 282
82 83 84 301
38 26 37 271
261 262 283 296
197 195 185 296
32 271 19 29
139 138 140 271
205 208 270 282
18 51 271 49
266 278 300 301
166 38 40 271
68 14 143 275
137 140 271 290
228 231 286 227
200 71 268 294
219 216 220 270
196 183 182 289
181 178 180 284
267 140 273 298
141 145 281 298
182 184 283 289
269 267 275 299
123 119 279 287
128 132 279 129
184 182 283 284
128 278 279 291
65 61 280 293
40 45 271 284
276 267 277 298
3 267 269 274
271 267 273 274
231 230 248 286
185 195 198 296
228 221 286 300
42 60 302 44
119 279 287 291
164 212 276 165
68 143 69 275
3 30 0 274
10 133 141 272
135 27 139 273
204 158 282 144
268 143 275 295
250 121 249 287
270 206 276 282
266 268 270 276
288 284 289 297
51 52 266 278
44 58 60 302
1 29 28 273
21 99 266 278
152 162 276 163
226 225 300 301
18 50 33 271
245 214 243 286
109 110 114 278
184 283 289 296
26 137 138 271
106 122 120 291
45 175 167 284
255 254 256 279
202 143 201 282
169 170 284 290
149 153 151 290
44 42 40 302
180 178 179 284
272 267 273 298
174 180 284 297
121 63 64 292
248 241 246 286
289 287 292 296
283 280 288 289
280 266 288 293
266 283 286 300
257 198 292 296
271 40 284 288
15 2 9 272
254 124 300 129
283 246 286 300
108 112 278 109
69 143 72 275
285 82 295 299
143 275 281 282
246 248 286 300
231 238 286 300
198 195 292 296
143 70 73 275
278 266 299 301
8 28 272 273
266 271 288 302
43 56 302 55
256 263 279 300
127 98 226 300
271 140 276 290
132 123 119 279
153 168 290 137
267 268 277 281
190 121 191 292
266 283 284 290
10 133 272 298
155 156 164 290
243 242 286 290
182 181 196 289
175 174 284 297
148 150 277 298
219 285 215 270
267 266 271 276
257 252 287 292
17 32 0 274
278 266 280 293
2 8 272 273
135 28 27 273
253 123 132 279
70 73 275 295
243 214 165 286
81 78 299 79
251 123 253 279
141 11 272 281
286 266 300 301
280 266 283 288
192 121 190 292
264 255 279 287
140 136 273 298
64 65 280 293
117 105 113 291
224 223 301 225
180 181 284 297
246 260 261 283
129 128 278 279
127 237 236 300
65 121 64 280
59 120 280 293
169 171 170 290
183 193 194 289
EDGES
0 1
0 2
0 3
0 17
0 30
0 32
0 267
0 273
0 274
1 2
1 8
1 28
1 29
1 32
1 267
1 273
2 3
2 8
2 9
2 15
2 267
2 272
2 273
3 6
3 13
3 15
3 30
3 267
3 269
3 272
3 274
4 5
4 7
4 14
4 68
4 78
4 79
4 269
4 299
5 7
5 31
5 74
5 75
5 79
5 299
6 7
6 12
6 13
6 30
6 31
6 269
6 274
7 12
7 14
7 31
7 269
7 299
8 9
8 10
8 11
8 28
8 272
8 273
9 11
9 15
9 143
9 272
9 281
10 11
10 28
10 133
10 135
10 141
10 272
10 298
11 141
11 143
11 272
11 281
12 13
12 14
12 143
12 269
12 275
13 15
13 143
13 269
13 272
13 275
14 68
14 143
14 269
14 275
15 143
15 272
15 275
15 281
16 17
16 18
16 19
16 22
16 32
16 49
16 271
16 274
17 22
17 23
17 30
17 32
17 274
18 19
18 33
18 49
18 50
18 51
18 271
18 274
19 25
19 29
19 32
19 33
19 271
19 274
20 21
20 22
20 23
20 74
20 76
20 77
20 299
21 22
21 49
21 76
21 99
21 100
21 266
21 278
21 299
22 23
22 49
22 274
22 299
23 30
23 31
23 74
23 274
23 299
24 25
24 27
24 35
24 37
24 138
24 139
24 271
25 27
25 29
25 33
25 35
25 271
26 37
26 38
26 137
26 138
26 166
26 168
26 271
27 28
27 29
27 135
27 139
27 271
27 273
28 29
28 135
28 272
28 273
29 32
29 271
29 273
30 31
30 269
30 274
31 74
31 269
31 274
31 299
32 271
32 273
32 274
33 34
33 35
33 50
33 271
34 35
34 36
34 39
34 50
34 53
34 271
35 37
35 39
35 271
36 39
36 41
36 43
36 53
36 55
36 271
36 302
37 38
37 39
37 138
37 271
38 39
38 40
38 41
38 166
38 271
39 41
39 271
40 41
40 42
40 44
40 45
40 166
40 271
40 284
40 288
40 297
40 302
41 43
41 44
41 271
41 302
42 44
42 45
42 46
42 48
42 60
42 288
42 297
42 302
43 44
43 55
43 56
43 58
43 302
44 58
44 60
44 302
45 46
45 166
45 167
45 175
45 271
45 284
45 297
46 47
46 48
46 174
46 175
46 297
47 48
47 63
47 174
47 176
47 192
47 288
47 297
48 60
48 63
48 64
48 288
48 297
48 302
49 51
49 99
49 266
49 271
49 274
49 299
50 51
50 52
50 53
50 266
50 271
51 52
51 99
51 101
51 266
51 271
51 278
52 53
52 54
52 101
52 103
52 266
52 278
52 293
52 302
53 54
53 55
53 266
53 271
53 302
54 55
54 57
54 103
54 104
54 278
54 293
54 302
55 56
55 57
55 293
55 302
56 57
56 58
56 61
56 62
56 293
56 302
57 59
57 62
57 104
57 293
58 60
58 61
58 65
58 293
58 302
59 62
59 104
59 120
59 121
59 280
59 293
60 64
60 65
60 302
61 62
61 65
61 121
61 280
61 293
62 121
62 280
62 293
63 64
63 121
63 192
63 288
63 292
63 302
64 65
64 121
64 280
64 288
64 292
64 293
64 302
65 121
65 280
65 293
65 302
66 67
66 69
66 72
66 78
66 81
66 82
66 295
66 299
67 72
67 73
67 80
67 82
67 83
67 285
67 295
67 299
68 69
68 78
68 143
68 269
68 275
69 72
69 78
69 143
69 269
69 275
69 295
70 71
70 73
70 80
70 86
70 143
70 275
70 295
71 86
71 87
71 143
71 200
71 268
71 294
71 295
72 73
72 143
72 275
72 295
73 80
73 143
73 275
73 295
74 75
74 77
74 299
75 77
75 79
75 90
75 92
75 299
76 77
76 100
76 107
76 108
76 278
76 299
76 301
77 92
77 107
77 299
77 301
78 79
78 81
78 269
78 275
78 295
78 299
79 81
79 90
79 299
80 83
80 86
80 88
80 285
80 295
81 82
81 90
81 94
81 299
82 83
82 84
82 94
82 285
82 295
82 299
82 301
83 84
83 85
83 88
83 285
83 301
84 85
84 94
84 96
84 97
84 301
85 88
85 97
85 223
85 225
85 301
86 87
86 88
86 89
86 285
86 294
86 295
87 89
87 200
87 215
87 217
87 285
87 294
88 89
88 223
88 285
88 301
89 217
89 218
89 223
89 285
90 91
90 92
90 94
90 299
90 301
91 92
91 93
91 94
91 95
91 96
91 301
92 93
92 107
92 299
92 301
93 95
93 107
93 109
93 110
93 278
93 301
94 96
94 299
94 301
95 96
95 98
95 110
95 126
95 301
96 97
96 98
96 301
97 98
97 225
97 226
97 301
98 126
98 127
98 226
98 300
98 301
99 100
99 101
99 102
99 266
99 278
100 102
100 108
100 111
100 278
101 102
101 103
101 105
101 278
102 105
102 111
102 113
102 278
103 104
103 105
103 106
103 278
103 293
104 106
104 120
104 293
105 106
105 113
105 117
105 278
105 291
105 293
106 117
106 120
106 122
106 291
106 293
107 108
107 109
107 278
107 301
108 109
108 111
108 112
108 278
109 110
109 112
109 114
109 278
109 301
110 114
110 124
110 126
110 278
110 300
110 301
111 112
111 113
111 115
111 278
112 114
112 115
112 128
112 278
113 115
113 117
113 130
113 278
113 291
114 124
114 128
114 129
114 278
115 128
115 130
115 131
115 278
115 291
116 117
116 118
116 121
116 122
116 130
116 280
116 291
117 122
117 130
117 291
118 119
118 121
118 130
118 131
118 280
118 291
119 121
119 123
119 131
119 132
119 279
119 280
119 287
119 291
120 121
120 122
120 280
120 291
120 293
121 122
121 123
121 190
121 191
121 192
121 193
121 194
121 195
121 198
121 249
121 250
121 251
121 252
121 257
121 280
121 287
121 292
122 280
122 291
123 132
123 251
123 253
123 279
123 287
124 125
124 126
124 129
124 254
124 278
124 300
125 126
125 127
125 236
125 254
125 256
125 300
126 127
126 278
126 300
126 301
127 226
127 236
127 237
127 300
128 129
128 131
128 132
128 278
128 279
128 291
129 132
129 253
129 254
129 278
129 279
129 300
130 131
130 291
131 132
131 279
131 291
132 253
132 279
132 291
133 135
133 136
133 141
133 145
133 147
133 272
133 298
134 136
134 140
134 147
134 148
134 149
134 150
134 276
134 298
135 136
135 139
135 272
135 273
135 298
136 139
136 140
136 147
136 273
136 298
137 138
137 140
137 149
137 153
137 168
137 271
137 290
138 139
138 140
138 271
139 140
139 271
139 273
140 149
140 267
140 271
140 273
140 276
140 290
140 298
141 143
141 145
141 272
141 281
141 298
142 143
142 144
142 146
142 148
142 157
142 277
142 281
142 282
143 144
143 145
143 146
143 199
143 200
143 201
143 202
143 203
143 204
143 205
143 268
143 275
143 281
143 282
143 295
144 157
144 158
144 204
144 277
144 282
145 146
145 147
145 277
145 281
145 298
146 147
146 148
146 277
146 281
146 298
147 148
147 298
148 150
148 157
148 277
148 298
149 150
149 151
149 153
149 276
149 290
149 298
150 151
150 157
150 161
150 276
150 277
150 298
151 152
151 153
151 154
151 161
151 276
151 290
152 154
152 155
152 161
152 162
152 163
152 276
152 290
153 154
153 168
153 170
153 290
154 155
154 170
154 171
154 290
155 156
155 163
155 164
155 171
155 290
156 164
156 171
156 172
156 173
156 187
156 290
157 158
157 161
157 277
158 159
158 161
158 162
158 204
158 276
158 277
158 282
159 160
159 162
159 203
159 204
159 206
159 276
159 277
159 282
160 162
160 163
160 206
160 210
160 212
160 276
161 162
161 276
161 277
162 163
162 276
162 277
163 164
163 212
163 276
163 290
164 165
164 187
164 212
164 276
164 290
165 187
165 211
165 212
165 214
165 243
165 276
165 286
165 290
166 167
166 168
166 271
166 284
167 168
167 169
167 170
167 175
167 271
167 284
168 170
168 271
168 284
168 290
169 170
169 171
169 172
169 175
169 179
169 284
169 290
170 171
170 284
170 290
171 172
171 290
172 173
172 178
172 179
172 284
172 290
173 178
173 186
173 187
173 188
173 284
173 290
174 175
174 176
174 179
174 180
174 284
174 297
175 179
175 284
175 297
176 177
176 180
176 190
176 192
176 288
176 297
177 180
177 181
177 190
177 191
177 196
177 289
177 297
178 179
178 180
178 181
178 188
178 284
179 180
179 284
180 181
180 284
180 297
181 182
181 188
181 196
181 284
181 289
181 297
182 183
182 184
182 188
182 189
182 196
182 283
182 284
182 289
183 184
183 193
183 194
183 196
183 197
183 289
184 189
184 197
184 240
184 259
184 283
184 284
184 289
184 296
185 195
185 197
185 198
185 258
185 259
185 260
185 296
186 187
186 188
186 189
186 242
186 243
186 283
186 284
186 290
187 243
187 290
188 189
188 284
189 240
189 242
189 283
189 284
190 191
190 192
190 288
190 289
190 292
190 297
191 193
191 196
191 289
191 292
191 297
192 288
192 292
193 194
193 196
193 289
193 292
194 195
194 197
194 289
194 292
195 197
195 198
195 289
195 292
195 296
196 289
196 297
197 259
197 289
197 296
198 257
198 258
198 292
198 296
199 200
199 202
199 215
199 216
199 268
199 282
199 294
200 215
200 268
200 294
201 202
201 205
201 207
201 208
201 270
201 282
202 207
202 216
202 270
202 282
202 294
203 204
203 205
203 206
203 282
204 282
205 206
205 208
205 270
205 282
206 208
206 210
206 270
206 276
206 282
207 208
207 209
207 216
207 220
207 270
208 209
208 210
208 270
208 282
209 210
209 211
209 213
209 220
209 270
209 276
209 286
210 211
210 212
210 270
210 276
210 286
211 212
211 213
211 214
211 276
211 286
212 276
212 286
213 214
213 220
213 222
213 229
213 286
214 229
214 243
214 245
214 286
215 216
215 217
215 219
215 270
215 285
215 294
216 219
216 220
216 270
216 294
217 218
217 219
217 221
217 285
218 221
218 223
218 224
218 228
218 285
218 301
219 220
219 221
219 222
219 270
219 285
220 222
220 270
220 286
221 222
221 227
221 228
221 270
221 285
221 286
221 300
221 301
222 227
222 229
222 270
222 286
223 224
223 225
223 285
223 301
224 225
224 228
224 238
224 239
224 300
224 301
225 226
225 239
225 300
225 301
226 237
226 239
226 300
226 301
227 228
227 229
227 230
227 231
227 286
228 231
228 238
228 286
228 300
228 301
229 230
229 245
229 286
230 231
230 245
230 247
230 248
230 286
231 238
231 244
231 248
231 286
231 300
232 233
232 234
232 235
232 244
232 246
232 261
232 283
232 300
233 235
233 261
233 262
233 263
233 265
233 279
233 283
233 300
234 235
234 237
234 238
234 239
234 244
234 300
235 236
235 237
235 263
235 300
236 237
236 256
236 263
236 300
237 239
237 300
238 239
238 244
238 286
238 300
239 300
240 241
240 242
240 247
240 259
240 283
241 246
241 247
241 248
241 259
241 260
241 283
241 286
242 243
242 245
242 247
242 283
242 286
242 290
243 245
243 286
243 290
244 246
244 248
244 286
244 300
245 247
245 286
246 248
246 260
246 261
246 283
246 286
246 300
247 248
247 283
247 286
248 286
248 300
249 250
249 251
249 255
249 264
249 287
250 252
250 264
250 265
250 287
250 296
251 253
251 255
251 279
251 287
252 257
252 262
252 265
252 287
252 292
252 296
253 254
253 255
253 279
254 255
254 256
254 279
254 300
255 256
255 264
255 279
255 287
256 263
256 264
256 279
256 300
257 258
257 262
257 287
257 292
257 296
258 260
258 261
258 262
258 296
259 260
259 283
259 296
260 261
260 283
260 296
261 262
261 283
261 296
262 265
262 283
262 296
263 264
263 265
263 279
263 283
263 300
264 265
264 279
264 287
265 279
265 283
265 287
265 296
266 267
266 268
266 270
266 271
266 276
266 278
266 279
266 280
266 283
266 284
266 286
266 288
266 290
266 293
266 299
266 300
266 301
266 302
267 268
267 269
267 271
267 272
267 273
267 274
267 275
267 276
267 277
267 281
267 298
267 299
268 270
268 275
268 276
268 277
268 281
268 282
268 285
268 294
268 295
268 299
268 301
269 272
269 274
269 275
269 299
270 276
270 282
270 285
270 286
270 294
270 301
271 273
271 274
271 276
271 284
271 288
271 290
271 299
271 302
272 273
272 275
272 281
272 298
273 274
273 298
274 299
275 281
275 282
275 295
275 299
276 277
276 282
276 286
276 290
276 298
277 281
277 282
277 298
278 279
278 280
278 291
278 293
278 299
278 300
278 301
278 302
279 280
279 283
279 287
279 291
279 300
280 283
280 287
280 288
280 289
280 291
280 292
280 293
281 282
281 298
282 294
283 284
283 286
283 287
283 288
283 289
283 290
283 296
283 300
284 288
284 289
284 290
284 297
285 294
285 295
285 299
285 301
286 290
286 300
286 301
287 289
287 291
287 292
287 296
288 289
288 292
288 293
288 297
288 302
289 292
289 296
289 297
291 293
292 296
293 302
294 295
295 299
299 301
300 301
SURFACE_TRIANGLES
0 1 2
0 1 32
0 2 3
0 3 30
0 17 30
0 17 32
1 2 8
1 8 28
1 28 29
1 29 32
2 3 15
2 8 9
2 9 15
3 6 13
3 6 30
3 13 15
4 5 7
4 5 79
4 7 14
4 14 68
4 68 78
4 78 79
5 7 31
5 31 74
5 74 75
5 75 79
6 7 12
6 7 31
6 12 13
6 30 31
7 12 14
8 9 11
8 10 11
8 10 28
9 11 143
9 15 143
10 11 141
10 28 135
10 133 135
10 133 141
11 141 143
12 13 143
12 14 143
13 15 143
14 68 143
16 17 22
16 17 32
16 18 19
16 18 49
16 19 32
16 22 49
17 22 23
17 23 30
18 19 33
18 33 50
18 49 51
18 50 51
19 25 29
19 25 33
19 29 32
20 21 22
20 21 76
20 22 23
20 23 74
20 74 77
20 76 77
21 22 49
21 49 99
21 76 100
21 99 100
23 30 31
23 31 74
24 25 27
24 25 35
24 27 139
24 35 37
24 37 138
24 138 139
25 27 29
25 33 35
26 37 38
26 37 138
26 38 166
26 137 138
26 137 168
26 166 168
27 28 29
27 28 135
27 135 139
33 34 35
33 34 50
34 35 39
34 36 39
34 36 53
34 50 53
35 37 39
36 39 41
36 41 43
36 43 55
36 53 55
37 38 39
38 39 41
38 40 41
38 40 166
40 41 44
40 42 44
40 42 45
40 45 166
41 43 44
42 44 60
42 45 46
42 46 48
42 48 60
43 44 58
43 55 56
43 56 58
44 58 60
45 46 175
45 166 167
45 167 175
46 47 48
46 47 174
46 174 175
47 48 63
47 63 192
47 174 176
47 176 192
48 60 64
48 63 64
49 51 99
50 51 52
50 52 53
51 52 101
51 99 101
52 53 54
52 54 103
52 101 103
53 54 55
54 55 57
54 57 104
54 103 104
55 56 57
56 57 62
56 58 61
56 61 62
57 59 62
57 59 104
58 60 65
58 61 65
59 62 121
59 104 120
59 120 121
60 64 65
61 62 121
61 65 121
63 64 121
63 121 192
64 65 121
66 67 72
66 67 82
66 69 72
66 69 78
66 78 81
66 81 82
67 72 73
67 73 80
67 80 83
67 82 83
68 69 78
68 69 143
69 72 143
70 71 86
70 71 143
70 73 80
70 73 143
70 80 86
71 86 87
71 87 200
71 143 200
72 73 143
74 75 77
75 77 92
75 79 90
75 90 92
76 77 107
76 100 108
76 107 108
77 92 107
78 79 81
79 81 90
80 83 88
80 86 88
81 82 94
81 90 94
82 83 84
82 84 94
83 84 85
83 85 88
84 85 97
84 94 96
84 96 97
85 88 223
85 97 225
85 223 225
86 87 89
86 88 89
87 89 217
87 200 215
87 215 217
88 89 223
89 217 218
89 218 223
90 91 92
90 91 94
91 92 93
91 93 95
91 94 96
91 95 96
92 93 107
93 95 110
93 107 109
93 109 110
95 96 98
95 98 126
95 110 126
96 97 98
97 98 226
97 225 226
98 126 127
98 127 226
99 100 102
99 101 102
100 102 111
100 108 111
101 102 105
101 103 105
102 105 113
102 111 113
103 104 106
103 105 106
104 106 120
105 106 117
105 113 117
106 117 122
106 120 122
107 108 109
108 109 112
108 111 112
109 110 114
109 112 114
110 114 124
110 124 126
111 112 115
111 113 115
112 114 128
112 115 128
113 115 130
113 117 130
114 124 129
114 128 129
115 128 131
115 130 131
116 117 122
116 117 130
116 118 121
116 118 130
116 121 122
118 119 121
118 119 131
118 130 131
119 121 123
119 123 132
119 131 132
120 121 122
121 123 251
121 190 191
121 190 192
121 191 193
121 193 194
121 194 195
121 195 198
121 198 257
121 249 250
121 249 251
121 250 252
121 252 257
123 132 253
123 251 253
124 125 126
124 125 254
124 129 254
125 126 127
125 127 236
125 236 256
125 254 256
127 226 237
127 236 237
128 129 132
128 131 132
129 132 253
129 253 254
133 135 136
133 136 147
133 141 145
133 145 147
134 136 140
134 136 147
134 140 149
134 147 148
134 148 150
134 149 150
135 136 139
136 139 140
137 138 140
137 140 149
137 149 153
137 153 168
138 139 140
141 143 145
142 143 144
142 143 146
142 144 157
142 146 148
142 148 157
143 144 204
143 145 146
143 199 200
143 199 202
143 201 202
143 201 205
143 203 204
143 203 205
144 157 158
144 158 204
145 146 147
146 147 148
148 150 157
149 150 151
149 151 153
150 151 161
150 157 161
151 152 154
151 152 161
151 153 154
152 154 155
152 155 163
152 161 162
152 162 163
153 154 170
153 168 170
154 155 171
154 170 171
155 156 164
155 156 171
155 163 164
156 164 187
156 171 172
156 172 173
156 173 187
157 158 161
158 159 162
158 159 204
158 161 162
159 160 162
159 160 206
159 203 204
159 203 206
160 162 163
160 163 212
160 206 210
160 210 212
163 164 212
164 165 187
164 165 212
165 187 243
165 211 212
165 211 214
165 214 243
166 167 168
167 168 170
167 169 170
167 169 175
169 170 171
169 171 172
169 172 179
169 175 179
172 173 178
172 178 179
173 178 188
173 186 187
173 186 188
174 175 179
174 176 180
174 179 180
176 177 180
176 177 190
176 190 192
177 180 181
177 181 196
177 190 191
177 191 196
178 179 180
178 180 181
178 181 188
181 182 188
181 182 196
182 183 184
182 183 196
182 184 189
182 188 189
183 184 197
183 193 194
183 193 196
183 194 197
184 189 240
184 197 259
184 240 259
185 195 197
185 195 198
185 197 259
185 198 258
185 258 260
185 259 260
186 187 243
186 188 189
186 189 242
186 242 243
189 240 242
191 193 196
194 195 197
198 257 258
199 200 215
199 202 216
199 215 216
201 202 207
201 205 208
201 207 208
202 207 216
203 205 206
205 206 208
206 208 210
207 208 209
207 209 220
207 216 220
208 209 210
209 210 211
209 211 213
209 213 220
210 211 212
211 213 214
213 214 229
213 220 222
213 222 229
214 229 245
214 243 245
215 216 219
215 217 219
216 219 220
217 218 221
217 219 221
218 221 228
218 223 224
218 224 228
219 220 222
219 221 222
221 222 227
221 227 228
222 227 229
223 224 225
224 225 239
224 228 238
224 238 239
225 226 239
226 237 239
227 228 231
227 229 230
227 230 231
228 231 238
229 230 245
230 231 248
230 245 247
230 247 248
231 238 244
231 244 248
232 233 235
232 233 261
232 234 235
232 234 244
232 244 246
232 246 261
233 235 263
233 261 262
233 262 265
233 263 265
234 235 237
234 237 239
234 238 239
234 238 244
235 236 237
235 236 263
236 256 263
240 241 247
240 241 259
240 242 247
241 246 248
241 246 260
241 247 248
241 259 260
242 243 245
242 245 247
244 246 248
246 260 261
249 250 264
249 251 255
249 255 264
250 252 265
250 264 265
251 253 255
252 257 262
252 262 265
253 254 255
254 255 256
255 256 264
256 263 264
257 258 262
258 260 261
258 261 262
263 264 265
