VERTICES
-0.318546 -0.801084 -1.69829
-0.415598 -0.722485 -1.65213
-0.375012 -0.727998 -1.69774
-0.322345 -0.702166 -1.72679
-0.417628 -0.669318 -1.64564
-0.395315 -0.677871 -1.68608
-0.390379 -0.602993 -1.70064
-0.361592 -0.524044 -1.68687
-0.398245 -0.566277 -1.67094
-0.260529 -0.555218 -1.72781
-0.274809 -0.499916 -1.71707
-0.317343 -0.50749 -1.70877
-0.176535 -0.872665 -1.68035
-0.17878 -0.857639 -1.69787
-0.246563 -0.85919 -1.64089
-0.151099 -0.867893 -1.67099
-0.139466 -0.82217 -1.72477
-0.0418838 -0.850495 -1.65601
-0.2209 -0.768058 -1.72684
-0.201522 -0.82195 -1.72296
-0.0881884 -0.738249 -1.72765
-0.101645 -0.514888 -1.7212
-0.171378 -0.467908 -1.71854
-0.046955 -0.732752 -1.72163
-0.0374166 -0.583874 -1.70419
-0.425497 -0.704563 -1.58256
-0.405225 -0.756389 -1.53785
-0.425018 -0.674091 -1.49726
-0.418464 -0.665046 -1.44843
-0.38851 -0.766857 -1.4618
-0.387111 -0.702402 -1.40963
-0.441243 -0.475605 -1.46509
-0.431976 -0.473788 -1.52577
-0.439741 -0.45603 -1.42016
-0.410835 -0.614535 -1.40743
-0.4214 -0.553891 -1.62023
-0.420904 -0.563995 -1.44711
-0.181411 -0.94165 -1.46601
-0.241737 -0.931017 -1.42355
-0.248299 -0.929228 -1.38168
-0.0977261 -0.963996 -1.41117
-0.148768 -0.946154 -1.46495
-0.177991 -0.954892 -1.41638
-0.0668711 -0.881944 -1.60689
-0.323787 -0.851743 -1.47288
-0.298222 -0.894813 -1.38748
-0.384642 -0.793724 -1.56436
-0.313446 -0.830358 -1.6362
-0.353747 -0.818194 -1.43555
-0.343802 -0.833009 -1.397
-0.303838 -0.864897 -1.30183
-0.362793 -0.709342 -1.33327
-0.3155 -0.806819 -1.23247
-0.266549 -0.898456 -1.26781
-0.260014 -0.847824 -1.16124
-0.291706 -0.750963 -1.1269
-0.161066 -0.940959 -1.30794
-0.136845 -0.937008 -1.24678
-0.0437026 -0.909431 -1.23921
-0.215544 -0.871789 -1.15595
-0.165306 -0.906093 -1.19721
-0.112918 -0.896977 -1.17159
-0.311148 -0.690701 -1.08598
-0.168727 -0.818588 -1.08313
-0.213804 -0.80929 -1.09637
-0.216281 -0.685584 -0.961444
-0.178854 -0.759425 -1.01466
-0.15495 -0.690538 -0.929754
-0.117881 -0.829294 -1.09305
-0.109475 -0.79081 -1.03992
-0.0602426 -0.791662 -1.06726
-0.052578 -0.735601 -1.0296
-0.0521144 -0.68615 -0.996159
-0.110197 -0.713003 -0.953183
-0.103749 -0.687838 -0.941624
-0.35182 -0.676954 -1.27842
-0.332691 -0.669623 -1.1687
-0.329325 -0.665833 -1.12068
-0.406799 -0.454415 -1.28495
-0.341916 -0.521026 -1.07647
-0.324798 -0.600497 -1.03463
-0.316839 -0.645779 -1.03438
-0.0482634 -0.657674 -0.984353
-0.268825 -0.562512 -0.913027
-0.239031 -0.541565 -0.832628
-0.129976 -0.67134 -0.912136
-0.160294 -0.624968 -0.84761
-0.240157 -0.489218 -0.77967
-0.206888 -0.574026 -0.822385
-0.185084 -0.551214 -0.75374
-0.171509 -0.498941 -0.688471
-0.152703 -0.471363 -0.657466
-0.169701 -0.453459 -0.660474
-0.127613 -0.592861 -0.822492
-0.144847 -0.576999 -0.77164
-0.133274 -0.487391 -0.661379
-0.106176 -0.577112 -0.787236
-0.125297 -0.559949 -0.744052
-0.095694 -0.525623 -0.720202
-0.0608225 -0.468348 -0.650895
-0.329047 -0.442733 -1.64538
-0.292751 -0.419655 -1.65761
-0.381644 -0.439994 -1.58476
-0.209164 -0.443951 -1.70397
-0.245248 -0.413508 -1.67918
-0.212256 -0.300984 -1.56561
-0.198084 -0.386042 -1.66334
-0.102631 -0.428428 -1.68434
-0.0951941 -0.421656 -1.67794
-0.171049 -0.35187 -1.62703
-0.0724431 -0.41005 -1.64408
-0.168055 -0.299786 -1.56142
-0.439418 -0.40968 -1.47171
-0.414488 -0.365806 -1.49699
-0.428262 -0.313124 -1.42402
-0.434474 -0.385458 -1.389
-0.430521 -0.320418 -1.38943
-0.406272 -0.2605 -1.39685
-0.291225 -0.295114 -1.54852
-0.060707 -0.272923 -1.46808
-0.0522775 -0.330689 -1.52663
-0.316033 -0.267162 -1.49391
-0.177171 -0.237291 -1.50743
-0.398526 -0.239926 -1.3563
-0.37889 -0.270986 -1.46243
-0.286745 -0.207153 -1.46007
-0.395629 -0.223448 -1.4147
-0.39405 -0.197959 -1.39937
-0.311822 -0.135094 -1.43036
-0.37012 -0.169162 -1.40757
-0.347944 -0.154541 -1.41473
-0.275454 -0.16026 -1.43829
-0.122011 -0.184777 -1.44242
-0.194728 -0.171726 -1.44581
-0.272776 -0.132459 -1.43696
-0.0975363 -0.154135 -1.42178
-0.183664 -0.115018 -1.43119
-0.281732 -0.0444163 -1.35591
-0.263158 -0.0443072 -1.38488
-0.239902 -0.0271259 -1.34971
-0.353525 -0.110332 -1.24441
-0.321231 -0.0536478 -1.27243
-0.28615 -0.0177595 -1.24367
-0.209624 -0.0467464 -1.38846
-0.231288 -0.00572941 -1.29027
-0.180988 0.0364805 -1.21811
-0.127445 -0.0617753 -1.36698
-0.0374578 -0.117259 -1.35342
-0.162946 -0.0252505 -1.3356
-0.0508746 -0.0385785 -1.28119
-0.384896 -0.398375 -1.19658
-0.383473 -0.44871 -1.18563
-0.325954 -0.180103 -1.06869
-0.343754 -0.396317 -1.02168
-0.337069 -0.300879 -1.06604
-0.30293 -0.162127 -1.01
-0.321923 -0.420772 -0.959611
-0.277357 -0.396899 -0.839893
-0.250531 -0.419419 -0.771773
-0.308577 -0.343535 -0.942452
-0.249882 -0.294886 -0.75808
-0.209485 -0.379432 -0.704996
-0.352609 -0.102308 -1.1983
-0.345187 -0.12055 -1.15731
-0.301901 -0.111084 -1.06815
-0.178604 0.0440563 -1.13136
-0.263215 -0.0426168 -1.07359
-0.243236 -0.0096829 -1.10203
-0.254972 -0.161983 -0.762846
-0.252263 -0.103648 -0.876753
-0.264844 -0.151703 -0.838867
-0.2472 -0.131159 -0.751675
-0.208239 -0.161566 -0.670975
-0.217802 0.00108319 -1.04037
-0.186965 -0.0923331 -0.668979
-0.157941 -0.301627 -0.623649
-0.163612 -0.126814 -0.61133
-0.161156 -0.213195 -0.606955
-0.0540584 -0.400872 -0.592725
-0.131813 -0.329811 -0.598439
-0.0872176 -0.399641 -0.595999
-0.076798 -0.330687 -0.558525
-0.09375 -0.234279 -0.52864
-0.0488078 -0.308198 -0.510144
-0.0819501 -0.0929687 -0.501385
-0.0690526 -0.178959 -0.491219
-0.0369481 -0.173504 -0.474569
-0.137792 0.0368447 -1.2171
-0.152808 0.0517517 -1.1312
-0.0958386 0.0485735 -1.18393
-0.118312 0.0570499 -1.16138
-0.0936353 0.0760315 -0.990287
-0.0444691 0.0841493 -1.01914
-0.147274 -0.0219973 -0.742772
-0.137055 0.0297405 -0.912421
-0.0870965 0.046195 -0.836144
-0.162555 -0.0616961 -0.668211
-0.100801 -0.00277338 -0.641413
-0.0965283 -0.0665017 -0.526831
-0.0756285 0.00606806 -0.582666
-0.0062135 -0.780333 -1.69595
0.03866 -0.855433 -1.59009
0.0764447 -0.805425 -1.55192
-0.0199275 -0.956512 -1.4163
0.0202963 -0.921925 -1.49418
0.0763123 -0.888741 -1.45831
0.0282638 -0.942006 -1.40877
0.00712741 -0.857698 -1.22431
0.050178 -0.928631 -1.40865
0.0474732 -0.855927 -1.28901
0.00401712 -0.783062 -1.14343
0.0716513 -0.791463 -1.28324
-0.0178922 -0.73224 -1.70873
0.0193546 -0.690313 -1.68057
0.0284367 -0.728217 -1.66472
0.0379986 -0.611558 -1.63331
0.00621718 -0.489852 -1.61611
0.0735428 -0.615738 -1.56494
0.0341743 -0.722167 -1.16437
0.0266057 -0.223288 -1.39478
0.0314993 -0.673557 -1.13625
0.0726972 -0.476859 -1.50078
0.0375236 -0.410879 -1.49287
0.0435981 -0.311186 -1.41066
0.0538182 -0.229148 -1.35589
0.0858467 -0.887742 -1.40414
0.0941171 -0.738425 -1.53325
0.0977984 -0.843949 -1.46547
0.116253 -0.757571 -1.41259
0.110341 -0.687675 -1.48695
0.116316 -0.593174 -1.40122
0.112898 -0.826073 -1.39648
0.07746 -0.738696 -1.28835
0.0823729 -0.831257 -1.3272
0.107597 -0.666817 -1.29884
0.0840779 -0.685233 -1.27244
0.0928975 -0.632194 -1.20128
0.079429 -0.496659 -1.49741
0.092942 -0.456317 -1.42112
0.0949716 -0.490345 -1.38514
0.0854849 -0.366461 -1.38192
0.0892106 -0.35651 -1.35167
0.100893 -0.396786 -1.35463
0.109891 -0.407063 -1.31568
0.122444 -0.562457 -1.28352
0.114305 -0.419213 -1.3246
0.0885628 -0.570495 -1.11129
0.106058 -0.560914 -1.15075
0.117889 -0.412115 -1.12105
0.107393 -0.230168 -1.16179
-0.0161727 -0.629289 -1.0032
0.0542543 -0.541171 -1.00517
-0.0353062 -0.516656 -0.803803
0.0659977 -0.516285 -1.00031
0.0712911 -0.456983 -0.881094
0.0606817 -0.449859 -0.820376
0.0749562 -0.526744 -1.04002
0.10791 -0.445619 -1.07046
0.117426 -0.371611 -1.10705
0.101636 -0.395271 -0.813909
0.104358 -0.400035 -0.892238
0.123102 -0.361582 -0.975784
-0.010402 -0.476294 -0.726343
0.0553099 -0.438322 -0.697474
0.059899 -0.428662 -0.653064
-0.00233108 -0.384669 -0.568728
0.0126841 -0.414809 -0.614677
0.062557 -0.368251 -0.505569
0.112579 -0.419885 -0.706601
0.101315 -0.41255 -0.617831
0.120477 -0.410514 -0.639334
0.0963503 -0.408895 -0.766701
0.164925 -0.361279 -0.68473
0.0786028 -0.390013 -0.539799
0.147599 -0.38706 -0.6728
0.129065 -0.320202 -1.05858
0.133384 -0.335492 -0.880961
0.138349 -0.338023 -0.811583
0.147366 -0.211729 -1.05827
0.169216 -0.271429 -0.909403
0.187067 -0.274945 -0.848632
0.258357 -0.290452 -0.639895
0.318419 -0.23615 -0.69029
0.286431 -0.234885 -0.758395
0.225849 -0.323236 -0.565489
0.259274 -0.297961 -0.538249
0.364218 -0.229685 -0.619027
0.0613019 -0.290417 -0.463341
0.0899561 -0.346418 -0.478169
0.144114 -0.331842 -0.498458
0.0253046 -0.251484 -0.459399
0.125404 -0.292241 -0.460867
0.182649 -0.229611 -0.432663
0.195902 -0.287203 -0.469262
0.302237 -0.266264 -0.462759
0.313812 -0.22653 -0.403438
0.34489 -0.266745 -0.535523
0.313875 -0.280931 -0.513403
0.341724 -0.253089 -0.445944
0.39475 -0.209316 -0.419361
0.00368921 -0.189201 -1.39437
-0.0267959 -0.168604 -1.39811
0.01234 -0.0196995 -1.19886
0.0194773 -0.187079 -1.38413
0.0569163 -0.101221 -1.21389
0.0351306 -0.0116092 -1.15916
0.0872383 -0.159354 -1.19581
0.0878416 -0.188888 -1.21368
0.101838 -0.15299 -1.14921
0.0881453 -0.0455591 -1.10577
0.137141 -0.175825 -1.0893
0.108197 -0.0246407 -1.02712
0.156265 -0.0693794 -1.02065
0.176198 -0.135821 -1.01505
0.175125 -0.0998564 -1.00817
0.210245 -0.038837 -0.914454
0.231357 -0.185218 -0.893241
0.236612 -0.109691 -0.903617
0.31731 -0.138479 -0.789489
0.34491 -0.202469 -0.703268
0.391731 -0.121013 -0.627212
0.270799 -0.0121988 -0.834579
0.317857 -0.11276 -0.7866
0.323492 -0.0246553 -0.763782
0.388125 -0.052194 -0.630671
-0.00451661 0.0429021 -1.10634
0.0328465 0.0593453 -0.98156
0.0500884 0.025737 -1.03136
-0.029764 0.075244 -1.04769
-0.0317363 0.0748814 -0.840844
0.0721213 0.0980224 -0.852588
0.102618 0.0577647 -0.914939
0.158357 0.021273 -0.918485
0.215171 0.040543 -0.859946
0.0858378 0.116924 -0.794644
0.267128 0.0559895 -0.785465
0.151546 0.0860166 -0.833285
0.0324919 0.111298 -0.778013
0.098115 0.114826 -0.773978
0.075444 0.1227 -0.7741
-0.0151042 0.0804599 -0.747289
0.0448144 0.0873516 -0.689454
0.136067 0.0957852 -0.714912
0.245152 0.0803832 -0.746398
0.192022 0.0917486 -0.734924
0.239575 0.0840112 -0.640042
0.354284 0.047564 -0.610449
0.392293 -0.00459465 -0.605793
0.337786 0.0505063 -0.700632
0.325954 0.0531877 -0.697539
0.0225375 -0.0313645 -0.468762
-0.00581613 -0.111466 -0.462131
0.0541743 -0.156317 -0.439399
0.101243 0.0135009 -0.4779
0.0580188 0.00228256 -0.47469
0.132298 0.00935765 -0.463257
0.122991 0.0382355 -0.498589
-0.0183914 0.045141 -0.597925
0.0752486 0.0539404 -0.529072
0.243263 0.0227704 -0.446133
0.269888 0.0662088 -0.588681
0.163405 0.0728033 -0.588533
0.434909 -0.185342 -0.488661
0.416101 -0.143165 -0.590006
0.438551 -0.0724113 -0.562523
0.459205 -0.135958 -0.526214
0.482543 -0.108484 -0.479766
0.500029 -0.131343 -0.438563
0.332445 0.0633618 -0.532371
0.450876 -0.0125881 -0.523913
0.354753 0.0576775 -0.530006
0.280996 0.0275461 -0.435377
0.317895 0.0602499 -0.501274
0.484558 -0.0578396 -0.481105
0.361023 0.0483619 -0.470086
0.114077 -0.164249 -0.434645
0.122141 -0.206744 -0.433801
0.198594 -0.155037 -0.403168
0.24818 -0.158748 -0.382538
0.330725 -0.191405 -0.367787
0.318439 -0.137842 -0.343339
0.256245 -0.0706329 -0.375651
0.127348 -0.068281 -0.430744
0.242371 -0.013029 -0.412381
0.359084 -0.109738 -0.330676
0.358696 0.0231824 -0.348748
0.372808 -0.0361095 -0.311848
0.484027 -0.133404 -0.352203
0.505165 -0.0681049 -0.327872
0.466697 -0.102204 -0.327393
0.511778 -0.130121 -0.398825
0.526804 -0.0792466 -0.383053
0.524135 -0.061957 -0.353295
0.5268 -0.0338909 -0.377625
0.382187 0.005745 -0.312426
0.427704 -0.0596511 -0.297687
0.453326 0.0328177 -0.423927
0.494865 0.0325455 -0.376671
0.435573 0.0286825 -0.307815
0.518938 0.0127498 -0.357882
-0.160848 -0.712653 -1.42135
-0.197473 -0.517268 -1.53957
-0.0846337 -0.269163 -0.927129
-0.0225883 -0.12376 -0.558725
-0.176496 -0.250133 -1.23321
0.0864714 0.00578167 -0.792217
0.0248496 -0.144447 -0.896038
0.168205 -0.17888 -0.579735
0.299408 -0.084693 -0.522758
-0.0268803 -0.676138 -1.39504
-0.0890126 -0.724297 -1.58801
-0.147491 -0.622066 -1.14289
-0.0878536 -0.149311 -1.08771
0.232277 -0.135097 -0.687519
-0.0398673 -0.335384 -0.786604
-0.188655 -0.808907 -1.63946
-0.136539 -0.0506467 -1.09388
-0.149429 -0.597915 -1.00154
-0.262729 -0.552654 -1.5867
-0.0566364 -0.526701 -1.09161
-0.273257 -0.762535 -1.24563
-0.211219 -0.437833 -1.27927
-0.226524 -0.154277 -1.36795
-0.318667 -0.359985 -1.40861
-0.0298669 -0.822084 -1.41292
-0.00566204 -0.340582 -1.21534
-0.0981899 -0.508908 -1.61529
-0.0368475 -0.452707 -1.31569
0.0525086 -0.294374 -0.657006
-0.196753 -0.398141 -1.46597
-0.300514 -0.232365 -1.3739
-0.0646766 -0.529697 -1.47023
-0.0587333 -0.16811 -0.722382
-0.14818 -0.834992 -1.52344
-0.0432093 -0.493741 -0.9322
-0.103943 -0.417876 -0.717462
-0.148389 -0.503674 -0.889995
0.0129108 -0.497363 -1.43525
-0.0579637 -0.227377 -1.28491
0.0333608 -0.0229643 -0.56094
0.146339 -0.0629546 -0.558463
0.156487 -0.247311 -0.671472
0.00786465 -0.596812 -1.30876
-0.154245 -0.171366 -0.756219
0.329624 -0.00955054 -0.65445
0.00392866 -0.877944 -1.35856
0.174125 -0.0143199 -0.674931
-0.0150665 -0.175881 -1.2053
0.331177 0.0305596 -0.595596
-0.0181468 -0.488607 -1.01905
0.206267 -0.122344 -0.796128
0.13367 -0.137912 -0.913231
-0.257486 -0.703813 -1.54472
-0.244704 -0.406602 -1.13136
-0.150146 -0.436661 -1.60931
-0.0437778 -0.337272 -0.679009
0.0378843 -0.434261 -1.32809
-0.0549349 -0.630576 -1.08841
-0.225938 -0.398191 -1.55987
-0.153685 -0.84977 -1.41671
-0.0201702 -0.758671 -1.32729
-0.331507 -0.159856 -1.32182
0.0757495 -0.0465986 -0.890899
-0.136667 -0.81134 -1.29047
TETRAHEDRA
342 345 361 446
342 344 345 446
149 305 447 302
344 343 345 446
170 164 416 155
349 323 444 446
170 416 412 155
279 316 313 451
47 19 18 14
167 165 173 416
349 321 446 335
345 349 444 446
23 21 410 24
340 432 405 341
459 57 463 56
390 392 389 387
323 413 444 446
234 247 442 236
38 47 433 14
360 408 440 446
320 318 282 324
27 4 36 418
47 2 0 1
222 217 431 426
34 33 421 36
408 360 444 446
403 407 432 446
21 22 9 426
148 146 404 422
407 403 440 446
118 121 113 423
403 439 440 446
125 121 423 430
176 196 197 403
432 407 441 446
427 421 429 431
105 133 423 122
111 119 122 429
192 326 329 191
407 413 441 446
312 311 406 451
321 335 405 446
59 53 420 463
439 361 440 446
341 361 439 446
54 50 62 55
443 416 402 169
335 343 344 446
65 84 436 83
58 207 460 463
410 9 418 426
199 176 403 198
281 297 407 285
116 430 117 123
170 173 169 416
210 72 457 71
33 421 36 423
140 141 422 461
205 208 225 445
24 212 410 23
208 205 424 445
210 68 411 463
231 225 233 445
225 208 233 445
430 123 163 461
253 251 434 449
347 348 324 444
384 368 372 385
77 76 79 411
106 107 109 454
235 218 442 460
20 200 23 410
401 410 426 431
62 420 76 411
183 182 185 186
358 353 354 439
153 152 412 154
348 347 346 444
194 432 195 193
310 279 406 278
174 176 172 443
75 51 400 420
194 188 165 191
173 194 443 406
372 448 360 368
329 326 330 331
177 175 172 443
172 171 174 443
160 172 175 443
172 168 171 443
160 175 161 414
15 41 433 37
279 310 406 451
251 256 419 449
305 327 412 309
383 382 355 440
50 62 420 76
284 269 289 428
51 76 420 75
119 120 427 429
355 359 383 440
375 382 377 440
400 409 410 431
212 24 410 213
291 292 293 407
352 351 350 440
221 241 456 238
35 33 418 32
194 326 195 462
354 353 350 440
1 2 5 452
92 158 435 90
86 88 93 436
58 42 459 445
218 210 411 463
375 352 382 440
416 162 412 163
350 382 352 440
217 202 226 410
170 412 402 155
304 306 308 447
404 412 425 447
356 359 355 440
178 92 435 99
359 356 361 440
353 356 355 440
356 358 361 440
404 425 427 438
192 325 327 416
113 116 115 423
215 24 410 426
185 177 403 182
228 442 230 409
191 195 326 329
175 182 181 455
400 424 460 463
115 150 423 116
327 326 406 462
382 383 408 440
1 26 452 25
137 142 422 144
383 359 408 440
74 67 85 417
421 427 429 438
34 28 418 452
276 279 402 406
53 50 54 420
156 151 453 79
15 37 14 12
228 409 424 460
400 44 433 459
17 16 20 200
183 265 181 428
375 377 407 440
142 189 149 187
140 127 129 461
283 282 413 441
175 92 435 179
380 295 379 378
177 172 176 432
416 162 142 412
350 403 440 351
423 118 429 458
18 2 452 3
351 352 403 440
443 173 169 171
67 65 85 417
183 403 428 182
176 174 432 443
18 47 14 415
120 110 426 454
76 51 50 52
80 81 411 417
188 325 416 189
413 408 444 446
263 264 428 455
341 403 405 439
119 404 429 438
300 219 224 438
110 119 454 120
243 248 425 456
1 47 452 46
299 389 367 384
149 146 147 438
159 453 436 156
412 153 154 453
119 223 219 438
38 14 433 37
307 224 425 438
26 1 452 46
66 71 411 457
24 107 426 216
340 432 341 193
163 412 416 164
412 162 404 163
412 153 453 159
48 46 452 44
300 147 301 438
421 404 425 427
50 51 49 52
223 224 219 438
149 142 412 416
340 432 193 405
157 160 158 414
135 146 422 438
126 124 125 430
196 176 174 432
266 269 264 428
422 131 430 461
146 301 438 135
404 132 422 438
239 238 437 456
98 84 97 89
42 424 459 445
142 144 404 422
152 170 402 155
106 22 454 103
7 11 100 418
237 221 431 437
402 152 412 159
430 154 150 404
84 98 97 436
65 436 86 417
57 206 42 58
252 98 435 436
96 94 97 436
125 131 129 430
84 97 89 94
94 96 93 436
411 220 442 457
217 221 431 237
150 421 423 430
133 121 423 125
84 94 89 88
154 404 412 453
5 2 3 452
260 276 402 414
172 176 432 443
248 244 456 243
93 85 86 436
95 92 99 435
205 204 208 424
72 66 71 67
157 402 414 436
151 79 421 453
138 143 139 422
61 69 210 68
206 42 204 203
195 329 405 462
312 311 451 462
391 392 393 389
359 360 408 440
278 310 249 412
141 142 404 422
18 19 16 415
327 311 406 412
35 6 418 5
61 210 70 207
341 432 403 193
349 360 444 448
311 309 406 412
275 278 249 412
293 294 285 292
96 252 93 436
58 206 42 445
209 210 460 207
17 204 410 43
409 230 437 442
227 205 225 424
117 116 114 423
272 277 428 441
76 51 420 50
113 118 423 458
418 33 401 32
157 156 159 436
158 87 84 436
263 99 455 262
83 156 157 436
391 396 389 393
222 223 427 456
15 37 12 41
127 123 430 461
168 160 170 443
206 57 42 203
164 170 416 173
87 158 90 435
202 200 17 214
178 435 455 99
180 92 179 435
389 295 379 384
174 196 432 443
248 247 419 425
221 222 431 437
55 50 420 54
178 91 92 99
222 223 119 427
65 436 417 83
41 15 433 43
85 93 82 434
326 416 327 194
82 93 252 434
10 103 104 418
79 80 411 417
193 405 432 195
92 175 435 161
267 289 273 428
423 421 429 430
283 280 441 450
434 417 436 449
289 269 273 428
181 182 183 428
193 403 196 432
324 348 323 444
139 143 148 422
403 407 428 441
21 23 410 20
239 245 242 456
105 423 118 429
66 72 71 457
136 132 135 422
20 16 410 415
427 244 442 456
50 400 420 459
276 277 279 406
79 411 421 453
182 177 432 455
394 374 386 385
149 305 189 416
130 129 430 461
454 119 111 429
234 235 236 442
263 268 271 428
156 80 417 83
421 419 425 453
419 411 442 457
71 74 67 73
22 103 10 418
87 90 98 435
144 139 148 422
400 401 421 431
231 228 227 424
67 72 417 74
210 218 411 457
411 417 419 453
99 263 455 266
104 418 454 458
154 116 430 150
429 111 454 458
65 86 85 417
9 22 418 426
72 67 417 65
5 35 4 418
324 320 364 408
37 38 42 459
129 126 125 430
65 64 411 66
64 65 411 55
164 155 152 412
380 295 378 408
239 237 230 437
277 406 428 441
84 65 436 86
136 143 134 422
64 59 420 463
133 423 429 430
33 115 78 423
133 105 121 125
26 28 452 27
204 206 208 424
144 148 404 422
358 356 439 440
37 42 41 459
406 432 441 450
305 304 309 412
112 116 113 114
142 149 404 144
154 150 404 453
265 273 269 428
50 49 400 459
207 210 460 463
376 287 352 407
254 252 414 434
399 395 388 398
124 126 117 430
256 257 419 449
33 112 115 423
310 278 406 412
170 160 402 443
151 78 150 421
24 215 216 426
376 375 292 407
301 146 438 147
32 8 418 35
241 242 243 456
226 409 410 424
188 173 165 416
6 35 418 8
411 64 420 463
218 220 411 457
44 48 400 452
414 428 432 455
411 419 421 453
79 34 421 75
263 271 414 455
32 100 8 102
8 11 418 9
210 69 71 411
247 256 419 246
233 228 424 460
118 101 104 106
79 156 417 453
33 35 418 36
133 131 125 422
334 330 336 405
175 414 443 455
20 3 410 9
109 106 454 458
98 262 252 435
82 72 417 457
21 20 410 9
441 432 446 450
161 175 435 455
294 285 292 407
100 11 10 418
132 404 422 430
178 180 179 455
16 17 20 410
75 400 411 420
110 108 216 426
227 228 226 424
344 342 336 405
311 312 332 462
101 104 106 458
204 41 424 433
137 144 422 139
163 127 461 123
332 312 315 462
151 421 34 78
217 222 216 426
215 24 213 410
33 32 31 112
201 202 17 410
250 417 434 449
207 209 445 460
428 406 432 441
317 322 321 450
360 345 444 446
333 331 405 336
170 152 402 159
182 185 186 403
228 232 409 460
19 14 13 415
401 400 410 431
402 261 434 449
72 66 67 65
116 112 113 115
286 407 408 413
104 103 106 454
194 432 443 406
100 104 101 418
361 360 440 446
231 233 424 445
412 162 142 404
11 104 100 10
352 375 376 407
407 377 408 440
113 100 458 102
95 98 90 435
323 282 444 413
254 260 402 414
282 283 281 441
139 137 138 422
280 406 441 450
326 331 311 327
226 228 409 424
148 143 146 422
175 177 182 455
249 307 241 425
341 337 338 405
386 397 398 395
274 269 272 428
275 261 402 449
105 423 121 118
124 129 126 125
454 119 429 120
258 249 243 425
317 316 318 450
118 458 100 101
297 281 286 296
104 11 100 101
407 408 413 440
247 236 419 442
105 111 429 458
44 38 433 459
136 134 133 422
133 423 122 429
334 337 330 405
131 125 422 430
430 150 116 423
106 118 458 105
305 149 447 412
243 249 241 425
42 57 459 56
177 175 432 455
86 85 417 436
222 120 426 431
271 263 428 455
215 213 217 410
287 290 407 428
159 160 157 402
227 204 205 424
428 406 414 432
276 259 277 414
131 134 128 422
414 432 443 455
76 79 411 421
239 244 245 456
358 356 353 439
121 125 124 430
117 127 430 126
232 235 409 460
244 239 442 456
196 194 432 443
427 421 431 442
109 107 108 454
192 189 188 190
323 413 446 450
36 4 35 418
402 425 449 453
409 400 424 460
376 291 287 407
75 30 34 400
310 313 406 451
217 237 431 437
285 294 297 407
37 41 433 459
116 163 430 123
11 8 418 7
436 402 449 453
197 403 199 176
268 264 274 428
51 30 75 400
402 254 414 434
133 105 423 121
255 262 263 271
359 360 372 408
119 110 111 122
36 34 401 421
402 416 406 412
112 113 115 423
173 196 443 194
401 102 423 429
254 253 434 449
411 79 417 453
332 315 405 462
48 51 49 400
49 44 48 400
150 404 421 430
160 175 414 443
69 210 71 70
341 338 342 405
202 213 214 410
30 51 48 400
400 411 420 463
149 142 404 412
264 270 268 274
417 411 419 457
414 271 428 455
162 140 141 142
162 164 167 166
187 142 144 149
133 132 422 430
138 128 134 137
330 331 405 462
265 181 428 455
347 396 324 369
386 374 384 385
79 80 77 411
352 375 407 440
450 279 280 451
178 92 180 435
102 32 401 423
152 154 404 412
58 207 209 445
315 314 317 451
28 34 30 452
401 429 431 454
142 187 144 145
233 424 445 460
377 382 408 440
104 101 418 458
142 188 416 189
277 259 271 414
447 302 147 149
37 15 14 433
291 289 287 407
373 384 366 389
119 430 404 132
43 410 415 433
189 142 149 416
53 50 420 463
199 176 196 197
320 282 319 286
286 281 407 413
189 192 325 328
8 7 100 418
247 244 427 456
189 142 190 187
142 189 190 188
142 190 187 145
312 308 311 309
424 445 460 463
409 217 431 437
389 391 390 367
188 416 192 191
352 287 290 407
66 63 64 411
39 50 53 463
237 409 230 437
42 204 203 41
330 331 336 405
164 162 416 163
169 170 402 443
127 163 461 140
372 448 408 360
329 326 331 462
405 321 446 450
106 104 454 458
342 338 336 405
299 384 366 408
275 402 412 425
348 346 349 444
411 409 460 463
193 405 195 340
313 312 406 451
340 195 329 405
315 312 451 462
77 80 81 411
259 255 271 414
221 456 437 238
45 44 49 459
412 249 425 447
135 119 438 132
210 82 457 72
260 257 449 261
192 327 328 326
82 250 417 434
42 206 204 424
402 276 406 414
63 66 69 411
120 426 431 454
191 416 194 188
153 453 156 150
92 95 99 91
9 8 6 418
182 177 403 432
402 412 425 453
278 402 406 412
82 210 457 220
300 447 147 438
415 14 433 452
28 26 452 30
128 131 422 461
11 9 10 418
284 285 281 407
148 146 149 404
361 358 439 440
26 29 46 452
98 96 436 252
120 222 427 437
311 326 327 462
74 82 72 417
86 88 94 93
261 260 402 434
128 130 430 461
237 229 409 217
162 167 416 142
401 102 429 458
409 217 410 431
280 406 450 451
345 360 361 446
48 30 400 452
342 341 405 446
322 317 318 450
58 208 445 209
408 396 448 384
204 17 410 201
421 404 427 438
167 162 416 164
33 421 423 78
129 131 130 430
101 100 418 458
410 21 426 24
194 188 416 173
78 150 421 423
281 407 413 441
121 124 423 430
196 173 443 171
337 338 334 339
321 349 446 323
311 310 312 406
335 446 349 343
404 421 429 438
223 241 425 456
195 191 326 194
131 128 430 461
400 410 424 433
249 307 425 447
204 410 433 424
173 196 194 193
412 159 453 402
164 170 173 169
413 283 441 450
254 251 252 434
262 98 99 435
431 409 437 442
426 401 431 454
299 298 295 408
352 186 351 403
320 286 408 413
335 344 405 446
275 276 402 261
360 408 444 448
295 377 294 292
110 109 108 454
396 448 384 374
158 92 435 161
81 80 65 417
119 132 404 438
17 43 410 415
136 146 143 422
140 141 142 404
261 260 276 402
417 419 436 449
65 66 411 417
17 15 43 415
416 170 402 169
71 69 66 411
199 439 198 403
350 184 198 351
401 429 454 458
186 183 403 290
295 297 294 408
18 47 415 452
124 117 423 430
55 65 411 62
429 120 431 454
243 245 244 456
266 265 273 269
107 22 426 454
107 216 108 426
406 402 432 443
152 153 412 159
42 206 424 445
6 3 9 418
80 156 417 79
222 427 437 456
107 24 426 21
419 417 436 453
264 263 266 455
9 22 10 418
164 155 412 416
381 383 371 408
142 137 422 141
116 430 423 117
450 279 451 316
12 15 13 415
62 50 420 55
294 297 407 408
437 427 442 456
159 153 453 156
427 119 429 438
167 142 165 416
69 210 68 411
305 149 412 416
68 59 63 463
8 32 418 100
406 327 412 416
192 416 326 191
194 327 406 416
248 247 425 456
419 82 250 417
91 178 92 180
65 86 67 85
276 275 402 278
42 204 41 424
126 129 127 430
98 95 90 97
84 86 436 88
64 54 55 420
164 152 404 412
81 80 83 65
150 156 153 151
158 157 414 436
89 98 90 97
170 160 159 402
288 290 428 265
34 36 401 418
233 208 209 445
355 350 440 382
201 204 202 424
222 120 431 437
84 87 98 436
368 384 448 374
349 360 345 444
196 171 443 174
221 456 222 437
228 244 442 234
363 365 364 408
233 232 228 460
406 405 432 450
406 428 414 277
34 400 401 421
178 435 180 455
69 67 71 66
142 190 145 188
220 419 442 457
255 254 262 414
388 395 393 389
102 401 418 458
38 37 433 459
266 99 178 455
157 159 402 436
414 402 434 436
414 252 435 436
14 15 12 415
298 362 296 408
100 104 418 10
14 12 13 415
365 362 366 408
229 217 226 409
50 39 459 463
90 84 87 98
19 13 16 415
244 247 427 442
181 182 428 455
237 238 221 437
324 413 408 444
271 277 414 428
125 133 422 430
93 252 434 436
27 25 418 452
132 135 422 438
194 196 432 193
167 173 164 416
199 354 439 358
224 223 425 438
62 77 81 411
84 65 86 88
418 33 36 401
419 436 449 453
305 302 304 447
207 58 61 463
120 429 431 437
90 84 98 89
402 160 414 443
96 98 436 97
443 416 406 402
283 318 280 450
411 421 427 442
261 260 434 449
85 93 434 436
28 27 418 452
361 358 341 439
417 250 419 449
372 448 368 408
288 265 428 267
179 181 178 455
109 111 105 458
161 158 414 435
442 228 235 409
67 74 85 73
260 259 276 414
308 309 304 412
245 243 242 456
349 370 448 346
419 248 425 449
419 220 442 236
247 234 442 244
399 395 398 397
84 97 94 436
321 322 323 450
330 329 331 462
253 260 449 254
158 83 436 84
268 277 428 274
297 281 407 286
212 214 213 410
20 17 200 410
247 419 425 427
406 405 450 462
400 420 459 463
377 295 408 378
362 299 367 366
389 295 299 387
217 216 215 426
408 413 440 446
211 232 233 460
32 100 102 418
278 276 279 402
267 273 265 428
75 76 411 421
354 198 403 350
158 414 435 436
364 373 384 366
367 299 384 366
386 397 395 396
399 396 395 397
406 173 194 416
331 326 311 462
152 163 164 404
314 316 317 451
311 327 309 412
228 442 235 234
373 384 389 396
248 257 258 449
409 400 410 424
188 325 192 416
402 414 432 443
331 332 405 462
401 34 418 452
217 213 202 410
183 403 290 428
289 288 291 287
150 115 423 78
359 372 371 408
47 38 433 44
32 102 112 423
404 149 412 447
296 286 407 408
140 129 130 461
239 437 442 456
406 450 451 462
395 396 393 389
117 114 124 423
318 319 282 283
272 281 283 441
284 272 428 441
421 404 429 430
258 257 261 449
124 114 113 423
38 44 45 459
74 71 67 72
88 94 93 436
313 316 314 451
423 401 421 36
428 182 432 455
119 430 429 404
295 384 408 380
255 262 271 414
401 423 421 429
247 419 427 442
184 185 176 403
254 259 414 255
318 279 450 316
262 254 252 414
122 105 111 429
39 56 42 459
419 411 427 442
365 366 364 408
62 65 411 417
298 297 295 408
311 406 451 462
195 405 406 462
246 220 82 457
30 48 29 452
288 428 287 289
290 267 183 265
289 267 273 288
239 230 244 442
51 49 400 420
13 15 16 415
401 33 36 423
133 119 430 429
3 6 5 418
160 157 402 414
334 336 338 405
120 110 222 426
354 199 439 198
183 186 403 182
391 396 373 389
374 386 397 394
420 50 459 463
39 53 56 463
263 264 268 428
39 56 459 463
419 421 425 427
395 393 399 388
362 367 365 366
399 369 396 397
354 403 439 440
289 284 428 441
360 361 359 372
376 375 377 292
377 292 407 408
295 377 408 294
377 294 292 408
341 432 405 403
281 284 407 441
120 427 429 437
272 283 277 441
358 357 341 439
333 344 336 405
401 33 423 32
389 367 384 366
250 251 419 449
206 208 424 445
300 447 438 224
33 34 421 78
370 349 448 360
417 85 434 436
402 434 436 449
34 79 421 151
401 410 418 426
251 250 434 449
316 310 279 313
220 236 218 442
432 175 443 455
230 239 437 442
177 176 403 432
381 378 377 408
317 316 450 451
127 117 430 123
405 315 450 462
3 410 452 18
396 448 374 370
26 25 27 452
381 377 382 383
175 161 414 455
252 262 414 435
396 364 369 373
22 418 426 454
351 185 184 403
248 258 243 425
85 82 74 417
407 289 428 441
113 116 423 114
389 391 367 373
367 389 373 366
22 21 107 426
193 403 357 197
34 75 400 421
396 324 408 448
389 295 387 379
220 218 411 442
200 214 212 410
212 23 200 410
176 196 403 432
379 384 295 380
389 395 386 384
306 249 308 447
392 390 389 391
404 140 422 461
134 143 138 422
417 156 436 453
58 207 445 460
328 192 326 330
299 389 387 367
396 389 386 384
262 263 271 414
338 337 334 405
149 404 438 447
229 228 230 409
397 394 386 398
57 60 61 463
399 396 393 395
147 149 438 447
405 403 446 439
392 388 393 389
425 223 427 438
228 231 233 424
387 389 390 367
364 396 384 373
394 381 371 386
163 412 164 404
396 347 324 448
425 247 427 456
305 304 412 447
311 332 331 462
376 292 291 407
47 433 452 44
156 150 453 151
397 394 398 385
295 389 299 384
310 308 249 412
395 396 389 386
299 387 390 367
296 362 363 408
57 42 459 58
429 427 431 437
200 17 214 410
327 325 412 416
386 371 384 381
333 315 335 405
69 61 210 70
386 374 396 384
386 371 385 384
408 324 444 448
202 204 227 424
393 369 396 399
284 281 272 441
391 396 393 373
49 50 400 420
426 217 410 215
372 408 384 371
296 362 286 363
99 262 435 455
225 231 424 445
362 299 366 408
363 364 320 408
396 347 448 370
286 296 363 408
192 189 325 188
282 324 413 320
275 258 402 425
32 102 401 418
384 295 408 299
292 294 407 408
130 137 141 461
381 380 378 408
371 384 381 408
372 384 385 371
300 304 447 224
369 393 396 373
175 179 435 455
275 249 258 425
279 278 402 406
329 330 405 462
204 410 424 201
403 428 432 441
36 34 27 418
377 382 383 408
432 405 446 450
381 377 383 408
27 34 28 418
119 300 438 219
409 235 442 460
302 447 147 304
405 403 432 446
266 265 269 428
282 281 413 441
235 218 236 442
4 27 25 418
163 430 461 404
323 318 450 322
384 374 368 385
3 20 410 18
290 288 428 287
129 127 430 461
400 409 411 463
130 141 140 461
400 34 401 452
217 226 409 410
418 401 454 458
62 420 411 55
194 188 173 165
311 327 406 462
16 17 410 415
340 337 341 405
87 158 435 436
50 45 49 459
5 4 1 452
384 380 381 408
410 18 415 452
252 414 434 436
247 257 248 419
111 109 454 458
59 53 54 420
400 75 411 421
277 283 280 441
68 210 61 463
17 202 214 410
124 113 121 423
404 425 438 447
338 344 342 336
285 293 292 407
331 333 405 332
408 396 384 364
310 279 313 451
365 363 362 408
306 307 249 447
343 335 344 336
315 317 321 450
144 148 149 404
18 20 410 415
425 419 449 453
335 333 344 336
25 1 4 452
259 254 414 260
242 238 239 456
413 441 446 450
337 341 338 339
338 341 342 339
326 192 329 330
370 346 347 448
111 110 454 109
218 232 211 460
192 325 328 327
344 342 405 446
170 416 402 412
326 194 327 406
162 140 142 404
63 64 411 463
193 403 341 357
191 416 326 194
313 312 310 406
421 401 429 431
335 315 321 405
22 106 454 107
326 329 195 462
95 99 98 435
311 308 406 309
313 314 312 451
103 104 418 454
410 401 418 452
218 411 442 460
453 159 436 402
235 228 232 409
205 225 424 445
137 128 422 461
432 195 405 406
403 352 407 440
375 377 292 407
308 312 311 310
220 218 210 457
2 18 452 47
257 248 419 449
184 176 198 403
161 158 160 414
419 82 417 457
356 353 439 440
106 109 105 458
5 3 418 452
345 343 349 446
45 50 39 459
81 62 411 417
41 424 433 459
326 194 406 462
424 400 459 463
125 423 133 430
318 323 450 413
184 198 351 403
102 113 423 458
246 82 419 457
459 58 445 463
280 279 277 406
30 34 400 452
226 228 229 409
98 87 435 436
304 300 447 147
258 275 402 449
258 261 275 449
307 224 438 447
400 401 410 452
304 308 412 447
297 298 296 408
130 131 128 430
318 323 413 282
370 368 360 448
410 415 433 452
222 110 216 426
113 112 102 423
406 308 310 412
445 58 460 463
19 18 14 415
277 268 428 271
403 197 199 357
361 360 359 440
342 361 341 446
217 222 431 221
122 423 105 429
25 4 418 452
406 402 414 432
282 318 283 413
235 232 218 460
68 61 59 463
443 173 416 169
286 320 363 319
60 59 61 463
320 286 363 408
307 224 241 425
38 39 42 459
410 43 204 433
308 249 412 447
82 246 419 250
223 119 427 438
209 211 233 460
427 431 437 442
297 296 407 408
404 422 430 461
163 430 404 154
284 274 269 272
256 251 253 449
47 14 415 452
260 254 434 449
44 400 433 452
141 137 422 461
357 403 341 439
80 83 65 417
15 43 415 433
163 140 404 461
324 318 282 323
57 61 58 463
153 453 150 154
409 400 411 442
315 321 405 450
30 29 26 452
327 305 412 325
237 409 437 217
264 266 428 455
45 39 38 459
323 282 324 444
238 237 239 437
53 59 60 463
102 423 429 458
318 283 413 450
173 443 416 406
284 293 285 407
445 424 459 463
60 56 53 463
246 236 419 247
140 141 404 422
248 258 425 449
224 306 447 307
409 400 460 463
3 9 418 452
128 134 137 422
284 289 407 441
425 307 438 447
231 227 225 424
163 116 430 154
3 410 9 452
204 202 227 205
14 15 415 433
186 185 351 403
202 226 410 424
47 1 452 2
276 277 406 414
350 198 403 351
59 64 63 463
368 408 384 372
152 154 163 404
298 299 362 408
156 83 417 436
15 17 16 415
383 359 371 408
193 403 197 196
397 374 394 385
406 308 412 309
324 396 408 364
177 185 403 176
400 410 433 452
402 152 155 412
352 290 403 407
290 186 352 403
68 63 69 411
311 308 310 406
133 122 119 429
85 82 417 434
178 265 266 455
353 354 439 440
293 289 291 407
284 289 293 407
405 341 439 446
219 303 300 224
297 286 407 296
150 151 421 453
202 227 226 424
411 409 442 460
61 210 207 463
459 57 58 463
182 403 428 432
22 103 418 454
266 265 428 455
33 32 112 423
432 194 195 406
194 195 406 462
240 222 241 223
241 221 456 222
260 256 449 257
262 263 414 455
256 260 449 253
325 305 412 416
329 330 337 405
450 315 451 462
250 252 251 434
315 312 314 451
229 237 409 230
272 277 274 428
236 246 419 220
366 384 364 408
57 56 60 463
68 63 411 463
421 400 431 442
169 171 170 443
210 218 460 463
244 248 456 247
243 245 248 244
100 113 458 118
177 172 432 443
18 16 20 415
223 241 224 425
419 250 246 251
386 374 397 396
249 275 412 425
209 233 445 460
110 108 426 454
81 65 62 417
300 135 438 301
241 243 425 456
218 411 460 463
64 55 411 420
333 335 344 405
411 400 421 442
118 105 429 458
62 52 76 50
324 282 413 444
256 247 419 257
49 44 400 459
306 224 447 304
269 284 272 428
410 21 9 426
241 222 456 223
95 90 92 435
204 201 202 205
404 150 421 453
76 77 62 411
315 333 332 405
400 409 431 442
146 404 422 438
250 82 252 434
134 138 137 422
72 66 417 457
66 411 417 457
210 411 71 457
76 75 411 420
217 426 410 431
347 346 444 448
321 323 446 450
244 228 442 230
211 460 210 218
394 371 385 386
253 251 254 434
269 274 264 428
324 413 320 408
46 48 452 29
188 142 416 165
354 403 440 350
349 323 348 444
47 433 14 452
183 290 265 428
181 179 175 455
281 286 282 413
201 202 410 424
424 400 433 459
346 349 444 448
108 107 426 454
172 160 168 443
170 171 168 443
290 403 407 428
198 439 354 403
407 403 432 441
414 161 435 455
208 58 445 206
288 290 265 267
320 282 286 413
419 220 246 457
163 140 162 404
118 106 458 101
413 407 440 446
210 209 460 211
288 428 289 267
289 287 407 428
42 203 40 41
274 269 264 270
42 424 41 459
204 43 41 433
256 246 251 419
381 394 371 383
54 64 59 420
223 425 427 456
318 320 282 319
350 355 440 353
83 158 436 157
412 404 425 453
130 128 137 461
72 66 65 417
260 254 402 434
238 241 456 242
240 222 221 241
277 280 406 441
119 120 222 427
181 265 178 455
325 189 305 416
47 19 0 18
135 146 136 422
340 329 337 405
100 102 418 458
315 317 450 451
133 134 131 422
133 132 136 422
192 327 326 416
262 414 435 455
300 119 438 135
84 94 88 436
202 200 201 17
419 411 421 427
278 275 402 412
324 347 444 448
370 448 374 368
324 396 364 369
404 421 425 453
119 133 430 132
51 50 49 420
418 401 426 454
199 439 403 357
175 177 432 443
318 279 283 280
9 410 418 452
368 408 448 384
146 149 404 438
193 341 340 357
276 275 278 279
179 180 435 455
279 318 450 280
119 110 454 111
187 144 148 149
47 46 44 452
8 9 6 11
258 402 425 449
4 5 418 452
280 279 406 451
358 439 199 357
2 18 47 0
75 79 76 421
EDGES
0 1
0 2
0 18
0 19
0 47
1 2
1 4
1 5
1 25
1 26
1 46
1 47
1 452
2 3
2 5
2 18
2 47
2 452
3 5
3 6
3 9
3 18
3 20
3 410
3 418
3 452
4 5
4 25
4 27
4 35
4 36
4 418
4 452
5 6
5 35
5 418
5 452
6 8
6 9
6 11
6 35
6 418
7 8
7 11
7 100
7 418
8 9
8 11
8 32
8 35
8 100
8 102
8 418
9 10
9 11
9 20
9 21
9 22
9 410
9 418
9 426
9 452
10 11
10 22
10 100
10 103
10 104
10 418
11 100
11 101
11 104
11 418
12 13
12 14
12 15
12 37
12 41
12 415
13 14
13 15
13 16
13 19
13 415
14 15
14 18
14 19
14 37
14 38
14 47
14 415
14 433
14 452
15 16
15 17
15 37
15 41
15 43
15 415
15 433
16 17
16 18
16 19
16 20
16 200
16 410
16 415
17 20
17 43
17 200
17 201
17 202
17 204
17 214
17 410
17 415
18 19
18 20
18 47
18 410
18 415
18 452
19 47
19 415
20 21
20 23
20 200
20 410
20 415
21 22
21 23
21 24
21 107
21 410
21 426
22 103
22 106
22 107
22 418
22 426
22 454
23 24
23 200
23 212
23 410
24 107
24 212
24 213
24 215
24 216
24 410
24 426
25 26
25 27
25 418
25 452
26 27
26 28
26 29
26 30
26 46
26 452
27 28
27 34
27 36
27 418
27 452
28 30
28 34
28 418
28 452
29 30
29 46
29 48
29 452
30 34
30 48
30 51
30 75
30 400
30 452
31 32
31 33
31 112
32 33
32 35
32 100
32 102
32 112
32 401
32 418
32 423
33 34
33 35
33 36
33 78
33 112
33 115
33 401
33 418
33 421
33 423
34 36
34 75
34 78
34 79
34 151
34 400
34 401
34 418
34 421
34 452
35 36
35 418
36 401
36 418
36 421
36 423
37 38
37 41
37 42
37 433
37 459
38 39
38 42
38 44
38 45
38 47
38 433
38 459
39 42
39 45
39 50
39 53
39 56
39 459
39 463
40 41
40 42
40 203
41 42
41 43
41 203
41 204
41 424
41 433
41 459
42 56
42 57
42 58
42 203
42 204
42 206
42 424
42 445
42 459
43 204
43 410
43 415
43 433
44 45
44 46
44 47
44 48
44 49
44 400
44 433
44 452
44 459
45 49
45 50
45 459
46 47
46 48
46 452
47 415
47 433
47 452
48 49
48 51
48 400
48 452
49 50
49 51
49 52
49 400
49 420
49 459
50 51
50 52
50 53
50 54
50 55
50 62
50 76
50 400
50 420
50 459
50 463
51 52
51 75
51 76
51 400
51 420
52 62
52 76
53 54
53 56
53 59
53 60
53 420
53 463
54 55
54 59
54 62
54 64
54 420
55 62
55 64
55 65
55 411
55 420
56 57
56 60
56 459
56 463
57 58
57 60
57 61
57 203
57 206
57 459
57 463
58 61
58 206
58 207
58 208
58 209
58 445
58 459
58 460
58 463
59 60
59 61
59 63
59 64
59 68
59 420
59 463
60 61
60 463
61 68
61 69
61 70
61 207
61 210
61 463
62 65
62 76
62 77
62 81
62 411
62 417
62 420
63 64
63 66
63 68
63 69
63 411
63 463
64 65
64 66
64 411
64 420
64 463
65 66
65 67
65 72
65 80
65 81
65 83
65 84
65 85
65 86
65 88
65 411
65 417
65 436
66 67
66 69
66 71
66 72
66 411
66 417
66 457
67 69
67 71
67 72
67 73
67 74
67 85
67 86
67 417
68 69
68 210
68 411
68 463
69 70
69 71
69 210
69 411
70 71
70 207
70 210
71 72
71 73
71 74
71 210
71 411
71 457
72 74
72 82
72 210
72 417
72 457
73 74
73 85
74 82
74 85
74 417
75 76
75 79
75 400
75 411
75 420
75 421
76 77
76 79
76 411
76 420
76 421
77 79
77 80
77 81
77 411
78 115
78 150
78 151
78 421
78 423
79 80
79 151
79 156
79 411
79 417
79 421
79 453
80 81
80 83
80 156
80 411
80 417
81 83
81 411
81 417
82 85
82 93
82 210
82 220
82 246
82 250
82 252
82 417
82 419
82 434
82 457
83 84
83 156
83 157
83 158
83 417
83 436
84 86
84 87
84 88
84 89
84 90
84 94
84 97
84 98
84 158
84 436
85 86
85 93
85 417
85 434
85 436
86 88
86 93
86 94
86 417
86 436
87 90
87 98
87 158
87 435
87 436
88 89
88 93
88 94
88 436
89 90
89 94
89 97
89 98
90 92
90 95
90 97
90 98
90 158
90 435
91 92
91 95
91 99
91 178
91 180
92 95
92 99
92 158
92 161
92 175
92 178
92 179
92 180
92 435
93 94
93 96
93 252
93 434
93 436
94 96
94 97
94 436
95 97
95 98
95 99
95 435
96 97
96 98
96 252
96 436
97 98
97 436
98 99
98 252
98 262
98 435
98 436
99 178
99 262
99 263
99 266
99 435
99 455
100 101
100 102
100 104
100 113
100 118
100 418
100 458
101 104
101 106
101 118
101 418
101 458
102 112
102 113
102 401
102 418
102 423
102 429
102 458
103 104
103 106
103 418
103 454
104 106
104 118
104 418
104 454
104 458
105 106
105 109
105 111
105 118
105 121
105 122
105 125
105 133
105 423
105 429
105 458
106 107
106 109
106 118
106 454
106 458
107 108
107 109
107 216
107 426
107 454
108 109
108 110
108 216
108 426
108 454
109 110
109 111
109 454
109 458
110 111
110 119
110 120
110 122
110 216
110 222
110 426
110 454
111 119
111 122
111 429
111 454
111 458
112 113
112 114
112 115
112 116
112 423
113 114
113 115
113 116
113 118
113 121
113 124
113 423
113 458
114 116
114 117
114 124
114 423
115 116
115 150
115 423
116 117
116 123
116 150
116 154
116 163
116 423
116 430
117 123
117 124
117 126
117 127
117 423
117 430
118 121
118 423
118 429
118 458
119 120
119 122
119 132
119 133
119 135
119 219
119 222
119 223
119 300
119 404
119 427
119 429
119 430
119 438
119 454
120 222
120 426
120 427
120 429
120 431
120 437
120 454
121 124
121 125
121 133
121 423
121 430
122 133
122 423
122 429
123 127
123 163
123 430
123 461
124 125
124 126
124 129
124 423
124 430
125 126
125 129
125 131
125 133
125 422
125 423
125 430
126 127
126 129
126 430
127 129
127 140
127 163
127 430
127 461
128 130
128 131
128 134
128 137
128 138
128 422
128 430
128 461
129 130
129 131
129 140
129 430
129 461
130 131
130 137
130 140
130 141
130 430
130 461
131 133
131 134
131 422
131 430
131 461
132 133
132 135
132 136
132 404
132 422
132 430
132 438
133 134
133 136
133 422
133 423
133 429
133 430
134 136
134 137
134 138
134 143
134 422
135 136
135 146
135 300
135 301
135 422
135 438
136 143
136 146
136 422
137 138
137 139
137 141
137 142
137 144
137 422
137 461
138 139
138 143
138 422
139 143
139 144
139 148
139 422
140 141
140 142
140 162
140 163
140 404
140 422
140 461
141 142
141 162
141 404
141 422
141 461
142 144
142 145
142 149
142 162
142 165
142 167
142 187
142 188
142 189
142 190
142 404
142 412
142 416
142 422
143 146
143 148
143 422
144 145
144 148
144 149
144 187
144 404
144 422
145 187
145 188
145 190
146 147
146 148
146 149
146 301
146 404
146 422
146 438
147 149
147 300
147 301
147 302
147 304
147 438
147 447
148 149
148 187
148 404
148 422
149 187
149 189
149 302
149 305
149 404
149 412
149 416
149 438
149 447
150 151
150 153
150 154
150 156
150 404
150 421
150 423
150 430
150 453
151 153
151 156
151 421
151 453
152 153
152 154
152 155
152 159
152 163
152 164
152 170
152 402
152 404
152 412
153 154
153 156
153 159
153 412
153 453
154 163
154 404
154 412
154 430
154 453
155 164
155 170
155 402
155 412
155 416
156 157
156 159
156 417
156 436
156 453
157 158
157 159
157 160
157 402
157 414
157 436
158 160
158 161
158 414
158 435
158 436
159 160
159 170
159 402
159 412
159 436
159 453
160 161
160 168
160 170
160 172
160 175
160 402
160 414
160 443
161 175
161 414
161 435
161 455
162 163
162 164
162 166
162 167
162 404
162 412
162 416
163 164
163 404
163 412
163 416
163 430
163 461
164 166
164 167
164 169
164 170
164 173
164 404
164 412
164 416
165 167
165 173
165 188
165 191
165 194
165 416
166 167
167 173
167 416
168 170
168 171
168 172
168 443
169 170
169 171
169 173
169 402
169 416
169 443
170 171
170 173
170 402
170 412
170 416
170 443
171 172
171 173
171 174
171 196
171 443
172 174
172 175
172 176
172 177
172 432
172 443
173 188
173 193
173 194
173 196
173 406
173 416
173 443
174 176
174 196
174 432
174 443
175 177
175 179
175 181
175 182
175 414
175 432
175 435
175 443
175 455
176 177
176 184
176 185
176 196
176 197
176 198
176 199
176 403
176 432
176 443
177 182
177 185
177 403
177 432
177 443
177 455
178 179
178 180
178 181
178 265
178 266
178 435
178 455
179 180
179 181
179 435
179 455
180 435
180 455
181 182
181 183
181 265
181 428
181 455
182 183
182 185
182 186
182 403
182 428
182 432
182 455
183 185
183 186
183 265
183 267
183 290
183 403
183 428
184 185
184 198
184 350
184 351
184 403
185 186
185 351
185 403
186 290
186 351
186 352
186 403
187 189
187 190
188 189
188 190
188 191
188 192
188 194
188 325
188 416
189 190
189 192
189 305
189 325
189 328
189 416
190 192
191 192
191 194
191 195
191 326
191 329
191 416
192 325
192 326
192 327
192 328
192 329
192 330
192 416
193 194
193 195
193 196
193 197
193 340
193 341
193 357
193 403
193 405
193 432
194 195
194 196
194 326
194 327
194 406
194 416
194 432
194 443
194 462
195 326
195 329
195 340
195 405
195 406
195 432
195 462
196 197
196 199
196 403
196 432
196 443
197 199
197 357
197 403
198 199
198 350
198 351
198 354
198 403
198 439
199 354
199 357
199 358
199 403
199 439
200 201
200 202
200 212
200 214
200 410
201 202
201 204
201 205
201 410
201 424
202 204
202 205
202 213
202 214
202 217
202 226
202 227
202 410
202 424
203 204
203 206
204 205
204 206
204 208
204 227
204 410
204 424
204 433
205 208
205 225
205 227
205 424
205 445
206 208
206 424
206 445
207 209
207 210
207 445
207 460
207 463
208 209
208 225
208 233
208 424
208 445
209 210
209 211
209 233
209 445
209 460
210 211
210 218
210 220
210 411
210 457
210 460
210 463
211 218
211 232
211 233
211 460
212 213
212 214
212 410
213 214
213 215
213 217
213 410
214 410
215 216
215 217
215 410
215 426
216 217
216 222
216 426
217 221
217 222
217 226
217 229
217 237
217 409
217 410
217 426
217 431
217 437
218 220
218 232
218 235
218 236
218 411
218 442
218 457
218 460
218 463
219 223
219 224
219 300
219 303
219 438
220 236
220 246
220 411
220 419
220 442
220 457
221 222
221 237
221 238
221 240
221 241
221 431
221 437
221 456
222 223
222 240
222 241
222 426
222 427
222 431
222 437
222 456
223 224
223 240
223 241
223 425
223 427
223 438
223 456
224 241
224 300
224 303
224 304
224 306
224 307
224 425
224 438
224 447
225 227
225 231
225 233
225 424
225 445
226 227
226 228
226 229
226 409
226 410
226 424
227 228
227 231
227 424
228 229
228 230
228 231
228 232
228 233
228 234
228 235
228 244
228 409
228 424
228 442
228 460
229 230
229 237
229 409
230 237
230 239
230 244
230 409
230 437
230 442
231 233
231 424
231 445
232 233
232 235
232 409
232 460
233 424
233 445
233 460
234 235
234 236
234 244
234 247
234 442
235 236
235 409
235 442
235 460
236 246
236 247
236 419
236 442
237 238
237 239
237 409
237 431
237 437
238 239
238 241
238 242
238 437
238 456
239 242
239 244
239 245
239 437
239 442
239 456
240 241
241 242
241 243
241 249
241 307
241 425
241 456
242 243
242 245
242 456
243 244
243 245
243 248
243 249
243 258
243 425
243 456
244 245
244 247
244 248
244 427
244 442
244 456
245 248
245 456
246 247
246 250
246 251
246 256
246 419
246 457
247 248
247 256
247 257
247 419
247 425
247 427
247 442
247 456
248 257
248 258
248 419
248 425
248 449
248 456
249 258
249 275
249 278
249 306
249 307
249 308
249 310
249 412
249 425
249 447
250 251
250 252
250 417
250 419
250 434
250 449
251 252
251 253
251 254
251 256
251 419
251 434
251 449
252 254
252 262
252 414
252 434
252 435
252 436
253 254
253 256
253 260
253 434
253 449
254 255
254 259
254 260
254 262
254 402
254 414
254 434
254 449
255 259
255 262
255 263
255 271
255 414
256 257
256 260
256 419
256 449
257 258
257 260
257 261
257 419
257 449
258 261
258 275
258 402
258 425
258 449
259 260
259 271
259 276
259 277
259 414
260 261
260 276
260 402
260 414
260 434
260 449
261 275
261 276
261 402
261 434
261 449
262 263
262 271
262 414
262 435
262 455
263 264
263 266
263 268
263 271
263 414
263 428
263 455
264 266
264 268
264 269
264 270
264 274
264 428
264 455
265 266
265 267
265 269
265 273
265 288
265 290
265 428
265 455
266 269
266 273
266 428
266 455
267 273
267 288
267 289
267 290
267 428
268 270
268 271
268 274
268 277
268 428
269 270
269 272
269 273
269 274
269 284
269 289
269 428
270 274
271 277
271 414
271 428
271 455
272 274
272 277
272 281
272 283
272 284
272 428
272 441
273 288
273 289
273 428
274 277
274 284
274 428
275 276
275 278
275 279
275 402
275 412
275 425
275 449
276 277
276 278
276 279
276 402
276 406
276 414
277 279
277 280
277 283
277 406
277 414
277 428
277 441
278 279
278 310
278 402
278 406
278 412
279 280
279 283
279 310
279 313
279 316
279 318
279 402
279 406
279 450
279 451
280 283
280 318
280 406
280 441
280 450
280 451
281 282
281 283
281 284
281 285
281 286
281 296
281 297
281 407
281 413
281 441
282 283
282 286
282 318
282 319
282 320
282 323
282 324
282 413
282 441
282 444
283 318
283 319
283 413
283 441
283 450
284 285
284 289
284 293
284 407
284 428
284 441
285 292
285 293
285 294
285 297
285 407
286 296
286 297
286 319
286 320
286 362
286 363
286 407
286 408
286 413
287 288
287 289
287 290
287 291
287 352
287 376
287 407
287 428
288 289
288 290
288 291
288 428
289 291
289 293
289 407
289 428
289 441
290 352
290 403
290 407
290 428
291 292
291 293
291 376
291 407
292 293
292 294
292 295
292 375
292 376
292 377
292 407
292 408
293 294
293 407
294 295
294 297
294 377
294 407
294 408
295 297
295 298
295 299
295 377
295 378
295 379
295 380
295 384
295 387
295 389
295 408
296 297
296 298
296 362
296 363
296 407
296 408
297 298
297 407
297 408
298 299
298 362
298 408
299 362
299 366
299 367
299 384
299 387
299 389
299 390
299 408
300 301
300 303
300 304
300 438
300 447
301 438
302 304
302 305
302 447
304 305
304 306
304 308
304 309
304 412
304 447
305 309
305 325
305 327
305 412
305 416
305 447
306 307
306 308
306 447
307 425
307 438
307 447
308 309
308 310
308 311
308 312
308 406
308 412
308 447
309 311
309 312
309 327
309 406
309 412
310 311
310 312
310 313
310 316
310 406
310 412
310 451
311 312
311 326
311 327
311 331
311 332
311 406
311 412
311 451
311 462
312 313
312 314
312 315
312 332
312 406
312 451
312 462
313 314
313 316
313 406
313 451
314 315
314 316
314 317
314 451
315 317
315 321
315 332
315 333
315 335
315 405
315 450
315 451
315 462
316 317
316 318
316 450
316 451
317 318
317 321
317 322
317 450
317 451
318 319
318 320
318 322
318 323
318 324
318 413
318 450
319 320
319 363
320 324
320 363
320 364
320 408
320 413
321 322
321 323
321 335
321 349
321 405
321 446
321 450
322 323
322 450
323 324
323 348
323 349
323 413
323 444
323 446
323 450
324 347
324 348
324 364
324 369
324 396
324 408
324 413
324 444
324 448
325 327
325 328
325 412
325 416
326 327
326 328
326 329
326 330
326 331
326 406
326 416
326 462
327 328
327 331
327 406
327 412
327 416
327 462
328 330
329 330
329 331
329 337
329 340
329 405
329 462
330 331
330 334
330 336
330 337
330 405
330 462
331 332
331 333
331 336
331 405
331 462
332 333
332 405
332 462
333 335
333 336
333 344
333 405
334 336
334 337
334 338
334 339
334 405
335 336
335 343
335 344
335 349
335 405
335 446
336 338
336 342
336 343
336 344
336 405
337 338
337 339
337 340
337 341
337 405
338 339
338 341
338 342
338 344
338 405
339 341
339 342
340 341
340 357
340 405
340 432
341 342
341 357
341 358
341 361
341 403
341 405
341 432
341 439
341 446
342 344
342 345
342 361
342 405
342 446
343 344
343 345
343 349
343 446
344 345
344 405
344 446
345 349
345 360
345 361
345 444
345 446
346 347
346 348
346 349
346 370
346 444
346 448
347 348
347 369
347 370
347 396
347 444
347 448
348 349
348 444
349 360
349 370
349 444
349 446
349 448
350 351
350 352
350 353
350 354
350 355
350 382
350 403
350 440
351 352
351 403
351 440
352 375
352 376
352 382
352 403
352 407
352 440
353 354
353 355
353 356
353 358
353 439
353 440
354 358
354 403
354 439
354 440
355 356
355 359
355 382
355 383
355 440
356 358
356 359
356 361
356 439
356 440
357 358
357 403
357 439
358 361
358 439
358 440
359 360
359 361
359 371
359 372
359 383
359 408
359 440
360 361
360 368
360 370
360 372
360 408
360 440
360 444
360 446
360 448
361 372
361 439
361 440
361 446
362 363
362 365
362 366
362 367
362 408
363 364
363 365
363 408
364 365
364 366
364 369
364 373
364 384
364 396
364 408
365 366
365 367
365 408
366 367
366 373
366 384
366 389
366 408
367 373
367 384
367 387
367 389
367 390
367 391
368 370
368 372
368 374
368 384
368 385
368 408
368 448
369 373
369 393
369 396
369 397
369 399
370 374
370 396
370 448
371 372
371 381
371 383
371 384
371 385
371 386
371 394
371 408
372 384
372 385
372 408
372 448
373 384
373 389
373 391
373 393
373 396
374 384
374 385
374 386
374 394
374 396
374 397
374 448
375 376
375 377
375 382
375 407
375 440
376 377
376 407
377 378
377 381
377 382
377 383
377 407
377 408
377 440
378 379
378 380
378 381
378 408
379 380
379 384
379 387
379 389
380 381
380 384
380 408
381 382
381 383
381 384
381 386
381 394
381 408
382 383
382 408
382 440
383 394
383 408
383 440
384 385
384 386
384 389
384 395
384 396
384 408
384 448
385 386
385 394
385 397
385 398
386 389
386 394
386 395
386 396
386 397
386 398
387 389
387 390
387 392
388 389
388 392
388 393
388 395
388 398
388 399
389 390
389 391
389 392
389 393
389 395
389 396
390 391
390 392
391 392
391 393
391 396
392 393
393 395
393 396
393 399
394 397
394 398
395 396
395 397
395 398
395 399
396 397
396 399
396 408
396 448
397 398
397 399
398 399
400 401
400 409
400 410
400 411
400 420
400 421
400 424
400 431
400 433
400 442
400 452
400 459
400 460
400 463
401 410
401 418
401 421
401 423
401 426
401 429
401 431
401 452
401 454
401 458
402 406
402 412
402 414
402 416
402 425
402 432
402 434
402 436
402 443
402 449
402 453
403 405
403 407
403 428
403 432
403 439
403 440
403 441
403 446
404 412
404 421
404 422
404 425
404 427
404 429
404 430
404 438
404 447
404 453
404 461
405 406
405 432
405 439
405 446
405 450
405 462
406 412
406 414
406 416
406 428
406 432
406 441
406 443
406 450
406 451
406 462
407 408
407 413
407 428
407 432
407 440
407 441
407 446
408 413
408 440
408 444
408 446
408 448
409 410
409 411
409 424
409 431
409 437
409 442
409 460
409 463
410 415
410 418
410 424
410 426
410 431
410 433
410 452
411 417
411 419
411 420
411 421
411 427
411 442
411 453
411 457
411 460
411 463
412 416
412 425
412 447
412 453
413 440
413 441
413 444
413 446
413 450
414 428
414 432
414 434
414 435
414 436
414 443
414 455
415 433
415 452
416 443
417 419
417 434
417 436
417 449
417 453
417 457
418 426
418 452
418 454
418 458
419 421
419 425
419 427
419 436
419 442
419 449
419 453
419 457
420 459
420 463
421 423
421 425
421 427
421 429
421 430
421 431
421 438
421 442
421 453
422 430
422 438
422 461
423 429
423 430
423 458
424 433
424 445
424 459
424 460
424 463
425 427
425 438
425 447
425 449
425 453
425 456
426 431
426 454
427 429
427 431
427 437
427 438
427 442
427 456
428 432
428 441
428 455
429 430
429 431
429 437
429 438
429 454
429 458
430 461
431 437
431 442
431 454
432 441
432 443
432 446
432 450
432 455
433 452
433 459
434 436
434 449
435 436
435 455
436 449
436 453
437 442
437 456
438 447
439 440
439 446
440 446
441 446
441 450
442 456
442 457
442 460
443 455
444 446
444 448
445 459
445 460
445 463
446 450
449 453
450 451
450 462
451 462
454 458
459 463
460 463
SURFACE_TRIANGLES
0 1 2
0 1 47
0 2 18
0 18 19
0 19 47
1 2 5
1 4 5
1 4 25
1 25 26
1 26 46
1 46 47
2 3 5
2 3 18
3 5 6
3 6 9
3 9 20
3 18 20
4 5 35
4 25 27
4 27 36
4 35 36
5 6 35
6 8 11
6 8 35
6 9 11
7 8 11
7 8 100
7 11 100
8 32 35
8 32 102
8 100 102
9 10 11
9 10 22
9 20 21
9 21 22
10 11 104
10 22 103
10 103 104
11 100 101
11 101 104
12 13 14
12 13 15
12 14 37
12 15 41
12 37 41
13 14 19
13 15 16
13 16 19
14 19 47
14 37 38
14 38 47
15 16 17
15 17 43
15 41 43
16 17 200
16 18 19
16 18 20
16 20 200
17 43 204
17 200 201
17 201 204
20 21 23
20 23 200
21 22 107
21 23 24
21 24 107
22 103 106
22 106 107
23 24 212
23 200 212
24 107 216
24 212 213
24 213 215
24 215 216
25 26 27
26 27 28
26 28 30
26 29 30
26 29 46
27 28 34
27 34 36
28 30 34
29 30 48
29 46 48
30 34 75
30 48 51
30 51 75
31 32 33
31 32 112
31 33 112
32 33 35
32 102 112
33 34 36
33 34 78
33 35 36
33 78 115
33 112 115
34 75 79
34 78 151
34 79 151
37 38 42
37 41 42
38 39 42
38 39 45
38 44 45
38 44 47
39 42 56
39 45 50
39 50 53
39 53 56
40 41 42
40 41 203
40 42 203
41 43 204
41 203 204
42 56 57
42 57 203
44 45 49
44 46 47
44 46 48
44 48 49
45 49 50
48 49 51
49 50 52
49 51 52
50 52 62
50 53 54
50 54 62
51 52 76
51 75 76
52 62 76
53 54 59
53 56 60
53 59 60
54 55 62
54 55 64
54 59 64
55 62 65
55 64 65
56 57 60
57 58 61
57 58 206
57 60 61
57 203 206
58 61 207
58 206 208
58 207 209
58 208 209
59 60 61
59 61 68
59 63 64
59 63 68
61 68 69
61 69 70
61 70 207
62 65 81
62 76 77
62 77 81
63 64 66
63 66 69
63 68 69
64 65 66
65 66 67
65 67 86
65 81 83
65 83 84
65 84 88
65 86 88
66 67 69
67 69 71
67 71 73
67 73 85
67 85 86
69 70 71
70 71 210
70 207 210
71 72 74
71 72 210
71 73 74
72 74 82
72 82 210
73 74 85
74 82 85
75 76 79
76 77 79
77 79 80
77 80 81
78 115 150
78 150 151
79 80 156
79 151 156
80 81 83
80 83 156
82 85 93
82 93 252
82 210 220
82 220 246
82 246 250
82 250 252
83 84 158
83 156 157
83 157 158
84 87 90
84 87 158
84 88 89
84 89 90
85 86 93
86 88 94
86 93 94
87 90 158
88 89 94
89 90 97
89 94 97
90 92 95
90 92 158
90 95 97
91 92 95
91 92 180
91 95 99
91 99 178
91 178 180
92 158 161
92 161 175
92 175 179
92 179 180
93 94 96
93 96 252
94 96 97
95 97 98
95 98 99
96 97 98
96 98 252
98 99 262
98 252 262
99 178 266
99 262 263
99 263 266
100 101 118
100 102 113
100 113 118
101 104 118
102 112 113
103 104 106
104 106 118
105 106 109
105 106 118
105 109 111
105 111 122
105 118 121
105 121 125
105 122 133
105 125 133
106 107 109
107 108 109
107 108 216
108 109 110
108 110 216
109 110 111
110 111 122
110 119 120
110 119 122
110 120 222
110 216 222
112 113 114
112 114 116
112 115 116
113 114 124
113 118 121
113 121 124
114 116 117
114 117 124
115 116 150
116 117 123
116 123 163
116 150 154
116 154 163
117 123 127
117 124 126
117 126 127
119 120 222
119 122 133
119 132 133
119 132 135
119 135 300
119 219 223
119 219 300
119 222 223
121 124 125
123 127 163
124 125 129
124 126 129
125 129 131
125 131 133
126 127 129
127 129 140
127 140 163
128 130 131
128 130 137
128 131 134
128 134 138
128 137 138
129 130 131
129 130 140
130 137 141
130 140 141
131 133 134
132 133 136
132 135 136
133 134 136
134 136 143
134 138 143
135 136 146
135 146 301
135 300 301
136 143 146
137 138 139
137 139 144
137 141 142
137 142 144
138 139 143
139 143 148
139 144 148
140 141 162
140 162 163
141 142 162
142 144 145
142 145 188
142 162 167
142 165 167
142 165 188
143 146 148
144 145 187
144 148 187
145 187 190
145 188 190
146 147 149
146 147 301
146 148 149
147 149 302
147 300 301
147 300 304
147 302 304
148 149 187
149 187 189
149 189 305
149 302 305
150 151 153
150 153 154
151 153 156
152 153 154
152 153 159
152 154 163
152 155 164
152 155 170
152 159 170
152 163 164
153 156 159
155 164 170
156 157 159
157 158 160
157 159 160
158 160 161
159 160 170
160 161 175
160 168 170
160 168 172
160 172 175
162 163 164
162 164 166
162 166 167
164 166 167
164 167 173
164 169 170
164 169 173
165 167 173
165 173 194
165 188 191
165 191 194
168 170 171
168 171 172
169 170 171
169 171 173
171 172 174
171 173 196
171 174 196
172 174 176
172 175 177
172 176 177
173 193 194
173 193 196
174 176 196
175 177 182
175 179 181
175 181 182
176 177 185
176 184 185
176 184 198
176 196 199
176 198 199
177 182 185
178 179 180
178 179 181
178 181 265
178 265 266
181 182 183
181 183 265
182 183 185
183 185 186
183 186 290
183 265 267
183 267 290
184 185 351
184 198 350
184 350 351
185 186 351
186 290 352
186 351 352
187 189 190
188 190 192
188 191 192
189 190 192
189 192 328
189 305 325
189 325 328
191 192 329
191 194 195
191 195 329
192 328 330
192 329 330
193 194 195
193 195 340
193 196 197
193 197 357
193 340 357
195 329 340
196 197 199
197 199 357
198 199 354
198 350 354
199 354 358
199 357 358
200 201 202
200 202 214
200 212 214
201 202 205
201 204 205
202 205 227
202 213 214
202 213 217
202 217 226
202 226 227
203 204 206
204 205 208
204 206 208
205 208 225
205 225 227
207 209 210
208 209 233
208 225 233
209 210 211
209 211 233
210 211 218
210 218 220
211 218 232
211 232 233
212 213 214
213 215 217
215 216 217
216 217 222
217 221 222
217 221 237
217 226 229
217 229 237
218 220 236
218 232 235
218 235 236
219 223 224
219 224 303
219 300 303
220 236 246
221 222 240
221 237 238
221 238 241
221 240 241
222 223 240
223 224 241
223 240 241
224 241 307
224 300 303
224 300 304
224 304 306
224 306 307
225 227 231
225 231 233
226 227 228
226 228 229
227 228 231
228 229 230
228 230 244
228 231 233
228 232 233
228 232 235
228 234 235
228 234 244
229 230 237
230 237 239
230 239 244
234 235 236
234 236 247
234 244 247
236 246 247
237 238 239
238 239 242
238 241 242
239 242 245
239 244 245
241 242 243
241 243 249
241 249 307
242 243 245
243 245 248
243 248 258
243 249 258
244 245 248
244 247 248
246 247 256
246 250 251
246 251 256
247 248 257
247 256 257
248 257 258
249 258 275
249 275 278
249 278 310
249 306 307
249 306 308
249 308 310
250 251 252
251 252 254
251 253 254
251 253 256
252 254 262
253 254 260
253 256 260
254 255 259
254 255 262
254 259 260
255 259 271
255 262 263
255 263 271
256 257 260
257 258 261
257 260 261
258 261 275
259 260 276
259 271 277
259 276 277
260 261 276
261 275 276
263 264 266
263 264 268
263 268 271
264 266 269
264 268 270
264 269 270
265 266 273
265 267 273
266 269 273
267 273 288
267 288 290
268 270 274
268 271 277
268 274 277
269 270 274
269 273 289
269 274 284
269 284 289
272 274 277
272 274 284
272 277 283
272 281 283
272 281 284
273 288 289
275 276 279
275 278 279
276 277 279
277 279 280
277 280 283
278 279 310
279 280 283
279 283 318
279 310 316
279 316 318
281 282 283
281 282 286
281 284 285
281 285 297
281 286 296
281 296 297
282 283 319
282 286 319
283 318 319
284 285 293
284 289 293
285 293 294
285 294 297
286 296 362
286 319 363
286 362 363
287 288 290
287 288 291
287 290 352
287 291 376
287 352 376
288 289 291
289 291 293
291 292 293
291 292 376
292 293 294
292 294 295
292 295 377
292 376 377
294 295 297
295 297 298
295 298 299
295 299 387
295 377 378
295 378 379
295 379 387
296 297 298
296 298 362
298 299 362
299 362 367
299 367 390
299 387 390
302 304 305
304 305 309
304 306 308
304 308 309
305 309 327
305 325 327
308 309 312
308 310 312
309 311 312
309 311 327
310 312 313
310 313 316
311 312 332
311 327 331
311 331 332
312 313 314
312 314 315
312 315 332
313 314 316
314 315 317
314 316 317
315 317 321
315 321 335
315 332 333
315 333 335
316 317 318
317 318 322
317 321 322
318 319 320
318 320 324
318 322 323
318 323 324
319 320 363
320 324 364
320 363 364
321 322 323
321 323 349
321 335 349
323 324 348
323 348 349
324 347 348
324 347 369
324 364 369
325 327 328
326 327 328
326 327 331
326 328 330
326 330 331
329 330 337
329 337 340
330 331 336
330 334 336
330 334 337
331 332 333
331 333 336
333 335 336
334 336 338
334 337 339
334 338 339
335 336 343
335 343 349
336 338 344
336 343 344
337 339 341
337 340 341
338 339 342
338 342 344
339 341 342
340 341 357
341 342 361
341 357 358
341 358 361
342 344 345
342 345 361
343 344 345
343 345 349
345 349 360
345 360 361
346 347 348
346 347 370
346 348 349
346 349 370
347 369 396
347 370 396
349 360 370
350 351 352
350 352 382
350 353 354
350 353 355
350 355 382
352 375 376
352 375 382
353 354 358
353 355 356
353 356 358
355 356 359
355 359 383
355 382 383
356 358 361
356 359 361
359 361 372
359 371 372
359 371 383
360 361 372
360 368 370
360 368 372
362 363 365
362 365 367
363 364 365
364 365 366
364 366 373
364 369 373
365 366 367
366 367 373
367 373 391
367 390 391
368 370 374
368 372 385
368 374 385
369 373 393
369 393 399
369 396 397
369 397 399
370 374 396
371 372 385
371 383 394
371 385 394
373 391 393
374 385 397
374 396 397
375 376 377
375 377 382
377 378 381
377 381 382
378 379 380
378 380 381
379 380 384
379 384 389
379 387 389
380 381 384
381 382 383
381 383 394
381 384 386
381 386 394
384 386 395
384 389 395
385 394 398
385 397 398
386 394 398
386 395 398
387 389 392
387 390 392
388 389 392
388 389 395
388 392 393
388 393 399
388 395 398
388 398 399
390 391 392
391 392 393
397 398 399
