VERTICES
0.416993 0.0134638 -0.104363
0.363558 0.0442679 -0.0930477
0.451345 -0.0527238 -0.0163847
0.390956 0.0522427 -0.129075
0.273758 0.111621 -0.0202679
0.444408 0.0450053 -0.123491
0.30207 0.14396 -0.0616556
0.380785 0.170039 -0.157831
0.372969 0.314419 -0.100095
0.389868 0.123196 -0.157966
0.436601 0.197139 -0.207339
0.39627 0.300322 -0.146865
0.46304 0.057965 -0.113622
0.480016 0.160994 -0.215566
0.456119 0.134396 -0.205013
0.495618 -0.0199046 -0.0302619
0.616206 0.152754 -0.124273
0.718559 0.159461 -0.00651105
0.476116 0.252564 -0.210881
0.552304 0.172209 -0.232143
0.489369 0.287102 -0.19555
0.51071 0.267884 -0.194003
0.456895 0.292016 -0.192092
0.657554 0.189426 -0.0390815
0.581483 0.217378 -0.14551
0.351293 0.00816959 0.0152974
0.391226 -0.134463 0.145247
0.412587 -0.125167 0.0698563
0.167079 0.0896091 0.17931
0.250763 -0.0320914 0.25767
0.216221 0.030213 0.166825
0.156587 0.171072 0.0860628
0.170031 0.222797 0.063878
0.178394 0.303133 0.116415
0.183567 0.153211 0.0587696
0.30255 0.31606 0.0422247
0.187297 0.261114 0.0651557
0.539308 -0.140812 0.111069
0.427167 -0.0697331 0.0113204
0.525655 -0.131118 0.0643618
0.676193 -0.17499 0.228237
0.645965 -0.0766297 0.0868406
0.723755 -0.150396 0.171262
0.670276 0.0758013 0.0226672
0.706056 -0.0167725 0.0902925
0.799103 0.143526 0.054262
0.603004 0.265804 0.0360913
0.788282 0.176829 0.0496503
0.575775 0.306545 0.160023
0.698565 0.234589 0.122665
0.209461 0.00602849 0.408441
0.167851 0.0590004 0.313447
0.208812 0.0521305 0.499616
0.33748 -0.140512 0.422323
0.210496 0.000456447 0.301512
0.260484 -0.0384549 0.384016
0.470915 -0.169389 0.32494
0.691309 -0.190451 0.312196
0.640729 -0.17502 0.413929
0.461133 -0.154312 0.483581
0.747374 -0.22349 0.486876
0.708204 -0.211428 0.414878
0.251674 0.0466077 0.630887
0.4642 -0.0979729 0.623548
0.302813 0.00342944 0.673688
0.250722 0.0927137 0.68442
0.342235 0.0267409 0.73113
0.312643 0.0625711 0.727205
0.797045 -0.225002 0.555351
0.47237 -0.121337 0.579617
0.669198 -0.0895062 0.749753
0.545091 0.0218368 0.821601
0.646587 -0.00593213 0.851246
0.638837 0.0693675 0.912437
0.765882 -0.0382773 0.914787
0.148082 0.169969 0.309419
0.179315 0.125572 0.607341
0.180627 0.117443 0.430866
0.158341 0.303539 0.352723
0.170474 0.234571 0.629036
0.227248 0.319588 0.75599
0.652412 0.265748 0.651616
0.774171 0.235628 0.435359
0.689488 0.259717 0.321363
0.298658 0.228821 0.778838
0.657071 0.232259 0.832617
0.576478 0.30434 0.738792
0.409449 0.20334 0.933389
0.456942 0.121142 0.905081
0.490758 0.19198 0.945176
0.355511 0.305695 0.956479
0.462448 0.310399 1.0172
0.488475 0.312494 1.00863
0.634703 0.170037 0.947797
0.556876 0.238397 0.955151
0.511615 0.314636 0.969524
0.681657 0.110792 0.964781
0.786029 0.103518 1.03238
0.722113 0.195463 0.89887
0.760365 0.150747 0.985972
0.161589 0.344531 0.261511
0.178886 0.347526 0.219058
0.173428 0.403475 0.332694
0.292151 0.330893 0.0787551
0.422603 0.413248 0.0317922
0.360758 0.386546 0.039154
0.440715 0.372857 -0.0816169
0.509222 0.354639 0.0357424
0.470319 0.35804 -0.0935928
0.429135 0.482239 0.217686
0.468542 0.40716 0.0387396
0.445198 0.498066 0.312396
0.133357 0.404914 0.510415
0.161609 0.338022 0.368124
0.151134 0.413993 0.420455
0.139801 0.471192 0.575091
0.149943 0.334645 0.57699
0.159335 0.364954 0.642858
0.56169 0.341767 0.349692
0.519707 0.367219 0.739018
0.570893 0.334043 0.506344
0.238797 0.466478 0.392648
0.501623 0.442592 0.36017
0.507286 0.469036 0.54972
0.524254 0.381938 0.408295
0.421891 0.516538 0.346898
0.417957 0.56838 0.496934
0.482707 0.564229 0.4393
0.502826 0.603676 0.50065
0.310356 0.571954 0.53633
0.456468 0.65824 0.556748
0.532629 0.69197 0.562254
0.535394 0.61832 0.523702
0.573474 0.668432 0.551038
0.559078 0.600911 0.565167
0.795356 0.685194 0.562999
0.724618 0.714526 0.5938
0.207806 0.563053 0.634683
0.332739 0.689826 0.623649
0.471035 0.727966 0.62847
0.14358 0.572606 0.720602
0.533611 0.511408 0.669829
0.593601 0.801249 0.676262
0.59367 0.59124 0.658654
0.650969 0.634543 0.610182
0.72067 0.76034 0.727827
0.764488 0.699614 0.598413
0.790326 0.721949 0.726917
0.788818 0.727086 0.66354
0.753076 0.755671 0.671053
0.132088 0.566097 0.754139
0.26598 0.37577 0.864224
0.155796 0.47584 0.745067
0.131513 0.587829 0.931128
0.237517 0.487396 1.0315
0.340626 0.588118 1.0485
0.27835 0.457599 1.06575
0.411646 0.344819 1.07172
0.414045 0.410821 1.15261
0.227282 0.567046 1.05193
0.272719 0.573827 1.05969
0.300477 0.462285 1.09978
0.260421 0.761355 0.755844
0.0895538 0.660857 0.82248
0.104785 0.690949 0.811427
0.420078 0.810734 0.763084
0.313215 0.825246 0.813207
0.313227 0.820023 0.784877
0.147561 0.626205 0.983858
0.11555 0.716616 0.920844
0.155068 0.713248 0.953973
0.165417 0.747986 0.916884
0.40498 0.697534 0.931444
0.262604 0.808827 0.832761
0.257382 0.765957 0.910686
0.506537 0.41644 0.773168
0.574766 0.44168 0.989113
0.702749 0.47659 1.00629
0.7611 0.465388 1.04836
0.796414 0.487868 1.00997
0.747154 0.490759 1.03155
0.792407 0.46021 1.05195
0.465537 0.419202 1.13887
0.584387 0.434067 1.05414
0.769261 0.480302 1.0588
0.518983 0.475491 1.09361
0.629639 0.475455 1.06941
0.804611 0.588373 0.751755
0.562476 0.504168 0.799291
0.789908 0.563731 0.804478
0.484799 0.826579 0.742644
0.420274 0.819609 0.788879
0.541839 0.805693 0.773346
0.655403 0.567761 0.810593
0.67762 0.520119 0.889976
0.712646 0.698707 0.819738
0.717626 0.559628 1.00777
0.565161 0.56988 1.01031
0.791886 0.493018 1.02938
0.795022 0.513707 1.02762
0.84594 -0.119361 0.237106
0.940615 -0.110053 0.24411
0.875195 -0.0926012 0.216474
0.819483 -0.23492 0.279235
0.854846 -0.226663 0.281651
1.06021 -0.107926 0.310136
0.84867 -0.2469 0.334229
0.878894 -0.248688 0.433892
0.91637 -0.244243 0.366301
1.02317 -0.204472 0.342792
1.06067 -0.207392 0.405768
1.12171 -0.0953876 0.355015
1.00737 0.123872 0.0377204
0.903953 0.135919 0.0659586
1.0952 0.109855 0.0483104
1.04417 0.208446 -0.0186429
0.925423 0.177448 0.0466264
0.958443 0.206584 0.0287481
0.847474 0.0858252 0.11597
0.843374 0.201351 0.112896
0.82473 0.213309 0.199961
0.869937 -0.0102911 0.158154
1.04701 -0.00549681 0.183571
0.990535 0.0310053 0.140316
0.876545 0.229603 0.22922
1.12873 -0.130152 0.354155
1.13028 0.00440913 0.22521
1.17743 -0.0328958 0.366607
1.18441 -0.127484 0.39585
1.22923 0.0545518 0.2256
1.21167 -0.0850657 0.382342
1.28701 -0.0296983 0.4246
1.18096 -0.131013 0.481557
1.33894 -0.0373339 0.441339
1.34979 -0.00189384 0.427554
1.26092 0.0102073 0.434665
1.31615 0.0281591 0.451976
1.18727 0.122769 0.0528551
1.27357 0.0951375 0.147463
1.27613 0.138981 0.100417
1.16843 0.202193 0.0255772
1.26775 0.175892 0.0704152
1.28563 0.18027 0.0930426
1.33858 0.0883265 0.272974
1.41538 0.162184 0.262451
1.39996 0.235675 0.223236
1.32198 0.0642478 0.438049
1.38038 0.0968425 0.498307
1.39608 0.117057 0.389429
1.39525 0.129006 0.435327
0.848159 -0.243406 0.527189
0.863035 -0.174679 0.663389
0.959913 -0.130883 0.750779
1.04295 -0.179146 0.513407
1.19449 -0.0864985 0.599914
0.995343 -0.119816 0.733137
1.42561 0.0385941 0.518645
1.44571 0.0218731 0.537673
1.47804 0.090168 0.607314
1.38512 0.0136948 0.725003
1.42843 0.0069896 0.63104
1.45222 0.0243761 0.621354
0.856426 -0.0787628 0.855465
0.882565 -0.0575545 0.929175
0.935291 -0.0357662 0.984433
0.863011 0.0522775 1.07243
0.902081 0.00394553 1.04239
1.00205 0.0608661 1.06329
1.24798 0.0135922 0.823023
1.08734 0.0355751 1.0084
1.16014 0.0140154 0.917749
1.45936 0.0558546 0.790173
1.49196 0.0916969 0.763279
1.23357 0.040287 0.946345
1.33204 0.0768157 1.01728
1.39182 0.177007 0.502744
0.81677 0.201123 0.806765
0.851873 0.155143 0.961701
0.855803 0.23954 0.641965
0.871804 0.205575 0.803454
0.965235 0.203358 0.874029
1.43805 0.207744 0.709348
1.49605 0.15718 0.818815
1.44502 0.178724 0.738611
1.44493 0.0976832 0.961457
1.49514 0.133867 0.935197
1.49321 0.17393 0.936391
0.82434 0.121481 1.06157
0.954183 0.163777 0.964403
1.05575 0.2369 0.993116
0.874313 0.112908 1.06231
1.12922 0.140798 1.13468
1.07306 0.199132 1.09857
1.22494 0.106378 1.09438
1.23376 0.223697 1.10724
1.22143 0.192395 1.15698
1.46388 0.141907 0.999355
1.37446 0.141105 1.08513
1.40508 0.215649 1.04486
1.36828 0.204213 1.09923
1.0468 0.316595 -0.0616378
1.01326 0.479548 -0.147923
1.03086 0.483834 -0.00640686
1.05668 0.291259 -0.100674
1.06253 0.319294 -0.0887848
1.04966 0.32379 0.0697949
1.06514 0.378267 -0.0931809
1.0895 0.241837 -0.0100147
1.12169 0.32025 0.0207385
1.06387 0.39548 0.0542725
1.13269 0.35614 0.0488152
1.06566 0.450631 0.0705767
0.937399 0.250669 0.254602
1.00403 0.293799 0.20627
1.17038 0.422319 0.175299
1.02525 0.342397 0.382558
1.0824 0.435306 0.332794
1.19843 0.48335 0.404261
1.26707 0.262463 0.0805748
1.41142 0.269697 0.42517
1.43359 0.250775 0.340869
1.29477 0.276704 0.118917
1.37799 0.28955 0.223497
1.31181 0.414892 0.428906
1.36766 0.348179 0.444316
0.976304 0.563311 -0.16004
0.957001 0.619415 0.0916809
0.977687 0.55083 -0.0874377
0.986897 0.636225 -0.0267825
0.950061 0.657173 0.108514
0.969841 0.670227 0.137244
1.00943 0.522878 -0.16615
1.06548 0.503656 -0.0940806
1.01467 0.561575 -0.155444
0.999586 0.66621 0.118257
1.1091 0.485989 0.00872947
1.0385 0.600989 -0.0303822
0.946697 0.668688 0.345753
0.978999 0.681925 0.340166
0.992926 0.688419 0.395715
0.910813 0.683842 0.506436
0.951865 0.618116 0.472187
0.939239 0.681108 0.404261
1.06536 0.531359 0.381365
1.04315 0.572864 0.342369
1.03691 0.581955 0.416393
1.14191 0.520153 0.310035
1.08363 0.48449 0.43039
1.10366 0.556257 0.154812
1.11716 0.564323 0.463906
0.97173 0.286637 0.524886
1.00404 0.318467 0.600212
1.02414 0.358106 0.728437
0.982905 0.559227 0.626909
0.936735 0.570962 0.687049
1.02282 0.475126 0.735031
0.817343 0.6084 0.617245
0.807995 0.66892 0.553164
0.805324 0.64264 0.568199
1.03844 0.606099 0.578005
0.899566 0.632961 0.51047
0.905048 0.675643 0.748097
1.38932 0.297181 0.53482
1.04608 0.417807 0.591721
1.38343 0.4155 0.59853
1.43611 0.358978 0.666929
1.39132 0.37579 0.571954
1.44715 0.363738 0.740902
1.10616 0.560276 0.606728
1.30947 0.459161 0.570733
1.17754 0.511741 0.518609
1.1749 0.498938 0.76083
1.03944 0.572196 0.74021
1.39983 0.422919 0.744621
1.24781 0.483186 0.772356
0.861651 0.462754 1.01599
0.99205 0.24425 0.810167
0.98402 0.454536 1.0372
0.880973 0.477881 1.05822
1.01707 0.418173 1.05641
1.01276 0.446327 1.0376
0.841847 0.478284 0.995005
0.84986 0.508927 0.886466
0.84702 0.572028 0.970864
0.973511 0.485391 0.838862
0.91978 0.661445 0.787631
0.936765 0.568604 0.946388
1.09157 0.273196 1.08405
1.27002 0.282345 1.01522
1.08809 0.306312 1.07053
1.279 0.252032 1.04942
1.42975 0.266007 0.827548
1.37909 0.272188 0.941091
1.04133 0.348026 0.910331
1.05283 0.318888 0.921606
1.0597 0.31762 1.01352
1.35016 0.445149 0.788838
1.42176 0.397817 0.784183
1.12894 0.480126 0.873113
1.18722 0.432944 0.923657
0.500509 0.0168073 0.128769
1.15251 0.207343 0.198524
0.275005 0.565535 0.913686
0.356358 0.152042 0.27045
0.350467 0.319455 0.311842
1.15694 0.334503 0.806617
0.443645 0.097601 0.486774
1.25785 0.147068 0.647937
0.850467 0.0377493 0.685161
0.981172 0.0723563 0.434407
1.01491 0.0532719 0.868901
0.267017 0.199499 0.143797
0.478603 0.261152 -0.10207
0.288596 0.258591 0.472374
0.42526 0.246543 0.12814
1.20914 0.212505 0.128449
0.437686 0.428961 0.926917
0.355739 0.419529 0.655474
0.365352 0.709237 0.812846
0.185468 0.651094 0.871087
1.16209 0.265603 0.999534
0.471534 0.157083 0.669092
1.23683 0.0929724 0.531777
1.30499 0.209674 0.772804
0.243253 0.244202 0.26285
1.13915 0.148423 0.785636
0.797029 0.052292 0.341976
0.372804 0.17934 -0.0100284
1.40021 0.0944145 0.668997
0.784591 0.644397 0.688853
1.20249 0.219088 0.383877
0.916 -0.0632068 0.657175
0.278982 0.467627 0.765994
0.812608 -0.142896 0.339477
0.253944 0.591656 0.781487
0.785695 -0.0349167 0.515512
0.929021 0.107951 0.298755
0.444254 0.331058 0.922933
1.28956 0.319778 0.669564
0.411277 0.55753 0.784502
0.951337 -0.000757286 0.767317
1.35176 0.310083 0.761414
1.14175 0.256646 0.666802
0.530631 0.653538 0.787258
TETRAHEDRA
137 150 152 432
394 376 405 425
107 110 103 414
232 254 409 431
12 0 5 2
171 173 174 419
268 254 270 410
361 356 354 429
315 312 313 401
373 396 438 441
289 376 394 425
289 394 420 425
391 388 283 392
276 263 279 277
405 423 425 442
204 57 61 433
345 353 347 359
388 391 283 423
134 126 130 128
367 364 438 373
138 141 418 439
175 141 417 439
138 126 141 129
281 391 367 441
313 223 212 401
60 207 433 435
56 400 406 426
14 23 412 46
280 376 410 440
218 219 213 45
192 144 142 145
240 212 214 305
29 59 53 26
164 162 419 434
254 268 259 407
101 31 75 100
12 0 1 5
113 75 413 77
210 207 209 208
401 226 430 436
162 171 164 419
202 201 221 436
14 13 10 412
119 86 84 421
288 289 269 410
9 10 412 14
176 183 197 185
323 351 430 442
360 354 359 340
137 125 124 116
204 57 433 200
82 406 426 435
380 388 389 399
349 346 343 344
84 87 88 421
340 356 360 354
222 205 409 436
391 281 283 423
245 322 401 430
200 221 44 426
315 350 409 430
369 352 351 442
43 12 427 23
125 101 404 121
1 12 9 427
14 24 16 13
17 14 23 16
268 273 423 425
369 317 363 370
145 136 144 142
254 422 431 440
59 403 406 56
196 177 197 194
194 183 178 177
283 281 258 428
388 282 392 284
351 323 315 369
143 193 144 195
48 400 403 414
322 245 320 430
407 268 423 425
278 280 279 408
32 424 411 33
352 394 376 405
225 253 232 211
253 207 250 435
176 91 183 185
376 280 278 408
349 343 345 344
100 102 113 404
253 250 431 435
252 262 263 440
107 35 105 427
362 323 430 438
131 136 144 133
185 156 182 161
265 277 290 266
177 196 197 186
189 361 195 385
63 71 81 421
400 25 414 427
359 368 363 347
393 399 394 405
310 314 305 401
168 170 402 419
423 284 388 274
122 414 48 404
323 316 314 430
315 323 316 317
341 340 360 359
273 390 388 420
56 400 403 406
0 12 1 25
407 422 425 442
384 385 386 372
196 179 382 383
369 373 371 438
50 55 403 406
283 271 282 423
61 58 59 60
256 257 261 260
398 384 386 372
2 25 0 38
388 391 423 441
271 284 282 423
368 359 349 347
440 288 263 410
59 403 55 406
372 353 368 355
323 430 438 442
137 141 129 439
353 359 363 347
404 403 413 424
214 305 212 401
271 259 272 261
32 100 101 33
325 333 328 327
112 113 121 413
134 126 141 130
200 44 42 426
256 247 236 422
185 160 156 161
27 2 400 39
205 201 409 436
255 410 425 440
259 260 254 422
95 86 94 437
242 239 238 415
155 156 402 416
147 192 145 144
409 426 433 435
323 366 362 324
235 236 246 422
406 58 426 435
281 365 438 441
150 137 434 432
221 218 426 436
226 222 409 436
418 402 419 434
8 7 412 427
197 188 416 439
218 312 224 436
48 83 118 403
333 336 328 327
400 25 403 411
124 48 118 404
155 160 154 156
43 15 400 427
119 86 87 84
250 251 253 431
17 219 43 47
188 175 416 439
303 300 217 215
105 412 107 427
147 149 148 429
227 409 422 430
126 124 123 129
125 137 124 129
42 37 40 41
116 124 123 413
407 260 422 428
14 16 19 13
362 275 407 422
418 141 443 439
247 256 260 422
49 44 220 426
403 77 406 413
42 40 44 41
396 371 399 374
153 168 402 419
351 323 369 442
43 23 46 49
237 214 401 415
30 38 400 26
256 236 260 422
270 254 264 410
323 320 430 322
252 255 431 440
105 108 412 8
117 152 80 432
67 65 84 421
367 396 373 441
12 2 15 25
304 309 300 308
120 86 119 421
67 88 66 421
67 66 64 421
229 243 238 401
63 64 66 421
310 309 308 305
124 404 406 413
207 253 433 435
16 24 19 13
185 156 155 416
110 404 111 109
224 312 213 216
304 309 308 306
80 152 151 432
24 19 13 21
259 271 283 423
259 407 423 428
220 219 218 45
243 245 238 415
260 247 422 428
175 417 432 439
259 272 261 428
113 75 424 413
371 396 399 405
331 302 332 327
233 236 234 231
149 145 144 147
219 17 49 23
198 375 381 199
49 17 43 23
128 132 130 134
6 34 36 32
40 42 44 426
263 279 277 288
19 13 21 18
323 315 316 430
81 85 86 421
263 288 264 410
262 251 408 431
120 81 86 421
219 17 43 49
190 192 191 165
322 314 401 430
28 34 31 411
72 85 276 408
321 322 401 415
272 271 283 428
346 335 311 348
66 88 71 421
398 393 352 405
7 46 412 427
63 66 71 421
77 112 413 113
254 232 255 431
162 130 165 418
417 137 432 439
54 28 403 30
283 259 423 428
432 137 434 439
189 147 361 187
121 115 116 137
5 0 1 3
387 292 289 420
403 77 413 424
294 387 390 420
269 273 270 420
389 390 387 420
258 281 275 428
388 390 389 420
34 6 36 4
130 139 165 418
314 321 401 415
173 166 174 418
338 341 337 345
124 121 404 413
116 121 124 413
60 70 68 435
214 240 401 415
10 9 412 7
90 154 416 151
52 62 406 413
120 124 406 413
259 271 272 428
272 258 261 428
12 1 9 3
5 12 9 3
12 5 1 3
84 65 413 421
162 167 166 418
252 251 262 431
130 167 162 165
398 399 393 405
9 23 427 12
137 123 129 141
268 254 410 425
90 67 84 87
275 247 258 428
141 143 139 443
172 174 166 418
255 263 440 252
254 255 425 440
23 14 412 16
404 403 406 413
27 38 26 400
191 166 167 418
36 4 6 35
126 124 122 123
214 223 222 401
389 395 399 420
76 52 77 413
79 84 76 413
43 219 220 45
77 52 406 413
137 124 129 123
77 116 79 413
331 302 327 301
80 84 79 417
347 349 343 345
254 255 410 425
305 313 212 401
18 10 13 412
116 117 79 417
107 35 427 414
305 310 401 415
255 232 253 431
407 281 423 428
138 418 434 439
163 171 164 169
318 241 242 415
245 243 401 415
81 276 85 408
247 275 407 428
167 162 165 418
207 209 433 253
105 108 104 110
406 120 413 421
63 53 55 69
224 220 218 436
214 222 226 401
176 91 185 416
172 197 439 443
80 151 84 417
350 422 430 442
126 127 141 123
262 251 70 408
13 24 21 412
201 253 433 209
28 75 403 424
364 373 369 438
119 95 175 437
388 284 390 274
345 340 349 339
167 162 166 173
256 258 247 428
154 151 402 416
263 276 279 408
312 409 430 315
123 120 119 417
80 79 117 417
357 340 360 342
112 77 413 116
422 254 425 440
146 149 429 148
348 332 302 336
223 313 312 401
168 163 419 153
147 192 144 195
43 220 44 45
188 193 143 443
91 95 87 437
131 134 143 139
262 252 431 440
400 25 411 414
152 117 137 432
202 201 426 433
305 214 240 401
86 119 87 437
322 314 321 401
58 57 426 433
226 237 214 401
214 212 223 401
172 197 402 416
192 144 143 142
141 130 418 139
305 315 401 314
237 226 229 401
240 212 305 307
9 412 7 46
56 58 400 426
111 414 122 404
102 100 101 404
122 127 125 126
110 21 107 412
57 204 61 203
143 192 142 139
364 369 366 438
420 405 423 425
118 48 403 414
416 175 432 439
242 241 239 415
309 311 335 302
263 255 440 410
87 86 88 421
245 244 320 430
398 352 355 405
113 112 121 102
112 102 113 114
371 396 405 438
403 400 411 414
191 192 172 443
134 133 131 143
116 79 413 417
351 350 430 442
121 113 404 413
338 330 348 344
130 141 134 143
134 133 143 144
130 141 143 139
409 408 431 440
94 85 98 93
183 197 185 186
193 141 188 143
377 383 384 378
363 316 347 317
408 278 409 435
350 408 409 442
278 82 409 435
256 247 260 428
84 90 87 437
376 280 410 425
157 90 158 416
158 182 157 416
134 130 143 139
224 82 426 436
132 133 134 144
189 429 147 187
134 126 127 141
310 321 415 318
178 177 183 186
244 245 243 430
166 191 172 418
324 362 323 430
370 363 369 371
204 206 208 433
23 412 24 16
167 130 162 138
82 83 224 220
311 344 346 348
63 55 406 69
204 40 57 200
125 116 121 124
167 165 191 418
409 422 425 440
62 65 406 413
196 193 194 197
57 58 61 433
69 70 60 435
246 235 422 430
362 365 366 438
350 278 408 442
323 314 322 430
133 131 143 144
348 339 330 338
132 128 130 131
132 133 128 131
132 130 134 131
133 132 134 131
116 123 137 117
151 175 84 417
90 156 158 416
197 185 155 416
157 90 416 437
144 146 356 358
356 340 361 354
208 206 207 433
315 312 401 430
145 136 149 144
131 143 144 142
136 131 144 142
136 145 149 142
57 200 426 433
192 190 142 139
131 143 142 139
110 111 414 48
170 163 171 419
91 176 92 416
108 21 110 412
339 349 345 344
200 204 201 433
409 312 430 436
219 17 23 47
440 280 288 410
346 349 339 344
130 134 131 139
137 125 116 121
60 206 433 207
308 310 305 415
32 101 424 33
124 126 122 125
289 394 395 420
82 409 426 436
23 412 46 24
163 168 419 170
126 124 129 125
127 122 123 126
55 50 52 406
101 103 404 424
152 116 137 117
345 340 339 341
117 123 137 417
162 173 174 418
379 395 393 380
188 175 176 416
162 166 173 418
182 156 416 158
293 292 294 420
322 321 245 415
119 86 95 437
318 242 321 415
26 59 403 29
70 81 408 435
403 26 30 400
283 258 272 428
408 262 431 440
116 150 137 115
200 57 426 40
170 171 174 419
352 393 394 405
83 48 400 403
412 46 414 427
162 130 418 138
162 173 171 419
117 80 417 432
261 256 260 428
99 74 96 98
46 400 414 427
292 387 294 420
48 118 404 414
20 22 18 412
69 58 406 435
255 254 431 440
137 117 417 432
173 162 171 164
189 144 429 187
196 193 189 194
172 402 418 439
388 283 282 423
430 407 438 442
151 175 417 432
25 30 400 403
269 274 390 293
399 395 394 420
12 1 25 427
23 43 46 427
58 69 60 435
196 443 193 197
82 83 220 426
26 403 30 29
46 43 400 427
254 407 422 425
220 224 426 436
312 223 401 436
375 198 378 199
10 18 22 412
59 55 69 406
85 73 98 93
99 74 97 96
280 408 288 279
181 178 184 198
123 129 141 126
172 196 443 195
163 402 419 153
243 320 248 244
411 35 414 427
12 43 427 15
154 90 416 156
182 156 158 161
405 371 438 442
196 443 195 193
193 196 189 195
186 194 197 177
188 193 197 194
176 188 197 194
183 194 197 186
186 194 177 183
156 185 182 416
178 196 180 186
178 177 186 180
86 87 84 421
247 275 246 422
177 196 186 180
194 196 382 383
178 184 198 180
86 87 89 437
367 438 441 373
243 319 248 320
160 185 156 155
280 376 289 425
137 124 123 116
182 160 185 161
58 56 406 426
226 222 227 409
138 140 137 434
284 259 423 271
198 177 178 180
350 312 315 409
31 424 101 75
189 385 195 383
227 222 205 409
201 409 426 433
168 154 402 159
123 116 413 417
185 91 182 157
183 91 182 185
205 211 227 409
312 278 82 409
241 240 237 415
28 54 403 51
352 371 405 442
269 264 288 410
46 107 412 414
61 58 60 435
120 123 413 417
355 352 371 405
407 362 430 438
165 191 418 443
350 278 312 409
201 204 208 433
394 405 420 425
170 174 402 419
268 259 407 423
21 108 20 412
48 46 400 414
25 411 414 427
144 143 195 443
422 409 431 440
160 159 154 156
366 369 362 438
91 157 90 87
139 190 165 443
239 237 238 415
240 305 401 415
75 100 78 424
192 190 139 443
137 123 141 417
157 91 90 437
189 361 385 187
96 72 98 74
94 89 85 93
122 48 124 404
399 388 405 441
74 99 97 277
75 77 403 424
278 350 408 409
289 288 280 410
275 246 422 430
64 65 67 62
63 55 62 406
81 69 435 70
407 423 438 442
371 398 355 405
255 263 264 410
149 146 429 136
121 113 102 404
369 323 438 442
55 59 69 53
422 409 425 442
188 141 439 443
224 82 220 426
62 63 406 64
13 21 18 412
341 354 359 360
53 63 55 62
143 192 139 443
280 289 410 425
35 103 411 414
90 91 87 437
4 36 34 411
289 270 410 425
277 97 265 290
289 288 269 267
141 138 418 130
138 164 434 162
143 193 195 443
81 278 408 435
189 429 193 195
163 402 434 419
95 91 175 437
192 144 195 443
89 95 94 437
75 113 424 78
58 69 59 60
201 208 209 433
53 63 62 64
113 413 424 404
414 48 111 122
220 44 218 426
187 354 356 429
11 108 8 412
206 60 433 61
232 254 235 422
226 409 430 436
424 113 404 100
175 91 416 437
97 74 263 266
99 74 98 277
270 268 410 425
254 268 407 425
137 150 434 140
424 31 101 32
271 272 283 282
105 110 103 107
257 256 261 258
285 284 286 282
89 73 71 93
181 178 198 179
179 196 199 383
399 371 405 398
91 95 175 92
96 99 98 93
81 120 406 421
32 424 31 411
7 10 11 412
91 95 92 89
95 91 87 89
86 87 88 89
365 275 407 362
71 69 63 81
81 70 72 71
275 247 407 422
218 212 312 223
87 67 84 88
292 288 267 290
40 200 42 426
95 92 89 94
236 247 246 422
388 283 392 282
73 72 85 98
398 384 380 386
293 297 390 294
72 81 71 85
73 72 71 85
89 86 94 85
146 144 356 429
73 96 98 93
369 371 352 442
409 82 426 435
88 86 89 85
86 95 94 85
89 71 88 85
288 289 292 267
172 192 195 443
58 61 433 435
308 305 240 415
119 84 417 421
189 194 382 383
267 293 292 291
108 22 20 412
322 245 401 415
191 172 418 443
179 381 382 383
376 352 405 442
65 406 413 421
376 280 289 394
97 287 265 290
84 413 417 421
118 403 404 414
224 312 82 436
315 314 430 401
418 402 434 439
402 432 434 439
97 74 277 263
185 91 157 416
273 270 420 425
48 107 46 414
30 28 403 411
284 296 286 392
385 359 354 361
196 177 194 179
290 99 277 97
292 289 269 267
288 267 290 266
393 398 352 355
266 269 288 267
156 154 402 416
277 97 263 266
97 277 265 266
264 277 263 266
182 185 157 416
74 98 277 276
411 403 414 424
74 97 265 266
371 369 438 442
267 265 290 266
291 293 294 295
70 263 408 72
47 43 17 45
70 69 60 68
288 277 264 266
277 288 290 266
36 32 34 411
74 72 98 276
175 151 416 432
256 233 257 260
405 423 438 441
74 263 276 277
362 369 323 438
399 371 398 374
364 367 438 365
253 252 431 251
362 275 324 319
423 274 388 273
9 7 1 427
9 23 12 14
253 205 201 409
395 387 420 389
426 58 433 435
1 7 6 427
9 46 427 23
137 138 434 439
15 25 400 427
314 315 430 316
9 46 7 427
162 138 418 434
376 278 351 442
278 376 408 440
256 261 258 428
137 141 439 417
44 49 400 426
72 85 98 276
15 12 25 427
197 155 402 416
4 1 6 427
4 6 35 427
423 281 438 441
229 238 237 401
223 221 222 436
72 263 276 74
263 70 408 262
107 412 414 427
6 7 35 427
362 275 422 430
197 176 185 416
81 71 85 421
284 297 298 274
28 403 411 424
321 310 415 314
181 184 378 199
243 238 401 415
147 148 356 429
202 221 426 436
418 141 139 443
72 81 85 408
48 49 83 400
48 110 107 414
352 315 369 351
325 333 327 331
14 24 13 412
315 369 317 363
2 39 15 400
246 226 235 430
48 46 49 400
41 15 39 400
47 219 213 216
39 37 41 400
251 408 431 435
202 221 200 426
388 367 441 396
408 280 288 440
236 233 256 260
56 58 40 400
270 289 420 425
77 75 413 424
187 356 144 429
222 226 401 436
147 356 361 429
144 147 195 429
136 149 144 429
187 361 354 429
361 187 147 429
408 72 263 276
348 339 344 346
236 233 260 254
296 285 284 286
240 214 237 415
27 37 39 400
274 273 390 388
63 81 406 421
367 388 441 391
40 37 56 400
240 318 308 415
25 30 403 411
297 294 295 299
284 272 271 282
284 296 392 298
284 272 282 285
387 292 294 295
297 284 298 296
424 113 100 78
274 269 390 273
341 354 353 359
179 198 381 199
292 291 294 295
26 37 27 400
391 281 423 441
117 123 417 116
259 284 423 268
274 268 423 284
297 390 294 299
67 84 88 421
177 196 180 179
293 267 292 269
62 64 406 421
64 63 406 421
243 319 320 430
100 75 101 424
297 274 293 390
388 282 284 423
281 283 423 428
175 91 92 416
56 37 26 400
399 398 393 380
296 286 392 298
235 227 422 430
293 297 294 295
384 381 378 383
198 181 375 378
88 86 85 421
198 375 179 381
65 67 62 421
67 64 62 421
71 88 85 421
258 282 283 272
269 390 420 293
390 284 392 298
297 274 390 298
390 297 298 299
404 103 414 424
297 296 298 299
388 284 392 390
46 21 412 107
403 404 414 424
390 284 298 274
100 101 404 424
83 82 120 406
184 181 198 199
340 361 354 359
381 179 199 383
103 110 104 404
198 181 378 199
259 254 407 422
398 384 372 355
189 196 194 383
385 189 382 383
243 320 244 430
379 393 377 380
14 46 9 23
254 232 409 422
413 120 417 421
384 377 380 386
375 378 381 199
4 35 411 427
59 29 55 403
75 28 31 424
245 321 242 415
399 395 393 394
181 198 375 179
395 399 393 380
196 180 179 199
383 384 385 386
90 151 416 437
380 389 379 395
378 381 199 383
24 14 16 412
121 125 124 404
148 357 356 135
196 189 195 383
361 385 187 354
238 237 401 415
365 407 281 438
376 351 352 442
354 372 353 359
194 196 179 382
278 350 351 442
21 46 412 24
393 398 384 380
383 384 381 382
393 384 377 380
350 315 351 430
146 148 356 135
341 337 345 344
133 136 144 135
91 157 416 437
423 405 438 442
377 383 386 384
323 351 315 430
241 318 240 415
107 103 105 35
356 189 187 144
366 365 364 438
340 357 360 358
385 384 354 372
340 341 360 342
340 147 356 361
356 357 340 358
263 408 440 262
8 105 35 427
357 148 356 340
250 251 431 435
249 243 319 248
223 312 218 436
356 340 360 358
163 171 419 164
354 341 356 360
353 372 368 359
356 146 135 358
357 356 135 358
144 357 135 358
136 144 135 358
144 136 146 358
146 136 135 358
402 150 163 434
251 70 408 435
409 350 422 430
119 175 84 437
144 189 429 193
151 152 402 432
429 189 147 195
243 249 319 430
189 354 385 382
376 405 425 442
86 89 94 437
35 4 411 36
77 52 50 406
68 251 250 435
121 116 112 413
323 316 317 314
201 222 221 436
339 345 338 344
107 103 35 414
367 396 397 373
376 425 440 442
60 250 207 435
278 376 440 442
359 385 354 372
369 364 366 323
229 246 243 430
402 172 416 439
253 232 211 409
353 384 372 354
408 278 440 442
370 368 349 347
368 353 359 363
345 337 338 344
151 402 416 432
368 353 363 355
353 382 384 354
30 25 34 411
276 278 279 408
350 409 422 442
398 393 384 355
416 92 175 176
80 151 417 432
270 273 268 425
348 334 336 326
81 82 278 435
235 226 227 430
9 412 46 14
83 82 406 426
81 120 82 406
82 312 409 436
404 110 104 109
320 319 324 430
205 253 211 409
201 210 253 209
365 407 438 362
122 125 111 404
259 260 407 428
392 282 286 284
40 58 57 426
12 0 2 25
363 368 355 371
352 363 355 371
101 121 102 404
249 243 246 430
223 222 401 436
69 58 59 406
336 334 328 326
422 407 430 442
371 369 352 363
398 368 371 355
201 253 409 433
370 368 363 371
253 409 433 435
396 371 373 438
56 59 58 406
55 62 406 52
422 211 409 227
69 63 81 406
83 118 403 406
316 305 314 315
309 308 305 300
260 259 407 422
120 124 118 406
260 236 254 422
108 105 412 110
367 388 397 396
402 174 418 419
77 50 403 406
196 172 443 197
104 101 404 109
363 370 317 347
278 276 81 408
235 211 422 227
314 317 346 316
352 315 363 369
314 309 311 310
368 370 363 347
87 95 89 437
162 418 419 434
338 341 340 342
122 124 125 404
193 188 197 443
366 323 362 369
2 27 400 38
261 260 259 428
369 315 317 323
347 346 316 343
70 81 72 408
410 376 425 440
229 226 246 430
200 201 202 433
211 235 422 232
163 434 164 419
40 44 400 426
197 188 439 443
103 33 411 424
160 170 155 402
76 62 52 413
317 347 346 316
218 44 221 426
409 201 426 436
409 254 422 431
61 60 433 435
163 434 150 164
349 346 347 343
370 346 317 347
370 346 347 349
339 348 344 338
337 330 338 344
311 309 335 310
300 305 215 307
334 329 328 326
359 345 340 349
334 330 329 326
348 330 334 326
301 325 327 331
338 341 342 337
339 341 338 345
305 212 215 307
316 305 311 314
336 327 332 302
343 311 346 316
331 306 302 301
360 341 337 342
359 349 347 345
306 331 302 332
339 341 340 338
409 253 431 435
68 250 60 435
311 346 316 314
333 327 331 332
271 259 283 428
333 336 327 332
46 43 49 400
43 44 49 400
47 219 43 45
330 348 344 326
388 273 420 423
408 288 263 440
344 302 326 348
329 344 326 330
160 159 168 402
40 44 41 400
219 224 213 216
314 311 335 310
51 50 54 403
348 332 335 302
311 348 335 302
336 348 326 302
328 326 327 302
336 328 327 302
328 336 326 302
163 170 171 169
20 18 21 412
315 305 401 313
314 309 310 305
399 394 405 420
332 335 302 306
264 254 255 410
204 61 206 433
148 146 356 429
137 129 138 439
335 309 302 306
309 310 308 306
309 335 310 306
217 305 212 215
201 202 426 436
305 308 240 307
275 247 246 249
402 416 432 439
103 411 414 424
55 54 50 403
254 236 235 422
303 308 300 307
136 144 146 429
119 175 123 417
101 109 111 404
232 225 211 228
28 30 34 411
233 256 257 234
253 232 409 431
188 176 197 416
173 162 174 419
154 155 156 402
175 151 84 437
387 395 420 289
190 192 165 443
141 123 175 417
170 174 172 402
159 160 154 402
154 168 402 153
390 293 294 420
200 202 426 433
160 155 154 402
236 235 234 231
201 205 222 436
11 10 22 412
174 172 402 418
225 201 253 205
153 154 151 402
275 319 249 430
412 110 105 107
75 51 28 403
245 244 243 238
218 312 213 224
2 15 25 400
2 25 38 400
252 253 431 255
168 170 160 402
218 221 223 436
320 323 430 324
405 388 420 423
269 292 293 420
312 401 430 436
233 236 256 234
254 232 235 231
219 47 213 45
77 50 51 403
120 123 124 413
153 151 152 402
289 292 269 420
219 224 220 218
247 407 422 428
44 15 400 43
12 2 5 15
399 396 388 441
207 210 209 253
312 216 212 213
219 224 218 213
213 47 216 45
25 4 411 427
37 40 41 400
269 390 273 420
404 110 111 414
268 274 423 273
418 172 439 443
141 175 188 439
172 197 416 439
70 251 68 435
310 308 318 415
312 217 212 216
303 300 215 307
79 84 413 417
150 432 402 152
216 217 212 215
300 305 217 215
103 110 404 414
43 219 49 220
43 220 49 44
45 220 44 218
308 303 300 304
217 312 212 313
215 240 212 214
313 223 312 212
152 163 402 150
308 305 300 307
240 215 212 307
163 152 402 153
305 313 217 212
226 229 401 430
170 197 155 402
275 324 319 430
54 29 30 403
269 289 270 410
55 29 54 403
144 192 143 443
212 218 312 213
432 150 402 434
151 175 416 437
396 399 405 441
204 40 200 42
229 243 401 430
263 288 277 264
69 81 435 406
150 140 164 434
423 407 425 442
232 210 225 228
11 108 106 8
270 264 269 410
105 106 108 8
35 7 8 427
407 362 422 430
246 275 249 430
275 362 324 430
403 118 404 406
172 197 170 402
204 201 208 209
235 211 227 231
233 232 254 231
207 209 208 433
405 388 423 441
367 365 281 441
367 438 365 441
242 238 245 415
25 1 4 427
82 81 406 435
58 40 400 426
201 225 253 210
249 236 247 246
225 253 210 232
144 149 147 429
292 293 294 291
205 253 225 211
211 225 230 228
408 409 431 435
49 83 400 426
77 51 75 403
218 220 426 436
32 31 34 411
201 225 210 209
174 162 418 419
101 33 103 424
141 188 143 443
189 147 195 361
138 141 439 129
151 90 84 437
263 279 288 408
376 280 408 440
103 33 36 411
400 83 403 406
103 36 35 411
76 84 65 413
400 83 406 426
289 269 270 420
310 314 401 415
34 25 4 411
32 36 33 411
233 232 230 228
232 233 230 231
65 62 406 421
232 211 230 228
211 231 232 230
231 211 232 235
236 233 254 231
236 254 235 231
204 61 203 206
345 359 340 341
182 160 161 158
31 28 411 424
353 384 355 372
380 389 395 399
11 8 7 412
108 11 22 412
275 365 407 281
93 71 85 73
89 71 85 93
105 412 427 8
329 344 330 337
139 165 418 443
241 237 239 415
273 420 423 425
38 30 400 25
314 305 311 309
409 408 440 442
120 119 417 421
150 116 137 152
343 311 344 346
101 125 404 111
77 79 76 413
396 405 438 441
11 108 22 106
398 368 355 372
118 124 404 406
422 211 232 409
38 30 27 26
403 26 400 56
59 29 53 55
388 389 399 420
194 183 197 176
101 104 404 103
59 26 403 56
105 110 104 103
192 191 165 443
388 399 405 420
168 163 169 170
290 99 97 287
193 144 195 429
65 62 76 413
280 352 394 376
384 383 385 382
115 121 116 112
269 266 288 264
112 102 115 121
227 226 409 430
363 316 317 315
346 335 314 311
125 101 109 111
126 138 141 130
281 407 423 438
167 130 139 165
425 409 440 442
83 49 220 426
354 189 385 187
382 354 385 384
224 217 312 216
344 302 348 311
224 217 216 219
243 245 401 430
12 17 14 23
71 69 81 70
345 353 359 341
40 204 57 203
87 119 84 437
96 72 73 98
12 23 43 17
15 44 400 41
106 105 108 104
101 31 100 32
164 138 434 140
126 134 127 128
340 147 148 356
391 367 388 392
83 120 118 406
175 119 84 417
275 281 407 428
EDGES
0 1
0 2
0 3
0 5
0 12
0 25
0 38
1 3
1 4
1 5
1 6
1 7
1 9
1 12
1 25
1 427
2 5
2 12
2 15
2 25
2 27
2 38
2 39
2 400
3 5
3 9
3 12
4 6
4 25
4 34
4 35
4 36
4 411
4 427
5 9
5 12
5 15
6 7
6 32
6 34
6 35
6 36
6 427
7 8
7 9
7 10
7 11
7 35
7 46
7 412
7 427
8 11
8 35
8 105
8 106
8 108
8 412
8 427
9 10
9 12
9 14
9 23
9 46
9 412
9 427
10 11
10 13
10 14
10 18
10 22
10 412
11 22
11 106
11 108
11 412
12 14
12 15
12 17
12 23
12 25
12 43
12 427
13 14
13 16
13 18
13 19
13 21
13 24
13 412
14 16
14 17
14 19
14 23
14 24
14 46
14 412
15 25
15 39
15 41
15 43
15 44
15 400
15 427
16 17
16 19
16 23
16 24
16 412
17 23
17 43
17 45
17 47
17 49
17 219
18 19
18 20
18 21
18 22
18 412
19 21
19 24
20 21
20 22
20 108
20 412
21 24
21 46
21 107
21 108
21 110
21 412
22 106
22 108
22 412
23 24
23 43
23 46
23 47
23 49
23 219
23 412
23 427
24 46
24 412
25 30
25 34
25 38
25 400
25 403
25 411
25 414
25 427
26 27
26 29
26 30
26 37
26 38
26 53
26 56
26 59
26 400
26 403
27 30
27 37
27 38
27 39
27 400
28 30
28 31
28 34
28 51
28 54
28 75
28 403
28 411
28 424
29 30
29 53
29 54
29 55
29 59
29 403
30 34
30 38
30 54
30 400
30 403
30 411
31 32
31 34
31 75
31 100
31 101
31 411
31 424
32 33
32 34
32 36
32 100
32 101
32 411
32 424
33 36
33 100
33 101
33 103
33 411
33 424
34 36
34 411
35 36
35 103
35 105
35 107
35 411
35 414
35 427
36 103
36 411
37 39
37 40
37 41
37 42
37 56
37 400
38 400
39 41
39 400
40 41
40 42
40 44
40 56
40 57
40 58
40 200
40 203
40 204
40 400
40 426
41 42
41 44
41 400
42 44
42 200
42 204
42 426
43 44
43 45
43 46
43 47
43 49
43 219
43 220
43 400
43 427
44 45
44 49
44 200
44 218
44 220
44 221
44 400
44 426
45 47
45 213
45 216
45 218
45 219
45 220
46 48
46 49
46 107
46 400
46 412
46 414
46 427
47 213
47 216
47 219
48 49
48 83
48 107
48 110
48 111
48 118
48 122
48 124
48 400
48 403
48 404
48 414
49 83
49 219
49 220
49 400
49 426
50 51
50 52
50 54
50 55
50 77
50 403
50 406
51 54
51 75
51 77
51 403
52 55
52 62
52 76
52 77
52 406
52 413
53 55
53 59
53 62
53 63
53 64
53 69
54 55
54 403
55 59
55 62
55 63
55 69
55 403
55 406
56 58
56 59
56 400
56 403
56 406
56 426
57 58
57 61
57 200
57 203
57 204
57 426
57 433
58 59
58 60
58 61
58 69
58 400
58 406
58 426
58 433
58 435
59 60
59 61
59 69
59 403
59 406
60 61
60 68
60 69
60 70
60 206
60 207
60 250
60 433
60 435
61 203
61 204
61 206
61 433
61 435
62 63
62 64
62 65
62 67
62 76
62 406
62 413
62 421
63 64
63 66
63 69
63 71
63 81
63 406
63 421
64 65
64 66
64 67
64 406
64 421
65 67
65 76
65 84
65 406
65 413
65 421
66 67
66 71
66 88
66 421
67 84
67 87
67 88
67 90
67 421
68 69
68 70
68 250
68 251
68 435
69 70
69 71
69 81
69 406
69 435
70 71
70 72
70 81
70 251
70 262
70 263
70 408
70 435
71 72
71 73
71 81
71 85
71 88
71 89
71 93
71 421
72 73
72 74
72 81
72 85
72 96
72 98
72 263
72 276
72 408
73 85
73 89
73 93
73 96
73 98
74 96
74 97
74 98
74 99
74 263
74 265
74 266
74 276
74 277
75 77
75 78
75 100
75 101
75 113
75 403
75 413
75 424
76 77
76 79
76 84
76 413
77 79
77 112
77 113
77 116
77 403
77 406
77 413
77 424
78 100
78 113
78 424
79 80
79 84
79 116
79 117
79 413
79 417
80 84
80 117
80 151
80 152
80 417
80 432
81 82
81 85
81 86
81 120
81 276
81 278
81 406
81 408
81 421
81 435
82 83
82 120
82 220
82 224
82 278
82 312
82 406
82 409
82 426
82 435
82 436
83 118
83 120
83 220
83 224
83 400
83 403
83 406
83 426
84 86
84 87
84 88
84 90
84 119
84 151
84 175
84 413
84 417
84 421
84 437
85 86
85 88
85 89
85 93
85 94
85 95
85 98
85 276
85 408
85 421
86 87
86 88
86 89
86 94
86 95
86 119
86 120
86 421
86 437
87 88
87 89
87 90
87 91
87 95
87 119
87 157
87 421
87 437
88 89
88 421
89 91
89 92
89 93
89 94
89 95
89 437
90 91
90 151
90 154
90 156
90 157
90 158
90 416
90 437
91 92
91 95
91 157
91 175
91 176
91 182
91 183
91 185
91 416
91 437
92 94
92 95
92 175
92 176
92 416
93 94
93 96
93 98
93 99
94 95
94 98
94 437
95 119
95 175
95 437
96 97
96 98
96 99
97 99
97 263
97 265
97 266
97 277
97 287
97 290
98 99
98 276
98 277
99 277
99 287
99 290
100 101
100 102
100 113
100 404
100 424
101 102
101 103
101 104
101 109
101 111
101 121
101 125
101 404
101 424
102 112
102 113
102 114
102 115
102 121
102 404
103 104
103 105
103 107
103 110
103 404
103 411
103 414
103 424
104 105
104 106
104 108
104 109
104 110
104 404
105 106
105 107
105 108
105 110
105 412
105 427
106 108
107 110
107 412
107 414
107 427
108 110
108 412
109 110
109 111
109 125
109 404
110 111
110 404
110 412
110 414
111 122
111 125
111 404
111 414
112 113
112 114
112 115
112 116
112 121
112 413
113 114
113 121
113 404
113 413
113 424
115 116
115 121
115 137
115 150
116 117
116 121
116 123
116 124
116 125
116 137
116 150
116 152
116 413
116 417
117 123
117 137
117 152
117 417
117 432
118 120
118 124
118 403
118 404
118 406
118 414
119 120
119 123
119 175
119 417
119 421
119 437
120 123
120 124
120 406
120 413
120 417
120 421
121 124
121 125
121 137
121 404
121 413
122 123
122 124
122 125
122 126
122 127
122 404
122 414
123 124
123 126
123 127
123 129
123 137
123 141
123 175
123 413
123 417
124 125
124 126
124 129
124 137
124 404
124 406
124 413
125 126
125 127
125 129
125 137
125 404
126 127
126 128
126 129
126 130
126 134
126 138
126 141
127 128
127 134
127 141
128 130
128 131
128 132
128 133
128 134
129 137
129 138
129 141
129 439
130 131
130 132
130 134
130 138
130 139
130 141
130 143
130 162
130 165
130 167
130 418
131 132
131 133
131 134
131 136
131 139
131 142
131 143
131 144
132 133
132 134
132 144
133 134
133 135
133 136
133 143
133 144
134 139
134 141
134 143
134 144
135 136
135 144
135 146
135 148
135 356
135 357
135 358
136 142
136 144
136 145
136 146
136 149
136 358
136 429
137 138
137 140
137 141
137 150
137 152
137 417
137 432
137 434
137 439
138 140
138 141
138 162
138 164
138 167
138 418
138 434
138 439
139 141
139 142
139 143
139 165
139 167
139 190
139 192
139 418
139 443
140 150
140 164
140 434
141 143
141 175
141 188
141 193
141 417
141 418
141 439
141 443
142 143
142 144
142 145
142 149
142 190
142 192
143 144
143 188
143 192
143 193
143 195
143 443
144 145
144 146
144 147
144 149
144 187
144 189
144 192
144 193
144 195
144 356
144 357
144 358
144 429
144 443
145 147
145 149
145 192
146 148
146 149
146 356
146 358
146 429
147 148
147 149
147 187
147 189
147 192
147 195
147 340
147 356
147 361
147 429
148 149
148 340
148 356
148 357
148 429
149 429
150 152
150 163
150 164
150 402
150 432
150 434
151 152
151 153
151 154
151 175
151 402
151 416
151 417
151 432
151 437
152 153
152 163
152 402
152 432
153 154
153 163
153 168
153 402
153 419
154 155
154 156
154 159
154 160
154 168
154 402
154 416
155 156
155 160
155 170
155 185
155 197
155 402
155 416
156 158
156 159
156 160
156 161
156 182
156 185
156 402
156 416
157 158
157 182
157 185
157 416
157 437
158 160
158 161
158 182
158 416
159 160
159 168
159 402
160 161
160 168
160 170
160 182
160 185
160 402
161 182
161 185
162 164
162 165
162 166
162 167
162 171
162 173
162 174
162 418
162 419
162 434
163 164
163 168
163 169
163 170
163 171
163 402
163 419
163 434
164 169
164 171
164 173
164 419
164 434
165 167
165 190
165 191
165 192
165 418
165 443
166 167
166 172
166 173
166 174
166 191
166 418
167 173
167 191
167 418
168 169
168 170
168 402
168 419
169 170
169 171
170 171
170 172
170 174
170 197
170 402
170 419
171 173
171 174
171 419
172 174
172 191
172 192
172 195
172 196
172 197
172 402
172 416
172 418
172 439
172 443
173 174
173 418
173 419
174 402
174 418
174 419
175 176
175 188
175 416
175 417
175 432
175 437
175 439
176 183
176 185
176 188
176 194
176 197
176 416
177 178
177 179
177 180
177 183
177 186
177 194
177 196
177 197
177 198
178 179
178 180
178 181
178 183
178 184
178 186
178 194
178 196
178 198
179 180
179 181
179 194
179 196
179 198
179 199
179 375
179 381
179 382
179 383
180 184
180 186
180 196
180 198
180 199
181 184
181 198
181 199
181 375
181 378
182 183
182 185
182 416
183 185
183 186
183 194
183 197
184 198
184 199
184 378
185 186
185 197
185 416
186 194
186 196
186 197
187 189
187 354
187 356
187 361
187 385
187 429
188 193
188 194
188 197
188 416
188 439
188 443
189 193
189 194
189 195
189 196
189 354
189 356
189 361
189 382
189 383
189 385
189 429
190 191
190 192
190 443
191 192
191 418
191 443
192 195
192 443
193 194
193 195
193 196
193 197
193 429
193 443
194 196
194 197
194 382
194 383
195 196
195 361
195 383
195 385
195 429
195 443
196 197
196 199
196 382
196 383
196 443
197 402
197 416
197 439
197 443
198 199
198 375
198 378
198 381
199 375
199 378
199 381
199 383
200 201
200 202
200 204
200 221
200 426
200 433
201 202
201 204
201 205
201 208
201 209
201 210
201 221
201 222
201 225
201 253
201 409
201 426
201 433
201 436
202 221
202 426
202 433
202 436
203 204
203 206
204 206
204 208
204 209
204 433
205 211
205 222
205 225
205 227
205 253
205 409
205 436
206 207
206 208
206 433
207 208
207 209
207 210
207 250
207 253
207 433
207 435
208 209
208 210
208 433
209 210
209 225
209 253
209 433
210 225
210 228
210 232
210 253
211 225
211 227
211 228
211 230
211 231
211 232
211 235
211 253
211 409
211 422
212 213
212 214
212 215
212 216
212 217
212 218
212 223
212 240
212 305
212 307
212 312
212 313
212 401
213 216
213 218
213 219
213 224
213 312
214 215
214 222
214 223
214 226
214 237
214 240
214 305
214 401
214 415
215 216
215 217
215 240
215 300
215 303
215 305
215 307
216 217
216 219
216 224
216 312
217 219
217 224
217 300
217 303
217 305
217 312
217 313
218 219
218 220
218 221
218 223
218 224
218 312
218 426
218 436
219 220
219 224
220 224
220 426
220 436
221 222
221 223
221 426
221 436
222 223
222 226
222 227
222 401
222 409
222 436
223 312
223 313
223 401
223 436
224 312
224 426
224 436
225 228
225 230
225 232
225 253
226 227
226 229
226 235
226 237
226 246
226 401
226 409
226 430
226 436
227 231
227 235
227 409
227 422
227 430
228 230
228 232
228 233
229 237
229 238
229 243
229 246
229 401
229 430
230 231
230 232
230 233
231 232
231 233
231 234
231 235
231 236
231 254
232 233
232 235
232 253
232 254
232 255
232 409
232 422
232 431
233 234
233 236
233 254
233 256
233 257
233 260
234 235
234 236
234 256
234 257
235 236
235 246
235 254
235 422
235 430
236 246
236 247
236 249
236 254
236 256
236 260
236 422
237 238
237 239
237 240
237 241
237 401
237 415
238 239
238 242
238 243
238 244
238 245
238 401
238 415
239 241
239 242
239 415
240 241
240 305
240 307
240 308
240 318
240 401
240 415
241 242
241 318
241 415
242 245
242 318
242 321
242 415
243 244
243 245
243 246
243 248
243 249
243 319
243 320
243 401
243 415
243 430
244 245
244 248
244 320
244 430
245 320
245 321
245 322
245 401
245 415
245 430
246 247
246 249
246 275
246 422
246 430
247 249
247 256
247 258
247 260
247 275
247 407
247 422
247 428
248 249
248 319
248 320
249 275
249 319
249 430
250 251
250 253
250 431
250 435
251 252
251 253
251 262
251 408
251 431
251 435
252 253
252 255
252 262
252 263
252 431
252 440
253 255
253 409
253 431
253 433
253 435
254 255
254 259
254 260
254 264
254 268
254 270
254 407
254 409
254 410
254 422
254 425
254 431
254 440
255 263
255 264
255 410
255 425
255 431
255 440
256 257
256 258
256 260
256 261
256 422
256 428
257 258
257 260
257 261
258 261
258 272
258 275
258 281
258 282
258 283
258 428
259 260
259 261
259 268
259 271
259 272
259 283
259 284
259 407
259 422
259 423
259 428
260 261
260 407
260 422
260 428
261 271
261 272
261 428
262 263
262 408
262 431
262 440
263 264
263 266
263 276
263 277
263 279
263 288
263 408
263 410
263 440
264 266
264 269
264 270
264 277
264 288
264 410
265 266
265 267
265 277
265 287
265 290
266 267
266 269
266 277
266 288
266 290
267 269
267 288
267 289
267 290
267 291
267 292
267 293
268 270
268 273
268 274
268 284
268 407
268 410
268 423
268 425
269 270
269 273
269 274
269 288
269 289
269 292
269 293
269 390
269 410
269 420
270 273
270 289
270 410
270 420
270 425
271 272
271 282
271 283
271 284
271 423
271 428
272 282
272 283
272 284
272 285
272 428
273 274
273 388
273 390
273 420
273 423
273 425
274 284
274 293
274 297
274 298
274 388
274 390
274 423
275 281
275 319
275 324
275 362
275 365
275 407
275 422
275 428
275 430
276 277
276 278
276 279
276 408
277 279
277 288
277 290
278 279
278 280
278 312
278 350
278 351
278 376
278 408
278 409
278 435
278 440
278 442
279 280
279 288
279 408
280 288
280 289
280 352
280 376
280 394
280 408
280 410
280 425
280 440
281 283
281 365
281 367
281 391
281 407
281 423
281 428
281 438
281 441
282 283
282 284
282 285
282 286
282 388
282 392
282 423
283 388
283 391
283 392
283 423
283 428
284 285
284 286
284 296
284 297
284 298
284 388
284 390
284 392
284 423
285 286
285 296
286 296
286 298
286 392
287 290
288 289
288 290
288 292
288 408
288 410
288 440
289 292
289 376
289 387
289 394
289 395
289 410
289 420
289 425
290 292
291 292
291 293
291 294
291 295
292 293
292 294
292 295
292 387
292 420
293 294
293 295
293 297
293 390
293 420
294 295
294 297
294 299
294 387
294 390
294 420
295 297
295 299
295 387
296 297
296 298
296 299
296 392
297 298
297 299
297 390
298 299
298 390
298 392
299 390
300 303
300 304
300 305
300 307
300 308
300 309
301 302
301 306
301 325
301 327
301 331
302 306
302 309
302 311
302 326
302 327
302 328
302 331
302 332
302 335
302 336
302 344
302 348
303 304
303 307
303 308
304 306
304 308
304 309
305 307
305 308
305 309
305 310
305 311
305 313
305 314
305 315
305 316
305 401
305 415
306 308
306 309
306 310
306 331
306 332
306 335
307 308
308 309
308 310
308 318
308 415
309 310
309 311
309 314
309 335
310 311
310 314
310 318
310 321
310 335
310 401
310 415
311 314
311 316
311 335
311 343
311 344
311 346
311 348
312 313
312 315
312 350
312 401
312 409
312 430
312 436
313 315
313 401
314 315
314 316
314 317
314 321
314 322
314 323
314 335
314 346
314 401
314 415
314 430
315 316
315 317
315 323
315 350
315 351
315 352
315 363
315 369
315 401
315 409
315 430
316 317
316 323
316 343
316 346
316 347
316 363
316 430
317 323
317 346
317 347
317 363
317 369
317 370
318 321
318 415
319 320
319 324
319 362
319 430
320 322
320 323
320 324
320 430
321 322
321 401
321 415
322 323
322 401
322 415
322 430
323 324
323 351
323 362
323 364
323 366
323 369
323 430
323 438
323 442
324 362
324 366
324 430
325 327
325 328
325 331
325 333
326 327
326 328
326 329
326 330
326 334
326 336
326 344
326 348
327 328
327 331
327 332
327 333
327 336
328 329
328 333
328 334
328 336
329 330
329 334
329 337
329 344
330 334
330 337
330 338
330 339
330 344
330 348
331 332
331 333
332 333
332 335
332 336
332 348
333 336
334 336
334 348
335 346
335 348
336 348
337 338
337 341
337 342
337 344
337 345
337 360
338 339
338 340
338 341
338 342
338 344
338 345
338 348
339 340
339 341
339 344
339 345
339 346
339 348
339 349
340 341
340 342
340 345
340 349
340 354
340 356
340 357
340 358
340 359
340 360
340 361
341 342
341 344
341 345
341 353
341 354
341 356
341 359
341 360
342 357
342 360
343 344
343 345
343 346
343 347
343 349
344 345
344 346
344 348
344 349
345 347
345 349
345 353
345 359
346 347
346 348
346 349
346 370
347 349
347 353
347 359
347 363
347 368
347 370
349 359
349 368
349 370
350 351
350 408
350 409
350 422
350 430
350 442
351 352
351 369
351 376
351 430
351 442
352 355
352 363
352 369
352 371
352 376
352 393
352 394
352 398
352 405
352 442
353 354
353 355
353 359
353 363
353 368
353 372
353 382
353 384
354 356
354 359
354 360
354 361
354 372
354 382
354 384
354 385
354 429
355 363
355 368
355 371
355 372
355 384
355 393
355 398
355 405
356 357
356 358
356 360
356 361
356 429
357 358
357 360
358 360
359 360
359 361
359 363
359 368
359 372
359 385
361 385
361 429
362 365
362 366
362 369
362 407
362 422
362 430
362 438
363 368
363 369
363 370
363 371
364 365
364 366
364 367
364 369
364 373
364 438
365 366
365 367
365 407
365 438
365 441
366 369
366 438
367 373
367 388
367 391
367 392
367 396
367 397
367 438
367 441
368 370
368 371
368 372
368 398
369 370
369 371
369 373
369 438
369 442
370 371
371 373
371 374
371 396
371 398
371 399
371 405
371 438
371 442
372 384
372 385
372 386
372 398
373 396
373 397
373 438
373 441
374 396
374 398
374 399
375 378
375 381
376 394
376 405
376 408
376 410
376 425
376 440
376 442
377 378
377 379
377 380
377 383
377 384
377 386
377 393
378 381
378 383
378 384
379 380
379 389
379 393
379 395
380 384
380 386
380 388
380 389
380 393
380 395
380 398
380 399
381 382
381 383
381 384
382 383
382 384
382 385
383 384
383 385
383 386
384 385
384 386
384 393
384 398
385 386
386 398
387 389
387 390
387 395
387 420
388 389
388 390
388 391
388 392
388 396
388 397
388 399
388 405
388 420
388 423
388 441
389 390
389 395
389 399
389 420
390 392
390 420
391 392
391 423
391 441
393 394
393 395
393 398
393 399
393 405
394 395
394 399
394 405
394 420
394 425
395 399
395 420
396 397
396 399
396 405
396 438
396 441
398 399
398 405
399 405
399 420
399 441
400 403
400 406
400 411
400 414
400 426
400 427
401 415
401 430
401 436
402 416
402 418
402 419
402 432
402 434
402 439
403 404
403 406
403 411
403 413
403 414
403 424
404 406
404 413
404 414
404 424
405 420
405 423
405 425
405 438
405 441
405 442
406 413
406 421
406 426
406 435
407 422
407 423
407 425
407 428
407 430
407 438
407 442
408 409
408 431
408 435
408 440
408 442
409 422
409 425
409 426
409 430
409 431
409 433
409 435
409 436
409 440
409 442
410 425
410 440
411 414
411 424
411 427
412 414
412 427
413 417
413 421
413 424
414 424
414 427
416 432
416 437
416 439
417 421
417 432
417 439
418 419
418 434
418 439
418 443
419 434
420 423
420 425
422 425
422 428
422 430
422 431
422 440
422 442
423 425
423 428
423 438
423 441
423 442
425 440
425 442
426 433
426 435
426 436
430 436
430 438
430 442
431 435
431 440
432 434
432 439
433 435
434 439
438 441
438 442
439 443
440 442
SURFACE_TRIANGLES
0 1 3
0 1 25
0 2 5
0 2 38
0 3 5
0 25 38
1 3 9
1 4 6
1 4 25
1 6 7
1 7 9
2 5 15
2 15 39
2 27 38
2 27 39
3 5 9
4 6 34
4 25 34
5 9 12
5 12 15
6 7 35
6 32 34
6 32 36
6 35 36
7 8 11
7 8 35
7 9 10
7 10 11
8 11 106
8 35 105
8 105 106
9 10 14
9 12 14
10 11 22
10 13 14
10 13 18
10 18 22
11 22 106
12 14 17
12 15 43
12 17 43
13 14 19
13 18 19
14 16 17
14 16 19
15 39 41
15 41 44
15 43 44
16 17 23
16 19 24
16 23 24
17 23 47
17 43 45
17 45 47
18 19 21
18 20 21
18 20 22
19 21 24
20 21 108
20 22 108
21 24 46
21 46 107
21 107 110
21 108 110
22 106 108
23 24 46
23 46 49
23 47 219
23 49 219
25 30 34
25 30 38
26 27 30
26 27 37
26 29 30
26 29 53
26 37 56
26 53 59
26 56 59
27 30 38
27 37 39
28 30 34
28 30 54
28 31 34
28 31 75
28 51 54
28 51 75
29 30 54
29 53 55
29 54 55
31 32 34
31 32 100
31 75 100
32 33 36
32 33 100
33 36 103
33 100 101
33 101 103
35 36 103
35 103 105
37 39 41
37 40 42
37 40 56
37 41 42
40 42 204
40 56 58
40 57 58
40 57 203
40 203 204
41 42 44
42 44 200
42 200 204
43 44 45
44 45 218
44 200 221
44 218 221
45 47 216
45 213 216
45 213 218
46 48 49
46 48 107
47 216 219
48 49 83
48 83 118
48 107 110
48 110 111
48 111 122
48 118 124
48 122 124
49 83 220
49 219 220
50 51 54
50 51 77
50 52 55
50 52 77
50 54 55
51 75 77
52 55 62
52 62 76
52 76 77
53 55 62
53 59 69
53 62 64
53 63 64
53 63 69
56 58 59
57 58 61
57 61 203
58 59 61
59 60 61
59 60 69
60 61 206
60 68 69
60 68 250
60 206 207
60 207 250
61 203 206
62 64 65
62 65 76
63 64 66
63 66 71
63 69 71
64 65 67
64 66 67
65 67 84
65 76 84
66 67 88
66 71 88
67 84 90
67 87 88
67 87 90
68 69 70
68 70 251
68 250 251
69 70 71
70 71 72
70 72 263
70 251 262
70 262 263
71 72 73
71 73 89
71 88 89
72 73 96
72 74 96
72 74 263
73 89 93
73 93 96
74 96 97
74 97 265
74 263 266
74 265 266
75 77 113
75 78 100
75 78 113
76 77 79
76 79 84
77 79 116
77 112 113
77 112 116
78 100 113
79 80 84
79 80 117
79 116 117
80 84 151
80 117 152
80 151 152
81 82 120
81 82 278
81 85 86
81 85 276
81 86 120
81 276 278
82 83 120
82 83 224
82 224 312
82 278 312
83 118 120
83 220 224
84 90 151
85 86 95
85 94 95
85 94 98
85 98 276
86 95 119
86 119 120
87 88 89
87 89 91
87 90 157
87 91 157
89 91 92
89 92 94
89 93 94
90 151 154
90 154 156
90 156 158
90 157 158
91 92 176
91 157 182
91 176 183
91 182 183
92 94 95
92 95 175
92 175 176
93 94 98
93 96 99
93 98 99
95 119 175
96 97 99
97 99 287
97 265 287
98 99 277
98 276 277
99 277 290
99 287 290
100 101 102
100 102 113
101 102 121
101 103 104
101 104 109
101 109 125
101 121 125
102 112 114
102 112 115
102 113 114
102 115 121
103 104 105
104 105 106
104 106 108
104 108 110
104 109 110
109 110 111
109 111 125
111 122 125
112 113 114
112 115 116
115 116 150
115 121 137
115 137 150
116 117 152
116 150 152
118 120 124
119 120 123
119 123 175
120 123 124
121 125 137
122 123 124
122 123 127
122 125 127
123 127 141
123 141 175
125 126 127
125 126 129
125 129 137
126 127 128
126 128 130
126 129 138
126 130 138
127 128 134
127 134 141
128 130 131
128 131 133
128 132 133
128 132 134
129 137 138
130 131 139
130 138 167
130 139 167
131 133 136
131 136 142
131 139 142
132 133 144
132 134 144
133 135 136
133 135 144
134 141 143
134 143 144
135 136 146
135 144 357
135 146 148
135 148 357
136 142 149
136 146 149
137 138 140
137 140 150
138 140 164
138 162 164
138 162 167
139 142 190
139 165 167
139 165 190
140 150 164
141 143 193
141 175 188
141 188 193
142 145 149
142 145 192
142 190 192
143 144 193
144 189 193
144 189 356
144 356 358
144 357 358
145 147 149
145 147 192
146 148 149
147 148 149
147 148 340
147 192 195
147 195 361
147 340 361
148 340 357
150 152 163
150 163 164
151 152 153
151 153 154
152 153 163
153 154 168
153 163 168
154 156 159
154 159 168
155 160 170
155 160 185
155 170 197
155 185 197
156 158 161
156 159 160
156 160 161
157 158 182
158 160 161
158 160 182
159 160 168
160 168 170
160 182 185
162 164 173
162 167 173
163 164 169
163 168 169
164 169 171
164 171 173
165 167 191
165 190 191
166 167 173
166 167 191
166 172 174
166 172 191
166 173 174
168 169 170
169 170 171
170 171 174
170 172 174
170 172 197
171 173 174
172 191 192
172 192 195
172 195 196
172 196 197
175 176 188
176 183 194
176 188 194
177 178 194
177 178 198
177 179 180
177 179 194
177 180 198
178 179 181
178 179 198
178 180 184
178 180 196
178 181 184
178 183 186
178 183 194
178 186 196
179 180 199
179 181 375
179 194 382
179 198 199
179 375 381
179 381 382
180 184 198
180 196 199
181 184 378
181 375 378
182 183 185
183 185 186
184 198 199
184 199 378
185 186 197
186 196 197
187 189 354
187 189 356
187 354 356
188 193 194
189 193 194
189 194 382
189 354 382
190 191 192
195 196 383
195 361 385
195 383 385
196 199 383
199 378 383
200 201 202
200 201 204
200 202 221
201 202 221
201 204 209
201 205 222
201 205 225
201 209 225
201 221 222
203 204 206
204 206 208
204 208 209
205 211 225
205 211 227
205 222 227
206 207 208
207 208 210
207 210 253
207 250 253
208 209 210
209 210 225
210 225 228
210 228 232
210 232 253
211 225 230
211 227 231
211 230 231
212 213 216
212 213 218
212 214 215
212 214 223
212 215 216
212 218 223
214 215 240
214 222 223
214 222 226
214 226 237
214 237 240
215 216 217
215 217 303
215 240 307
215 303 307
216 217 219
217 219 224
217 224 312
217 300 303
217 300 305
217 305 313
217 312 313
218 221 223
219 220 224
221 222 223
222 226 227
225 228 230
226 227 235
226 229 237
226 229 246
226 235 246
227 231 235
228 230 233
228 232 233
229 237 238
229 238 243
229 243 246
230 231 233
231 233 234
231 234 235
232 233 254
232 253 255
232 254 255
233 234 257
233 254 260
233 257 260
234 235 236
234 236 256
234 256 257
235 236 246
236 246 249
236 247 249
236 247 256
237 238 239
237 239 241
237 240 241
238 239 242
238 242 245
238 243 244
238 244 245
239 241 242
240 241 318
240 307 308
240 308 318
241 242 318
242 245 321
242 318 321
243 244 248
243 246 249
243 248 249
244 245 320
244 248 320
245 320 322
245 321 322
247 249 275
247 256 258
247 258 275
248 249 319
248 319 320
249 275 319
250 251 253
251 252 253
251 252 262
252 253 255
252 255 263
252 262 263
254 255 264
254 259 260
254 259 268
254 264 270
254 268 270
255 263 264
256 257 258
257 258 261
257 260 261
258 261 272
258 272 282
258 275 281
258 281 283
258 282 283
259 260 261
259 261 271
259 268 284
259 271 284
261 271 272
263 264 266
264 266 269
264 269 270
265 266 267
265 267 290
265 287 290
266 267 269
267 269 293
267 290 292
267 291 292
267 291 293
268 270 273
268 273 274
268 274 284
269 270 273
269 273 274
269 274 293
271 272 284
272 282 285
272 284 285
274 284 297
274 293 297
275 281 365
275 319 362
275 362 365
276 277 279
276 278 279
277 279 288
277 288 290
278 279 280
278 280 376
278 312 350
278 350 351
278 351 376
279 280 288
280 288 289
280 289 394
280 352 376
280 352 394
281 283 391
281 365 367
281 367 391
282 283 392
282 285 286
282 286 392
283 391 392
284 285 296
284 296 297
285 286 296
286 296 298
286 298 392
288 289 292
288 290 292
289 292 387
289 387 395
289 394 395
291 292 295
291 293 295
292 295 387
293 295 297
294 295 299
294 295 387
294 299 390
294 387 390
295 297 299
296 297 299
296 298 299
298 299 390
298 390 392
300 303 304
300 304 309
300 305 309
301 302 306
301 302 327
301 306 331
301 325 327
301 325 331
302 306 309
302 309 311
302 311 344
302 326 327
302 326 344
303 304 308
303 307 308
304 306 308
304 306 309
305 309 311
305 311 316
305 313 315
305 315 316
306 308 310
306 310 335
306 331 332
306 332 335
308 310 318
310 314 321
310 314 335
310 318 321
311 316 343
311 343 344
312 313 315
312 315 350
314 317 323
314 317 346
314 321 322
314 322 323
314 335 346
315 316 363
315 350 351
315 351 352
315 352 363
316 343 347
316 347 363
317 323 369
317 346 370
317 369 370
319 320 324
319 324 362
320 322 323
320 323 324
323 324 366
323 364 366
323 364 369
324 362 366
325 327 328
325 328 333
325 331 333
326 327 328
326 328 329
326 329 344
328 329 334
328 333 336
328 334 336
329 330 334
329 330 337
329 337 344
330 334 348
330 337 338
330 338 339
330 339 348
331 332 333
332 333 336
332 335 348
332 336 348
334 336 348
335 346 348
337 338 342
337 341 344
337 341 360
337 342 360
338 339 340
338 340 342
339 340 349
339 346 348
339 346 349
340 342 357
340 349 359
340 359 361
341 344 345
341 345 353
341 353 354
341 354 356
341 356 360
342 357 360
343 344 345
343 345 347
345 347 353
346 349 370
347 353 363
349 359 368
349 368 370
351 352 376
352 355 363
352 355 393
352 393 394
353 354 382
353 355 363
353 355 384
353 382 384
355 384 393
356 358 360
357 358 360
359 361 385
359 368 372
359 372 385
362 365 366
364 365 366
364 365 367
364 367 373
364 369 373
367 373 397
367 388 392
367 388 397
367 391 392
368 370 371
368 371 398
368 372 398
369 370 371
369 371 373
371 373 396
371 374 396
371 374 398
372 385 386
372 386 398
373 396 397
374 396 399
374 398 399
375 378 381
377 378 383
377 378 384
377 379 380
377 379 393
377 380 386
377 383 386
377 384 393
378 381 384
379 380 389
379 389 395
379 393 395
380 386 398
380 388 389
380 388 399
380 398 399
381 382 384
383 385 386
387 389 390
387 389 395
388 389 390
388 390 392
388 396 397
388 396 399
393 394 395
