VERTICES
-1.32834 -0.268345 -1.59602
-1.44125 -0.551072 -1.13596
-1.48292 -0.156168 -2.00713
-1.05191 -0.1375 -1.19596
-1.38692 0.102415 -1.40984
-1.40139 0.168805 -1.34022
-1.18221 0.00115112 -2.28973
-1.30227 0.205538 -1.83298
-1.13541 0.106371 -1.5417
-1.04804 -0.83735 -1.18739
-0.995941 -0.47957 -1.21218
-0.609217 -0.672181 -1.06696
-0.8776 -0.635295 -1.08324
-1.03637 -0.196368 -1.98119
-1.03109 0.263069 -1.63475
-1.01906 0.200381 -1.52583
-0.607042 0.0635197 -1.06293
-0.793505 0.0636445 -1.48908
-1.33566 -0.439201 -0.577179
-1.26311 -0.231007 -0.933246
-1.8043 -0.250319 -0.362263
-1.52127 -0.272816 -0.544667
-1.66331 -0.0307123 -0.797124
-1.54965 0.0957929 -0.661032
-1.0277 -0.230594 -1.00867
-0.990018 0.25125 -0.320134
-0.90832 -0.638437 -0.804972
-0.603997 -1.2473 -0.900505
-0.693307 -0.368354 -0.448813
-0.626089 -1.07522 -0.397978
-0.958639 0.112643 -0.359845
-0.846764 0.180529 -0.47313
-1.25596 -0.597216 0.157286
-1.41109 -0.297116 0.0312524
-1.02727 -0.79715 0.255895
-0.979465 -0.505602 0.0991025
-0.676227 -0.491638 0.153453
-0.799429 -0.971489 0.15389
-0.529059 -0.665599 0.346931
-0.603257 -0.252229 0.288733
-1.31831 -0.508738 0.485749
-1.04273 -0.507619 0.45776
-1.21334 -0.79543 0.625532
-0.877332 -0.817799 0.701538
-0.957162 -0.413246 0.711884
-0.730041 -1.28576 0.480238
-0.779857 -0.720797 0.741632
-0.843624 -0.468709 0.841964
-0.706312 -0.65542 0.94857
-0.56091 -0.389609 1.06291
-1.65343 -0.00196157 -0.188334
-1.23634 -0.0572026 0.204434
-1.01691 0.207313 -0.205362
-1.06475 0.206841 0.112453
-0.635252 -0.212554 -0.250944
-0.495803 -0.0574413 0.136472
-0.558897 0.278076 0.174477
-1.06255 -0.0297313 0.290354
-1.03576 0.142808 0.390487
-1.29198 0.221892 0.901628
-1.08634 -0.228992 0.518159
-1.15463 -0.187021 0.747708
-0.947568 -0.0981718 0.882522
-0.768141 -0.0053146 0.461012
-0.617212 -0.222064 0.452146
-0.659995 -0.140051 0.640602
-0.676143 -0.172305 1.05308
-1.51065 0.464207 -2.1572
-1.61454 0.511188 -1.70574
-1.50096 0.408066 -1.17729
-1.37169 0.60977 -1.60684
-1.35888 0.562234 -2.42908
-1.00248 0.522032 -2.15221
-1.04928 0.689598 -1.88661
-0.870777 0.401439 -1.45275
-1.017 0.604612 -1.2764
-1.591 0.553111 -0.80486
-0.814647 0.559369 -0.794471
-1.29127 0.735336 -0.543646
-1.18398 0.347533 -0.631555
-0.603613 0.300616 -1.10904
-0.665323 0.587362 -0.606378
-0.66823 0.629019 -0.559533
-0.654162 0.534126 -0.576612
-1.52333 0.774905 -2.11697
-1.33347 0.885042 -1.31608
-1.55234 1.08776 -1.22914
-1.55522 1.3438 -1.10923
-0.919593 1.08607 -1.43447
-0.922202 0.799552 -1.13003
-0.867705 1.14832 -1.20164
-1.23683 0.862996 -0.947781
-1.66085 1.08223 -0.890853
-1.19802 1.4297 -0.897935
-1.05866 1.08434 -0.585405
-0.906495 0.798075 -0.928282
-0.718172 1.20766 -0.873894
-0.970088 1.32133 -0.753837
-1.64729 0.611893 -0.431666
-1.57072 0.284415 -0.456685
-1.38717 0.640511 -0.280865
-1.15971 0.290596 -0.332669
-1.18765 0.400158 -0.0525084
-1.1922 0.416398 0.00185869
-1.40223 0.596504 -0.028017
-1.48821 0.644466 -0.0128961
-1.26649 0.564475 0.233386
-1.26204 0.832239 -0.244942
-1.55809 0.881664 -0.00523043
-1.35744 1.04996 -0.332486
-1.59023 0.979221 -0.0496209
-1.1777 1.2192 -0.183664
-1.49031 1.05271 0.189803
-1.49966 1.50989 0.0888304
-1.38296 0.992846 0.374671
-1.08616 1.07271 0.136337
-1.09536 1.02333 0.274809
-0.708743 0.648128 -0.347557
-0.624592 0.425673 -0.258382
-0.94649 0.291954 0.20466
-0.93778 0.291421 0.569126
-1.03267 0.394131 0.386445
-0.874177 0.493222 0.425378
-0.602368 0.356463 0.720815
-0.900328 0.660257 -0.115115
-0.616676 0.729936 0.0045688
-0.670683 0.757106 -0.404182
-0.871857 0.882688 -0.0565971
-0.679321 0.842546 -0.228337
-0.704645 0.870923 0.26546
-0.977278 1.19198 0.794402
-0.560219 0.678034 0.828935
-0.648994 1.22321 0.478425
-0.263686 -1.34179 -0.984061
-0.0349256 -1.40408 -0.630766
-0.467473 -1.43617 -0.481375
-0.185209 -1.70877 -0.348208
-0.15803 -1.50965 0.0227755
-0.236989 -1.74906 0.264291
-0.205835 -1.46672 0.0385683
-0.467979 -1.40759 0.21111
-0.00113043 -1.29776 -0.509527
-0.094694 -1.21385 -0.406472
-0.272478 -1.05404 -0.867587
-0.364811 -0.903834 -0.361043
-0.409901 -1.03622 0.381947
-0.429978 -0.948681 -0.0286819
-0.391132 -1.31795 -0.0407282
-0.113353 -0.843419 0.14922
-0.0648431 -1.20994 0.371486
0.133455 -1.63245 -0.24635
0.0207656 -1.43892 -0.258266
0.162744 -1.66424 -0.671138
0.433498 -1.3012 0.069303
0.3778 -1.52303 0.0723904
0.197048 -1.74723 0.170892
0.145863 -1.4397 0.125796
0.533723 -1.32886 0.377559
1.45319 -1.29913 0.289068
0.244805 -1.27662 -0.339985
0.55959 -1.29575 0.0595066
1.38636 -0.586915 -0.199875
0.117195 -0.883907 -0.139536
0.45777 -0.909124 -0.0650815
0.886944 -1.15259 0.150179
0.653441 -0.592111 0.302604
1.18918 -0.805472 0.283057
1.21982 -0.573173 0.312306
-0.0501322 -1.51344 0.564597
-0.0400167 -1.34854 0.435489
0.288219 -1.66738 0.507223
1.12001 -1.19889 0.397285
0.772463 -1.49924 0.490908
1.62137 -1.49646 0.404306
1.75715 -1.25945 0.475462
0.472283 -1.22136 0.640007
0.677211 -1.48101 0.600648
0.864936 -1.20203 0.752551
0.973061 -1.29832 0.793957
0.960481 -1.18191 1.01132
1.62569 -1.56415 0.592963
1.60001 -1.55024 0.607952
1.41029 -1.28921 0.851011
0.703142 -0.956061 0.745092
0.5455 -1.08328 0.833156
-0.440471 -0.928981 0.652632
-0.330985 -0.806709 0.777154
1.33705 -0.909028 0.41438
0.822085 -0.628901 0.804818
1.64418 -0.910684 0.736015
0.0962568 -1.01981 1.02636
0.118029 -0.708746 1.12915
-0.10756 -0.876435 1.1541
1.02049 -0.922611 1.19165
0.560597 -0.913409 1.26658
1.22995 -0.832455 0.915743
1.74883 -1.08513 1.12946
1.49478 -0.659169 0.969794
1.41416 -1.07722 1.15765
-0.420107 -0.20474 -0.641925
-0.488765 -0.106369 -0.733927
-0.224728 -0.153305 -0.508815
-0.143933 0.197392 -0.533957
1.40574 -0.288362 -0.688942
1.42456 -0.0825005 -0.704274
0.243287 0.1653 -0.413541
1.7241 -0.173803 -0.506184
1.47927 0.147885 -0.615394
-0.265579 -0.344803 -0.351474
0.227965 -0.264328 -0.215123
0.545566 -0.37272 -0.037528
0.905659 -0.378022 -0.223828
1.03349 -0.439052 0.0223445
0.896625 0.243325 -0.387503
0.799034 -0.164465 -0.386436
1.70285 -0.00274515 0.0719098
-0.483133 0.712158 -0.76374
-0.257581 1.07005 -0.453632
-0.260377 0.956131 -0.241037
-0.00673229 0.39971 -0.635123
0.0984342 0.760313 -0.586049
0.275662 0.733972 -0.338043
0.529222 0.321918 -0.370944
0.431407 0.435406 -0.252522
-0.281458 0.583931 -0.0586399
-0.455015 0.418462 0.0305598
0.0635291 0.738959 -0.0337739
0.0552833 0.886823 0.0576448
0.639888 0.441275 -0.0658482
0.525109 0.577428 -0.225194
0.358689 0.723292 -0.207405
0.00467098 0.271116 0.275078
0.240243 0.0449823 0.407359
-0.379358 0.700939 0.257189
0.00463209 0.524139 0.285677
-0.168518 1.04597 0.199908
-0.469493 1.58546 0.417253
0.187041 1.36557 0.131633
0.0409737 1.63968 0.174724
0.0622875 1.46773 0.516457
0.566556 0.03511 0.425426
1.64443 -0.221765 0.140727
1.22817 -0.187691 0.179474
1.00909 0.301094 0.304294
0.467088 1.08111 0.491887
0.697939 0.280594 0.316185
0.50869 0.660962 0.510364
-0.328451 -0.425114 0.554818
-0.286686 -0.514363 0.89454
-0.394892 -0.22073 1.29171
-0.339937 -0.217017 1.03303
-0.337503 0.139417 0.903986
-0.350021 1.73294 0.623814
-0.33676 -0.208729 0.627381
-0.198208 0.305896 0.799855
-0.238356 0.655387 0.921994
1.41451 -0.564974 0.753618
1.15738 -0.460626 1.0286
1.68726 -0.445649 0.769868
1.45258 -0.293228 0.610091
1.98423 -0.37403 0.897035
1.68878 -0.138438 0.721128
1.87485 -0.216633 1.18649
1.30003 0.0162505 0.530199
0.624001 0.110235 0.575269
1.24091 -0.125334 0.851931
-0.400265 -0.166481 -0.454446
0.722502 0.211766 0.385898
-0.457176 -0.133086 -0.609985
0.352615 -1.2984 0.172308
0.111554 -1.26306 0.357992
-0.252146 0.347787 -0.44657
-0.369407 0.429038 -0.496247
-1.42274 1.01029 0.0121674
-1.44537 1.05178 0.0131593
0.389772 -1.16802 0.206547
0.393164 -1.17857 0.195928
-0.765733 0.734825 0.323083
-0.752552 0.735485 0.295495
-0.0817462 -1.4564 0.147929
-0.0431644 -1.45733 0.133732
-0.851654 -0.0176899 0.417609
-0.776102 -0.0224962 0.471578
-0.941021 0.291758 0.204234
-0.698843 0.287583 -0.303551
-0.696647 0.28561 -0.296986
0.415613 -1.30976 0.133312
-1.09366 0.234818 -1.5952
-1.05917 0.191385 -1.51607
-1.20567 0.148128 -1.66435
-0.899284 -0.0198484 0.389144
-1.06173 -0.0244499 0.293419
-1.06365 -0.0316194 0.295845
-1.06098 -0.0377681 0.300534
-0.718865 0.0466142 -0.645774
-0.935445 -0.0565692 -0.781829
-0.481168 0.438448 -0.319902
-0.345415 0.469949 -0.147558
-0.581879 0.470149 -0.443471
-0.228624 0.473076 -0.00115395
1.61141 -1.52827 0.620529
1.68335 -1.37191 0.435885
-0.659554 0.606895 -0.52034
-0.644165 0.583927 -0.527164
-0.56178 0.521527 -0.513284
-0.535057 0.504232 -0.506329
-0.852034 -0.0173584 0.417553
1.4466 -1.08159 0.566859
1.44791 -1.14204 0.678139
1.41192 -1.06638 0.592504
-1.32215 0.984254 -1.10964
-1.34218 0.195264 -0.435416
-1.34147 0.195643 -0.435106
-0.144183 -1.50646 0.02747
-0.0725058 -1.52844 0.0551119
-0.112016 -1.4716 0.114764
-1.20256 -0.243344 -0.0833032
-1.22919 -0.228588 -0.0892954
-0.897196 -0.175826 -0.24035
-1.00945 -0.155878 -0.225312
-1.28551 0.148203 -1.47394
-1.26042 0.136105 -1.44973
0.829214 -0.63176 0.804261
0.0182948 0.23937 -0.436074
-0.812267 -0.133084 -0.17747
1.35535 -1.15007 0.87073
-0.830758 0.703712 0.321588
-0.821467 0.701119 0.308547
0.927301 -0.711571 0.884998
-0.582632 0.470483 -0.44479
-1.24256 0.910804 -0.972244
-1.32891 0.945971 -0.95499
1.35552 -1.14855 0.873393
1.23888 -0.159009 0.519734
1.61805 -1.34809 0.586388
1.49359 -1.27601 0.682436
-0.93107 0.0419312 -0.347188
-1.06741 -0.120237 -0.389213
-1.09448 -0.155647 -0.397428
-0.583388 0.470464 -0.444667
1.53395 -1.35454 0.738567
1.50024 -1.31266 0.613026
-0.583755 0.470475 -0.444688
-0.793936 0.739316 0.299743
-0.795096 0.73945 0.298821
1.44074 -1.08666 0.561839
1.65717 -1.2725 0.414153
1.65441 -1.30489 0.501618
1.68551 -1.31273 0.433958
-1.34177 0.956351 -0.962702
-1.28196 0.935104 -0.980875
0.428291 -1.19451 0.513512
0.115485 -1.26928 0.380327
-1.22682 -0.220308 -0.0847176
-1.17984 -0.185663 -0.101751
-0.036347 -1.46145 0.120201
-0.0318573 -1.44709 0.158801
-1.2554 0.901815 -0.941246
-1.26341 0.897839 -0.922716
-1.29105 0.910901 -0.917007
-1.263 0.896623 -0.920575
1.61064 -1.52632 0.62203
1.55009 -1.35616 0.736973
1.5839 -1.3377 0.660497
-0.582627 0.470996 -0.446896
-0.577826 0.470963 -0.447065
-0.56048 0.524678 -0.517424
1.41458 -1.09815 0.553085
-0.813938 -0.13354 -0.179242
-1.28639 0.906784 -0.919758
-1.33891 0.197375 -0.43845
-0.808528 0.192115 -0.463942
-0.698722 0.287809 -0.303477
0.833888 -0.634792 0.808028
-0.691848 0.0310057 -0.66578
-0.63504 -0.0418721 -0.543529
-0.981309 0.255406 -0.318662
-0.763147 0.29986 -0.357823
-1.05911 -0.126285 -0.330298
-0.790027 0.207825 0.184678
0.00706421 -1.47165 0.0787431
-0.00052671 -1.51066 0.0794079
-0.0128633 -1.45686 0.125907
-1.33313 0.974339 -1.00743
-0.813419 0.739694 0.321631
-0.778507 0.210619 0.184099
-0.769599 0.19828 0.182212
0.777616 0.223987 0.335323
0.785556 0.2474 0.301142
-0.795984 0.739506 0.299953
0.651697 0.187887 0.393324
0.644474 0.180697 0.360639
0.676015 0.190142 0.348943
-0.477427 0.485193 -0.511811
-0.407601 0.448352 -0.503004
-0.58378 0.470782 -0.445944
-0.583451 0.470549 -0.445009
-1.34178 0.195483 -0.435338
-1.3418 0.195526 -0.435928
0.0574632 -1.43972 0.152395
-0.737758 0.333658 -0.325914
-0.913236 0.0913148 -0.453378
-0.959013 0.0695762 -0.597181
-0.941285 -0.0342415 -0.752895
-0.043594 -1.43114 0.206739
-0.615562 -0.100563 -0.483124
-0.820157 0.177516 -0.476786
1.42764 -1.098 0.55062
-1.06441 -0.161878 -0.236223
-0.877864 -0.165452 -0.226933
1.41859 -1.12179 0.571449
-0.887051 0.140707 -0.517653
-0.848553 0.148896 -0.514219
-0.8615 0.147045 -0.516747
-1.22467 1.30477 -1.20176
1.70832 -1.31849 0.384342
-0.488921 0.492653 -0.479105
1.69369 -1.37055 0.722792
-1.2722 0.922878 -0.96632
1.50778 -1.26789 0.820599
-1.15691 0.787501 -0.814168
1.57474 -1.28478 0.674941
1.68651 -1.3657 0.437501
1.68682 -1.38222 0.438605
-0.305825 1.32931 0.0661086
-0.314633 1.63683 0.130694
-0.10378 1.51013 0.129388
1.56596 -1.3102 0.697032
1.7056 -1.32817 0.447273
-1.23568 0.904637 -0.971721
-0.211784 1.4283 0.110384
-0.79759 0.711777 0.299144
-0.936089 -0.0516701 -0.255669
-0.839179 0.00635988 -0.544941
-0.545979 0.255342 -0.455787
-0.838135 0.107632 -0.450145
-0.694355 0.296359 -0.0415685
-0.679403 0.291061 -0.817532
-0.0283759 0.516591 -0.261193
-0.937325 0.429982 -0.0106716
-0.512186 0.371607 -0.478896
-0.581089 0.397515 -0.463195
-0.208526 0.0795043 -0.1286
-0.758763 0.48088 0.177072
-0.84437 0.0747685 -0.516467
-0.730289 0.0183223 -0.295402
-0.583228 0.434154 -0.454717
-0.881386 -0.288641 0.433742
-0.822572 0.149911 -0.214124
-0.997691 -0.227541 0.105017
-0.829141 0.157072 -0.425432
0.938249 -0.815611 0.526987
-0.824272 0.351649 0.0758045
-0.584401 0.452321 -0.449774
-0.668349 0.0995854 -0.432395
-0.6837 0.282123 0.101808
-0.540587 0.433666 -0.525525
-0.649394 0.29682 -0.62079
-0.854333 0.110672 -0.491725
-0.861982 0.10838 -0.615556
-0.940039 -0.115254 -0.20081
1.31362 -0.11002 -0.19223
-0.454553 0.0476919 -0.45285
-0.502219 0.432542 -0.409885
-0.312381 0.64256 -0.347644
-0.879852 0.0331123 0.0124458
1.62116 -1.33956 0.448921
-0.744031 0.162726 -0.322009
-1.08396 0.0251844 -0.341602
-0.758999 0.127592 -0.45543
-0.603163 0.103126 -0.56795
-0.583705 0.461334 -0.447048
-0.797402 0.205098 0.0298187
1.11057 -0.581776 0.658593
0.295059 -1.2514 0.341323
1.51798 -1.21602 0.480996
-0.5819 0.466835 -0.450276
-0.814306 0.338334 0.2099
0.343193 -1.24228 0.254334
-0.57095 0.455896 -0.495718
-0.619682 0.194434 -0.354085
0.809178 -0.0310316 0.364891
1.60188 -1.45344 0.520419
-0.823281 0.081197 -0.33922
-0.0661764 -1.53679 0.137246
-0.583727 0.465942 -0.446013
-0.78383 0.687904 0.348079
-0.823985 -0.00191404 -0.201864
-0.720145 0.194567 -0.566733
-0.843168 0.288317 -0.16784
-0.9189 -0.130848 -0.380861
-0.427694 0.382537 -0.438622
-0.38321 0.48948 -0.384382
-0.669903 0.175914 -0.714866
-0.687774 0.214805 -0.32518
-0.579686 0.206845 -0.166775
-0.564718 0.456342 -0.451742
-0.75782 0.23576 -0.295447
-0.631116 0.264951 -0.328883
0.752161 0.0740482 0.200673
-0.521291 0.498501 -0.418258
-0.426589 0.348566 -0.541971
-0.370459 0.208954 -0.43417
1.65544 -1.3714 0.496486
-0.833237 0.107456 0.110874
-0.757106 0.173733 -0.509588
-0.950806 0.15187 0.178277
-0.804957 0.284448 0.135775
-0.832283 0.728528 0.271095
-0.771641 0.584744 0.262099
-0.776867 0.723575 0.27479
-0.811036 0.654409 0.241033
0.937443 -0.665937 0.648455
-0.654208 0.114514 -0.645768
-0.967722 0.509499 0.217389
-1.01622 -0.161193 -0.0530771
-0.655419 0.0509289 -0.597795
-0.771027 0.218665 0.104499
-0.715205 0.2456 -0.306748
-0.903268 -0.110706 -0.25731
-0.898527 -0.156994 -0.0917306
-1.03808 0.0280989 -0.10614
-0.784859 0.202918 0.142166
-0.703147 0.234701 -0.180485
-0.78666 0.65035 0.298329
-0.982169 -0.0923168 -0.538156
-0.867716 0.174867 0.157184
-0.570939 0.460166 -0.437569
-0.877823 -0.0650942 -0.134868
-0.547071 0.419016 -0.424959
-0.58102 0.468406 -0.446953
-0.582891 0.467869 -0.444386
-0.584145 0.468757 -0.445766
-0.464312 0.238061 -0.291815
0.692384 0.0473821 0.329991
-0.826693 0.123672 -0.875296
-0.860684 -0.127428 -0.135008
-0.798776 0.272741 0.202304
-0.794348 0.24531 0.157973
-1.06296 -0.0873229 -0.138969
-0.583579 0.469435 -0.445073
-0.508107 0.325419 -0.376573
-0.827996 -0.0668428 -0.181397
-0.583049 0.469939 -0.445046
-0.768783 0.000261696 -0.0705302
-0.838493 -0.103298 -0.162131
-0.581233 0.469035 -0.445037
-0.738314 0.235115 0.151358
-0.788059 0.220145 0.161642
-0.667995 0.0846742 0.0492233
-0.807373 -0.0793651 -0.0820052
-0.83659 -0.135325 -0.155694
-0.813396 -0.0988096 -0.186946
-0.578899 0.464203 -0.444264
-0.842452 0.221812 0.172784
-0.79085 0.236496 0.185045
-0.816297 -0.0637026 -0.282758
-0.827229 -0.120587 -0.168308
-0.9157 0.261041 0.0744657
-0.761425 -0.0487454 -0.224557
-0.850322 -0.1227 -0.215091
-0.788101 -0.0936055 -0.134917
-0.815277 -0.115651 -0.180845
-0.824387 -0.136848 -0.166808
-0.81907 -0.124477 -0.175
-0.840438 -0.136009 -0.191121
-0.819387 -0.132772 -0.172569
-0.812203 -0.124542 -0.181458
-0.822529 -0.12128 -0.208046
-0.815209 -0.127985 -0.177739
-0.827836 -0.131496 -0.184707
-0.842146 -0.106346 -0.191461
-0.868794 -0.0631536 -0.231021
TETRAHEDRA
285 118 495 498
527 546 496 553
33 316 51 449
469 371 494 505
297 296 464 492
536 545 565 571
37 34 43 38
82 126 117 302
411 413 444 459
526 554 472 52
200 202 16 501
358 369 360 359
121 327 122 511
375 433 469 516
368 567 568 570
388 243 387 499
233 123 131 486
336 432 556 572
472 465 544 549
66 248 65 250
441 371 446 457
422 334 466 503
414 429 89 90
422 348 301 466
167 242 212 481
214 204 213 461
373 322 473 512
454 375 469 516
434 454 462 480
352 269 270 474
129 343 278 277
149 404 279 356
393 496 416 365
214 211 461 499
225 56 436 495
326 131 486 384
422 347 428 466
31 376 284 377
122 56 443 509
94 95 96 126
445 454 467 480
232 240 210 499
495 285 498 523
523 472 544 549
480 494 495 498
472 448 489 523
500 329 496 527
293 292 291 57
118 125 124 436
10 26 24 19
218 220 438 464
8 535 3 288
213 204 207 461
531 329 339 298
96 95 82 126
251 66 65 250
15 288 8 17
171 178 335 410
95 420 126 94
107 106 103 127
119 554 283 379
457 470 493 501
80 393 437 501
23 50 20 21
89 85 350 310
149 148 352 270
379 549 522 386
318 409 460 520
81 95 117 82
348 415 301 466
118 436 439 489
377 124 79 376
456 365 479 476
568 565 570 571
228 210 213 499
374 24 375 295
409 560 565 568
57 465 515 521
82 304 83 366
41 293 447 449
482 301 173 466
445 54 462 495
508 124 511 514
210 213 499 214
80 16 437 535
121 443 477 514
409 28 318 490
56 225 436 455
52 452 489 439
147 142 146 162
371 412 505 406
378 318 338 490
269 270 474 478
515 318 460 520
414 94 97 93
80 77 75 437
121 509 443 514
371 284 494 498
285 497 518 523
23 311 50 21
318 408 338 28
18 26 338 28
426 430 239 236
79 100 376 78
380 382 381 399
12 1 9 26
557 569 561 324
338 337 490 525
125 443 509 511
124 118 436 439
487 445 544 559
27 144 135 143
202 271 501 502
569 557 561 564
281 57 293 290
314 380 355 381
553 540 485 531
369 349 359 331
376 124 439 489
405 375 433 454
275 148 270 474
112 107 106 108
471 342 485 532
52 526 506 465
517 455 547 549
165 270 474 351
12 1 10 9
122 327 524 509
333 167 473 481
446 371 453 457
121 443 122 477
459 294 488 505
231 234 226 438
318 319 35 515
453 530 532 471
175 157 176 474
324 39 55 550
299 297 438 442
517 522 538 554
38 47 247 64
200 470 513 516
3 288 15 17
200 268 470 516
1 26 19 18
294 403 459 535
301 415 158 466
288 3 8 17
334 417 363 361
306 293 58 290
58 290 293 291
264 267 481 534
421 187 475 407
148 163 162 165
69 403 295 535
218 221 226 438
64 36 247 38
396 364 365 530
206 241 215 461
111 115 274 273
386 123 56 537
324 54 368 568
342 485 540 531
530 453 532 476
141 134 151 136
148 147 146 162
506 57 39 63
532 396 342 540
495 297 442 533
54 202 462 442
427 334 341 421
328 179 177 195
465 472 504 549
332 178 195 325
324 409 35 563
226 224 218 464
263 267 243 481
392 240 390 391
322 333 473 481
90 414 97 93
127 129 508 510
415 422 348 301
542 552 559 561
344 343 431 510
416 117 329 128
256 259 167 473
210 211 214 499
399 356 382 484
326 106 508 514
338 318 28 490
434 462 502 533
83 366 304 305
108 105 106 114
4 6 0 2
39 63 119 506
457 470 488 513
242 167 333 481
94 358 360 359
375 24 28 295
433 483 490 556
375 433 454 469
235 430 424 236
446 527 118 529
124 439 511 514
443 452 455 477
52 283 554 558
15 8 287 14
13 289 8 14
19 337 525 402
433 401 435 444
202 208 54 266
12 11 10 24
212 243 481 242
0 289 8 13
168 399 404 169
200 54 268 405
224 231 438 234
158 341 466 475
412 437 457 459
118 296 533 541
3 0 8 17
35 32 41 449
431 509 510 524
504 517 522 549
460 528 571 572
289 0 8 320
10 1 26 19
336 337 378 468
565 557 570 571
67 73 70 7
12 10 26 24
271 438 464 492
1 12 10 26
125 127 508 510
224 226 438 464
34 36 46 38
11 12 26 24
496 365 476 530
412 413 444 458
272 394 491 492
247 48 186 248
470 200 493 501
526 52 472 504
526 119 52 506
161 206 203 461
92 94 349 93
564 567 569 570
440 441 456 457
453 471 527 553
470 454 505 516
206 207 204 461
453 446 457 479
187 195 256 473
220 221 218 438
52 506 53 465
339 543 531 540
295 374 294 433
452 455 477 507
209 231 205 442
311 397 99 312
557 545 561 562
472 504 522 526
445 54 495 559
26 24 19 18
414 85 88 310
490 432 519 556
289 0 320 4
429 418 330 350
414 359 331 418
522 517 547 549
418 429 357 91
530 453 553 471
212 243 461 499
97 128 96 217
449 35 515 520
528 542 571 572
288 15 8 287
405 375 28 433
450 284 497 518
369 418 331 359
8 289 287 14
256 257 265 473
69 7 5 68
414 331 93 349
329 531 339 543
4 8 320 321
210 167 212 481
394 272 464 492
467 454 469 494
495 436 523 549
165 149 352 351
87 92 349 93
414 349 87 383
0 13 8 17
344 431 508 510
287 320 7 289
235 426 239 237
507 455 537 547
441 456 457 479
258 256 265 259
282 61 44 62
416 117 128 126
7 69 5 320
74 72 7 73
74 7 75 73
339 396 329 543
460 319 515 539
343 278 431 510
409 460 520 536
296 118 527 529
67 73 7 72
390 264 240 534
158 173 301 466
6 289 13 14
84 73 67 72
71 84 67 72
20 378 50 317
472 448 523 544
350 349 414 383
90 95 429 89
414 349 93 87
480 434 498 541
414 359 93 331
554 52 558 472
272 271 491 501
462 200 470 502
409 551 563 565
6 4 0 289
384 326 431 486
416 329 126 365
89 350 414 310
414 87 86 310
203 206 204 461
233 125 443 509
494 495 498 523
414 310 350 383
482 361 300 334
414 89 310 88
180 423 173 482
409 570 368 568
463 416 496 500
24 403 525 295
471 118 527 531
445 448 483 487
77 437 456 457
7 74 75 287
451 195 473 512
418 414 330 350
456 77 457 479
87 86 310 383
239 426 236 252
466 334 482 503
369 418 91 331
358 418 369 359
161 203 211 461
545 552 562 571
318 515 460 319
257 195 328 473
372 118 453 532
414 331 349 350
94 331 359 349
16 294 374 493
418 358 91 357
446 456 441 479
369 358 360 91
360 358 357 91
8 69 320 321
195 367 177 451
47 38 44 64
387 392 499 534
436 472 523 549
414 429 330 350
336 401 433 490
358 418 414 357
92 87 349 383
86 87 92 383
414 358 359 418
386 522 547 549
360 369 91 420
414 87 310 383
131 233 255 254
490 409 519 318
69 73 7 70
434 480 498 505
248 65 253 247
414 420 90 97
414 420 429 90
287 69 7 320
414 357 418 330
200 268 462 470
420 414 94 97
95 94 96 97
95 96 82 216
367 325 178 410
166 187 167 473
324 559 568 567
215 241 243 461
95 96 90 97
406 371 469 505
351 157 474 478
358 414 359 93
93 358 94 359
94 331 349 93
137 168 315 169
331 94 359 93
31 284 450 371
243 241 212 461
358 414 93 94
418 331 414 350
4 8 0 320
82 96 126 216
126 96 217 216
8 13 14 17
15 8 14 17
442 462 495 533
420 357 429 91
266 268 405 462
432 487 528 572
487 528 542 544
128 420 126 117
460 409 560 565
491 434 502 541
412 444 459 505
233 123 486 509
55 449 465 544
14 15 17 74
119 554 379 526
411 69 75 402
402 437 459 535
386 56 55 549
85 88 310 89
408 319 378 432
3 4 8 0
369 360 359 420
436 124 439 443
432 336 487 572
209 232 210 499
118 498 529 541
351 183 164 451
219 323 221 438
297 118 296 495
522 386 547 548
118 436 489 523
106 127 508 514
448 52 472 489
225 125 118 436
121 283 477 537
449 465 544 550
39 119 55 506
440 463 529 541
453 530 553 496
299 225 297 442
55 379 504 526
296 224 464 500
259 265 333 473
435 433 444 469
39 551 520 550
165 240 264 481
322 333 265 473
413 75 412 437
285 400 489 523
316 353 51 449
551 324 566 557
483 336 490 556
409 54 490 556
527 329 546 553
494 285 518 523
54 445 556 559
69 8 535 5
289 8 287 320
460 536 565 571
57 465 449 515
367 187 171 451
454 434 488 505
547 538 548 555
324 54 559 561
520 460 528 536
75 288 287 74
102 121 439 103
517 507 538 547
82 304 303 83
137 314 313 484
395 77 479 532
371 372 284 441
420 89 429 95
52 504 465 472
396 302 395 117
200 16 374 493
433 445 483 556
370 76 98 79
240 264 481 534
56 123 477 537
441 371 488 505
233 277 278 486
231 226 223 438
223 226 230 438
57 465 39 449
39 324 35 563
557 324 368 569
431 278 486 524
551 324 39 563
452 472 507 558
57 63 119 290
495 523 544 549
441 440 529 541
409 318 35 520
469 454 480 494
378 20 316 317
457 488 493 513
412 459 488 505
452 455 507 517
531 339 342 298
187 164 451 166
296 491 533 541
311 397 312 468
557 569 570 564
517 526 522 554
476 395 479 532
448 445 467 523
517 526 472 522
52 25 448 450
560 565 568 571
406 435 458 469
294 459 488 493
454 469 480 505
401 69 411 402
23 398 311 21
52 101 468 521
22 23 20 21
398 98 312 370
444 294 459 505
354 468 521 539
528 542 544 550
440 394 491 501
177 367 171 451
398 76 98 370
461 228 499 243
16 294 493 535
528 536 545 550
129 130 116 384
448 465 487 544
102 104 103 107
498 118 533 541
467 450 497 518
434 440 491 501
409 490 519 556
389 327 384 508
410 341 475 335
433 402 444 459
328 195 451 512
31 406 435 458
316 35 319 515
137 138 314 484
54 495 544 549
517 526 554 472
215 228 461 243
165 167 210 481
386 379 385 548
446 456 496 441
52 121 439 102
322 183 165 512
341 334 466 475
335 421 341 475
102 127 103 124
50 311 353 317
449 55 550 544
324 55 561 550
471 531 553 485
232 392 240 499
562 561 564 567
567 368 569 570
316 319 408 515
412 75 77 437
31 372 284 371
54 28 409 490
472 452 507 517
77 453 479 532
223 323 442 438
552 568 571 572
294 433 444 459
125 124 443 511
354 101 468 312
69 402 403 535
75 74 16 535
385 379 537 555
275 270 269 478
118 285 495 523
406 31 435 450
98 100 79 78
312 98 100 370
370 98 100 79
267 390 392 534
378 317 354 468
32 33 51 449
439 443 511 514
308 417 419 421
36 44 447 41
157 171 172 164
400 284 372 376
220 219 221 438
41 293 51 44
459 437 488 493
227 228 246 226
450 448 483 497
452 52 489 472
33 353 316 317
271 323 438 442
209 205 323 442
402 403 433 525
327 326 384 508
568 560 571 572
371 77 453 457
167 451 473 512
26 18 338 525
294 374 375 433
378 311 317 468
355 151 380 139
393 463 440 491
137 313 315 484
337 30 311 468
421 427 335 341
444 294 505 516
372 284 441 498
467 480 494 495
271 272 491 492
402 75 437 535
292 51 291 57
327 389 431 508
379 121 122 537
231 299 438 442
413 411 444 458
141 150 159 151
412 406 31 458
403 402 433 459
480 469 494 505
440 434 441 457
311 312 354 468
23 30 101 370
79 52 376 100
397 30 398 312
448 52 489 497
82 416 304 366
393 364 77 479
102 376 124 439
400 284 376 377
225 231 55 442
211 212 161 461
482 422 466 503
396 126 302 117
118 31 372 377
225 56 233 443
455 452 472 517
288 69 535 75
285 118 372 400
57 39 293 449
275 164 165 451
374 200 513 516
165 474 275 351
433 294 444 516
377 372 118 400
28 405 433 490
36 64 39 447
376 102 124 100
377 124 376 400
400 124 118 78
324 551 39 550
39 35 449 520
267 387 481 534
166 167 165 451
527 329 531 298
226 221 230 438
268 200 405 375
348 346 415 466
64 36 38 447
527 329 496 546
293 39 447 449
101 354 468 521
278 277 431 486
200 470 493 513
372 489 285 400
124 400 118 489
271 202 323 442
82 303 302 83
413 412 444 459
365 476 530 364
507 517 554 558
52 283 558 452
354 316 317 408
467 445 495 523
176 154 170 157
183 328 451 512
372 118 446 453
393 77 80 437
299 231 225 442
351 352 270 474
75 411 402 437
354 408 468 539
112 115 107 273
422 300 482 423
496 463 527 529
121 326 511 514
393 394 216 464
286 275 160 276
420 128 126 94
562 552 567 568
165 270 148 474
69 295 3 535
41 32 51 449
385 537 547 555
208 202 201 266
28 338 490 525
163 166 165 164
477 283 507 537
412 413 437 459
393 416 394 492
52 432 448 521
375 374 295 433
61 281 282 44
283 507 537 554
411 401 402 444
337 311 378 468
379 385 548 555
41 293 44 447
326 327 486 524
329 416 218 500
234 438 224 226
476 496 453 456
405 433 445 454
56 233 443 509
375 294 433 516
26 338 28 525
231 224 438 299
30 52 448 450
223 442 205 231
436 443 452 455
434 457 470 488
455 56 477 537
96 126 217 128
354 353 316 449
293 64 281 447
77 371 412 457
306 44 281 61
538 537 554 555
496 329 365 530
396 339 342 543
75 288 74 535
465 57 506 53
411 402 437 459
231 209 232 442
379 549 504 522
487 465 521 528
409 318 460 519
452 436 455 472
395 77 364 479
388 387 392 499
183 351 165 451
278 233 486 509
31 336 401 450
469 444 505 516
108 107 106 105
165 167 473 512
3 295 16 535
272 271 464 492
542 487 544 561
372 118 441 446
423 300 482 180
345 367 407 410
213 214 461 499
394 393 440 491
465 39 55 504
437 393 456 501
439 436 452 489
195 367 178 177
123 233 131 254
28 24 525 295
489 448 497 523
41 36 35 447
305 365 393 416
326 508 511 514
371 372 453 532
343 129 278 344
416 329 496 500
446 441 457 479
122 385 379 537
392 240 534 390
455 477 507 537
285 489 497 523
329 416 128 218
52 25 285 497
488 294 513 516
226 218 438 464
323 219 271 438
96 94 126 128
35 409 520 563
329 416 496 365
445 462 480 495
327 326 508 511
413 31 411 458
157 286 269 478
441 118 498 529
207 215 213 461
353 354 51 449
412 371 505 488
425 424 426 430
111 107 115 273
437 457 459 488
128 97 96 94
327 122 524 326
339 396 117 329
375 200 374 516
165 473 481 512
32 35 33 449
165 210 240 534
462 434 480 533
401 411 31 458
366 305 393 416
416 82 304 126
472 455 517 549
294 374 513 516
374 294 375 516
485 396 530 532
306 44 61 293
366 304 305 416
393 77 456 479
303 126 82 302
54 202 266 462
284 25 31 450
166 167 451 473
206 161 241 461
494 371 498 505
434 470 501 502
216 366 393 416
281 293 447 44
305 304 365 416
210 212 211 499
16 80 437 501
364 305 365 393
387 243 481 499
126 329 396 365
297 224 299 438
463 296 491 492
305 304 364 365
36 44 41 46
311 354 317 468
25 52 448 497
371 467 469 494
125 124 436 443
31 118 372 371
394 219 464 272
126 217 128 218
457 434 470 501
385 547 548 555
271 297 438 492
413 412 31 458
54 442 462 495
171 164 177 451
205 221 219 323
470 488 513 516
371 118 342 77
395 117 342 396
6 0 2 13
431 509 511 510
329 416 126 117
38 44 64 447
463 456 393 440
454 434 462 470
202 209 323 442
318 378 519 490
28 375 295 433
119 52 506 53
396 339 117 342
337 378 338 490
16 200 437 493
35 46 36 41
402 411 444 459
413 411 437 459
480 494 498 505
217 126 216 416
220 205 221 219
342 118 471 531
393 77 437 456
437 457 488 493
106 112 108 114
219 394 464 216
210 481 499 534
507 517 538 554
488 470 505 516
482 361 341 181
347 348 428 466
46 34 42 35
394 416 463 492
393 529 463 416
151 380 314 381
16 74 17 535
200 437 493 501
118 296 495 533
496 329 543 546
121 52 439 283
548 538 554 555
217 126 416 218
433 444 469 516
54 55 544 561
195 187 451 473
187 166 451 473
378 336 432 490
294 295 403 535
376 102 52 439
294 374 493 513
347 475 187 346
218 416 128 126
124 376 400 489
482 361 181 300
154 169 352 270
181 300 180 482
430 235 239 236
448 336 483 487
379 522 526 554
107 112 106 115
54 55 495 549
39 35 447 449
92 94 359 349
109 107 111 273
460 432 521 528
106 107 115 127
326 327 121 511
15 3 17 535
238 426 239 252
485 396 532 540
412 406 458 469
16 80 75 535
122 327 509 511
288 3 15 535
127 116 106 508
476 456 453 479
106 103 124 514
322 165 481 512
69 75 402 535
69 3 5 535
328 373 473 512
3 16 17 535
195 328 473 512
322 373 183 512
431 508 510 511
233 56 123 509
233 278 125 509
55 54 544 549
408 468 432 378
109 111 274 273
552 556 568 572
394 272 491 501
564 562 567 570
553 543 540 531
115 112 274 273
409 566 368 570
110 109 274 273
115 111 274 113
109 110 274 113
111 109 274 113
216 217 416 464
227 239 246 244
235 426 430 239
371 467 494 518
559 324 568 54
326 384 116 130
500 329 527 298
465 528 544 550
227 228 226 237
290 293 291 57
281 63 290 306
432 460 519 572
236 238 252 426
394 463 393 491
453 456 496 446
454 467 480 494
203 204 214 461
472 504 517 522
251 249 66 250
356 162 399 382
396 364 532 395
550 557 551 545
30 336 31 450
542 552 556 559
141 139 136 151
271 202 442 502
557 545 562 571
560 460 565 571
482 363 341 361
55 225 442 495
300 422 482 503
248 48 47 247
460 515 520 539
30 31 52 450
347 334 421 475
209 442 54 55
165 474 148 275
476 395 532 364
30 21 311 398
507 537 538 547
52 432 468 336
336 378 432 468
118 441 446 529
55 56 495 549
348 347 346 466
296 298 500 527
465 449 515 520
127 125 508 511
121 116 326 106
131 326 486 122
521 460 528 539
545 542 552 571
278 343 344 510
329 553 543 546
60 41 40 32
251 65 253 250
264 322 165 481
468 408 432 539
441 371 457 488
448 467 497 523
371 372 446 453
31 406 371 450
285 118 400 523
536 528 545 571
371 284 450 518
435 444 458 469
538 517 547 548
292 58 293 291
243 242 263 481
412 406 469 505
301 482 173 423
459 437 493 535
315 484 355 280
353 354 316 317
372 489 376 285
277 384 343 431
491 271 492 533
120 59 61 62
30 336 450 483
532 396 395 342
47 64 65 247
116 326 106 508
58 120 61 62
63 282 306 281
282 44 64 62
343 384 389 431
354 53 57 521
318 319 378 338
314 380 315 355
317 378 354 408
445 487 556 559
51 53 291 57
31 25 52 450
119 51 53 291
465 57 39 506
342 471 485 531
56 123 122 477
296 463 491 541
50 311 354 353
528 542 545 571
295 294 16 535
409 460 536 565
394 440 456 501
240 210 499 534
371 372 441 446
342 339 540 543
446 496 527 529
462 442 502 533
387 267 392 534
557 368 566 570
450 371 467 469
292 293 51 57
432 319 460 539
552 559 567 568
528 542 550 561
44 281 282 447
145 37 43 38
54 544 559 561
393 496 365 456
453 476 479 532
284 285 494 498
311 354 353 317
101 30 52 468
311 312 50 354
80 272 394 501
553 543 485 540
334 347 466 475
471 530 532 485
409 556 560 568
440 434 491 541
403 24 525 19
411 401 444 458
33 40 32 51
40 60 32 51
371 498 441 284
364 530 532 476
441 434 498 505
480 498 533 541
498 371 441 505
434 441 488 505
393 394 456 501
353 33 316 51
30 312 468 101
434 480 533 541
375 454 470 516
470 200 501 502
125 129 127 510
336 52 30 468
31 401 435 450
494 467 495 523
60 41 32 51
434 441 498 541
408 18 338 28
55 231 232 442
401 435 444 458
21 370 23 398
316 378 317 408
487 542 556 559
561 564 567 569
396 365 329 530
64 57 39 293
50 378 311 317
470 457 493 513
315 168 484 279
318 408 319 338
183 177 164 451
75 80 437 535
202 272 80 501
268 375 470 516
469 445 467 483
319 408 378 338
225 125 436 443
278 431 510 524
515 521 528 539
30 337 336 468
396 342 540 543
285 489 376 52
355 356 484 382
210 228 209 499
454 445 462 480
295 294 403 433
465 449 520 550
293 41 51 449
437 16 493 535
298 224 296 500
306 293 290 281
35 41 447 449
324 561 567 569
433 445 454 469
337 21 378 311
21 337 378 338
21 378 311 50
20 378 21 50
372 489 400 376
406 371 450 469
435 406 450 469
55 119 526 506
495 54 544 559
337 19 525 338
148 276 162 275
463 296 529 541
409 570 568 565
63 57 119 506
552 561 562 567
473 322 481 512
432 378 490 519
55 379 549 504
465 520 528 550
416 217 218 464
118 532 371 342
550 557 545 561
367 195 187 451
177 328 195 451
386 385 537 547
375 454 462 470
326 327 431 486
211 203 214 461
432 460 521 539
202 200 462 502
266 202 268 462
413 411 75 437
199 54 208 266
506 39 465 504
165 352 148 270
25 284 31 376
352 269 154 270
378 354 408 468
187 256 167 473
463 394 393 416
34 37 36 38
355 314 381 484
77 412 437 457
308 345 309 307
452 436 472 489
393 394 464 492
155 381 399 156
371 342 532 395
401 336 433 435
183 328 177 451
522 517 538 548
460 409 519 560
38 44 36 46
323 223 442 205
297 271 438 442
56 386 537 547
38 47 44 46
297 224 438 464
55 232 209 442
436 225 443 455
389 344 343 431
537 507 538 554
504 39 55 506
193 328 179 183
282 306 61 62
300 334 503 482
133 143 27 135
509 278 510 524
543 485 396 530
542 552 571 572
271 491 502 533
386 385 547 548
57 281 293 64
403 295 433 525
268 200 202 201
509 327 431 511
334 427 341 363
446 441 496 529
225 118 297 495
334 422 466 347
463 527 296 500
545 552 561 562
280 356 162 148
351 157 275 164
225 56 443 455
457 412 459 488
56 386 547 549
319 378 432 519
324 550 557 551
436 56 455 549
296 297 495 533
188 193 183 328
470 454 488 505
118 342 298 531
162 147 280 148
324 557 368 566
54 405 28 490
145 43 45 185
465 448 472 544
380 382 355 381
144 135 147 29
144 27 135 29
52 285 489 497
142 144 147 146
559 324 561 567
155 137 138 314
354 57 449 515
455 56 547 549
116 129 384 508
380 314 315 313
380 151 314 313
400 118 489 523
39 551 563 520
465 515 521 528
218 217 220 464
286 157 269 154
562 568 570 571
135 144 147 142
355 356 382 162
158 367 171 410
485 543 396 540
30 398 312 370
315 380 313 139
380 151 313 139
380 315 355 139
487 542 559 561
35 316 449 515
384 277 131 486
148 279 280 356
148 149 279 356
233 131 277 486
504 472 517 549
122 131 123 486
148 149 356 399
356 162 148 399
157 170 269 154
271 297 492 533
487 336 556 572
77 371 453 532
149 404 356 399
408 319 432 539
502 434 533 541
432 336 448 487
462 480 495 533
337 336 490 525
517 522 547 548
283 121 477 514
53 354 57 51
520 536 550 551
52 53 101 521
147 280 148 279
149 148 279 147
379 548 554 555
557 562 564 570
393 216 416 464
157 351 275 478
118 495 498 533
37 145 43 45
48 38 47 247
43 145 38 185
56 436 495 549
530 553 543 485
311 30 397 468
326 327 384 431
279 168 484 404
168 279 169 404
445 448 487 544
410 341 158 475
189 332 198 197
57 290 119 291
545 551 550 536
138 155 168 170
267 263 264 481
122 486 509 524
328 179 183 177
442 202 462 502
392 232 240 391
368 324 567 569
36 34 46 35
401 31 435 458
49 186 48 248
248 47 66 65
48 248 47 49
415 187 158 346
243 212 481 499
250 248 65 253
481 387 499 534
487 465 528 544
448 30 450 483
200 268 202 462
164 187 451 171
545 528 550 561
178 367 410 171
56 443 455 477
58 120 62 306
434 441 457 488
54 266 405 462
371 450 467 518
170 157 269 474
206 215 207 461
293 306 58 61
463 440 491 541
64 44 47 65
58 61 306 62
336 52 432 448
120 64 62 282
545 557 565 571
441 440 456 529
65 64 253 247
562 552 568 571
393 496 529 416
422 428 348 466
379 504 526 522
118 471 532 342
431 327 508 511
124 125 127 511
373 322 257 473
149 183 351 165
157 175 351 474
436 118 495 523
454 469 505 516
448 52 465 472
378 318 519 319
275 269 286 478
367 345 309 410
448 467 483 497
172 175 157 176
393 529 456 463
138 155 314 484
174 415 423 428
448 432 487 521
259 187 256 167
154 169 170 352
277 384 431 486
327 389 384 431
537 379 554 555
439 436 443 452
376 124 78 100
393 394 440 456
191 194 190 184
397 30 312 468
210 165 481 534
179 178 177 195
189 332 197 195
256 265 259 473
183 177 175 351
270 275 474 478
326 121 106 514
155 168 404 484
334 422 347 428
151 141 162 159
152 134 136 150
183 157 351 164
407 335 475 421
169 155 399 156
455 507 517 547
327 431 486 524
155 169 168 170
168 399 155 404
168 399 169 155
322 373 188 183
471 553 530 485
373 328 188 183
485 342 540 532
176 352 170 169
294 403 433 459
400 79 124 78
407 158 187 475
151 314 313 150
158 367 187 171
522 379 548 554
101 53 354 521
177 367 178 171
191 194 184 183
191 188 194 183
184 193 183 194
177 157 175 351
183 157 177 351
176 352 169 175
367 475 410 158
212 210 481 499
452 283 477 514
153 149 148 162
422 482 466 301
149 165 352 148
275 157 160 164
25 284 285 497
314 151 381 150
187 421 475 347
347 346 466 475
419 427 362 340
169 154 170 155
372 285 284 498
410 341 171 158
286 276 153 269
154 164 157 172
151 136 313 139
275 148 163 162
122 123 385 537
476 395 364 479
527 446 118 453
307 417 308 421
225 233 125 443
264 390 267 534
409 566 570 563
465 526 506 504
157 183 177 164
275 286 157 478
336 433 483 490
508 125 510 511
315 484 280 279
121 511 509 514
496 393 529 456
396 530 532 364
521 57 354 515
461 228 213 499
280 142 147 162
275 351 474 478
162 153 399 159
118 298 296 527
283 507 554 558
103 106 121 514
346 158 466 475
121 509 122 443
229 228 223 222
275 286 160 157
453 456 446 479
443 452 477 514
134 151 136 150
367 325 410 309
319 432 460 519
374 200 493 513
164 154 157 160
153 276 163 162
46 34 38 43
381 380 399 156
257 322 265 473
148 276 275 269
142 144 146 162
157 286 160 154
408 354 515 539
151 355 162 141
307 189 309 308
365 364 393 479
269 275 286 276
538 522 548 554
554 472 558 517
55 56 225 495
434 462 470 502
417 181 361 300
276 275 163 162
380 159 150 151
151 380 381 150
495 480 498 533
511 121 509 122
294 459 493 535
148 275 163 165
409 536 551 565
415 422 423 428
127 106 124 514
163 275 164 165
243 267 387 481
297 271 442 533
437 457 493 501
355 151 139 141
382 151 355 162
148 153 162 276
149 153 148 269
158 171 181 482
404 279 356 484
520 409 536 551
35 318 515 520
269 148 270 275
365 456 496 476
414 89 88 90
341 421 334 475
159 382 151 380
382 151 380 355
318 319 460 519
381 314 155 484
165 240 481 534
467 445 480 495
123 56 122 509
336 30 448 483
563 570 409 565
329 496 543 530
515 354 521 539
297 495 442 225
379 386 522 548
56 122 443 477
476 365 479 364
426 238 239 237
452 52 472 558
283 452 477 507
200 202 501 502
465 57 53 521
220 229 221 222
389 129 344 508
430 227 235 424
52 448 465 521
507 472 517 558
465 448 487 521
157 269 474 478
557 368 570 569
385 123 386 537
285 494 498 523
544 487 559 561
264 257 322 265
227 228 237 244
39 35 520 563
189 309 332 195
328 193 179 195
239 227 235 237
219 220 216 464
324 368 567 568
491 502 533 541
202 266 268 201
554 119 52 526
223 220 221 222
284 371 494 518
324 551 566 563
296 464 492 500
125 509 510 511
423 415 180 173
345 417 187 307
157 171 164 177
125 278 129 510
124 127 508 511
174 348 347 346
382 355 381 484
460 528 536 571
329 527 531 553
544 55 550 561
343 278 277 431
165 183 451 512
442 271 502 533
77 453 457 479
55 324 561 54
283 52 439 452
401 402 433 525
307 187 345 309
189 309 308 332
551 563 565 570
220 219 438 464
158 415 346 466
6 0 13 289
348 174 347 428
434 440 441 541
308 309 325 332
445 448 467 483
243 388 228 499
407 158 367 187
124 439 443 511
124 118 439 489
178 171 335 341
176 154 157 172
54 55 442 495
341 410 171 335
467 450 483 497
345 417 307 421
167 165 451 512
410 475 407 335
371 412 457 488
16 202 80 501
345 308 309 410
306 44 293 281
136 151 313 150
228 388 392 499
297 296 492 533
334 427 363 417
362 427 417 363
174 347 428 334
333 322 265 481
189 182 332 308
553 496 543 546
176 352 175 474
433 405 445 556
329 396 530 543
308 309 410 325
178 308 410 325
228 227 246 244
399 155 404 484
427 335 341 340
450 435 469 483
336 401 490 525
427 421 419 417
367 195 325 309
428 174 334 417
427 419 335 340
189 198 196 197
430 227 237 235
300 334 361 417
363 341 361 340
362 363 361 340
362 427 363 340
427 341 363 340
336 433 435 483
402 19 403 525
309 325 332 195
268 375 462 470
198 189 182 332
341 361 340 181
467 450 469 483
158 171 173 181
445 469 467 454
210 223 228 222
435 433 469 483
433 445 469 483
336 432 490 556
542 545 552 561
181 419 361 340
178 332 195 179
528 520 536 550
419 361 340 362
18 19 338 525
340 178 335 341
54 405 490 556
308 182 332 325
178 308 325 182
308 178 410 182
26 24 18 525
443 439 452 514
506 55 504 526
316 354 449 515
405 54 445 556
269 170 352 154
167 242 333 259
234 226 227 246
358 418 91 369
557 562 570 571
365 456 479 393
542 528 545 561
337 336 378 490
171 158 341 482
332 198 197 195
416 463 492 500
435 336 450 401
553 329 543 531
283 452 507 558
352 176 170 474
566 551 557 570
526 52 504 465
173 158 181 482
394 463 491 492
285 284 494 518
464 416 492 500
445 495 544 559
467 494 518 523
24 19 18 525
121 439 514 283
333 263 242 481
319 408 515 539
456 440 463 529
416 463 496 529
175 352 351 474
409 324 566 563
155 138 168 484
121 379 283 537
224 218 464 500
557 551 565 570
551 545 557 565
261 258 265 259
556 519 560 572
560 460 571 572
556 560 568 572
118 225 436 495
520 515 528 539
426 235 430 237
402 401 433 444
261 258 260 262
258 261 265 262
453 446 496 527
373 328 183 512
341 181 171 482
275 351 164 451
381 155 399 484
223 220 222 205
482 363 334 341
433 28 490 525
404 356 399 484
519 460 560 572
209 54 202 208
61 281 306 282
497 467 518 523
531 471 553 527
218 416 464 500
567 562 568 570
550 324 557 561
496 463 500 527
232 392 499 209
392 209 228 499
460 520 528 539
556 54 559 568
441 456 496 529
484 315 355 314
401 337 402 525
542 544 550 561
295 28 433 525
486 278 509 524
103 102 124 439
55 449 550 39
552 542 556 572
221 229 223 222
123 122 486 509
245 388 387 392
234 226 246 228
465 55 544 549
527 463 296 529
232 390 240 391
226 229 223 230
293 51 57 449
401 336 337 525
170 176 157 474
137 168 484 315
471 118 532 453
314 315 313 484
232 231 228 223
209 232 228 223
234 226 228 223
231 234 228 223
234 231 226 223
401 433 490 525
271 272 202 501
217 216 220 464
211 212 461 499
210 213 214 222
209 231 232 205
232 231 223 205
209 232 223 205
30 21 398 370
118 372 441 498
119 57 291 53
455 56 537 547
210 205 223 222
515 465 520 528
463 296 492 500
205 210 223 209
210 205 222 214
334 341 466 482
491 434 501 502
341 158 466 482
267 245 387 392
465 39 449 55
296 118 529 541
52 376 439 489
329 218 298 500
336 435 450 483
210 223 209 228
263 267 264 243
265 263 264 243
288 15 74 535
240 499 392 534
209 392 228 232
297 296 224 464
483 445 487 556
271 219 272 464
440 434 457 501
118 285 372 498
519 409 556 560
119 57 53 506
456 440 457 501
200 16 437 501
267 390 245 392
245 390 391 392
158 173 466 482
173 181 180 482
218 224 298 500
30 312 101 370
284 25 450 497
445 405 454 462
21 370 30 23
454 434 470 488
257 258 256 265
263 265 264 481
215 228 207 213
382 381 399 484
279 168 169 315
405 375 454 462
405 268 375 462
432 52 468 521
248 47 65 247
167 165 473 481
322 264 265 481
354 57 51 449
528 487 542 572
193 188 183 194
552 556 559 568
148 153 276 269
302 396 395 303
434 454 480 505
80 394 393 501
496 453 527 553
379 283 537 554
566 551 570 563
400 284 377 372
294 488 505 516
422 482 301 423
77 342 371 395
354 316 408 515
407 158 475 367
187 158 346 475
24 28 525 26
367 475 407 410
77 395 371 532
49 186 192 48
205 220 221 223
121 439 103 514
122 121 477 537
417 422 334 428
334 300 422 417
356 355 484 280
268 54 266 405
530 453 476 496
323 223 221 438
403 402 459 535
268 200 375 516
328 373 257 473
245 264 390 267
443 509 511 514
561 557 562 564
129 116 127 508
405 433 490 556
482 363 361 334
223 230 221 438
82 416 216 126
438 297 464 492
282 306 62 120
327 509 431 524
129 278 344 510
252 235 236 239
421 345 308 307
279 280 356 484
31 372 377 284
119 55 526 379
333 167 259 473
8 69 535 288
432 487 521 528
336 483 487 556
416 393 464 492
210 228 213 222
345 417 421 187
530 553 496 543
223 442 231 438
382 159 151 162
35 36 39 447
117 95 126 82
520 409 551 563
52 336 30 448
161 212 241 461
184 193 179 183
468 432 521 539
498 441 529 541
53 353 354 51
349 369 359 92
33 35 316 449
165 352 270 351
44 282 64 447
396 126 303 302
296 491 492 533
409 54 556 568
7 75 73 69
432 519 556 572
278 125 509 510
449 39 520 550
437 456 457 501
488 294 493 513
166 165 164 451
25 448 450 497
465 53 52 521
382 159 162 399
333 265 263 481
324 409 566 368
39 64 293 447
21 30 311 337
444 412 458 469
420 95 97 94
90 420 429 95
95 420 97 90
256 195 257 473
123 122 477 537
129 344 508 510
63 281 290 57
284 285 497 518
54 209 202 442
162 149 148 399
149 153 399 162
149 269 148 270
129 389 384 508
121 130 326 116
122 326 486 524
202 209 205 323
436 472 489 523
460 432 528 572
282 281 64 447
444 412 469 505
271 491 501 502
44 38 36 447
128 339 117 329
532 118 371 372
368 54 409 568
15 17 74 535
55 465 504 549
268 54 199 266
311 30 398 397
98 79 76 78
312 98 99 100
397 98 312 398
397 98 99 312
61 292 58 293
429 414 89 350
552 559 561 567
448 445 523 544
85 349 350 310
119 554 52 283
425 237 238 426
384 326 116 508
124 103 439 514
54 405 445 462
219 271 438 464
79 400 124 377
350 349 383 310
300 334 422 503
226 229 228 223
183 264 322 165
102 127 107 103
103 127 106 124
79 124 78 376
69 8 287 288
195 367 325 178
304 126 82 303
7 75 69 287
288 69 75 287
69 321 5 320
69 8 320 287
8 535 5 3
8 5 69 321
376 102 100 52
126 329 117 396
205 221 323 223
170 269 352 474
536 545 551 565
53 33 353 51
50 101 354 312
351 275 165 451
118 453 471 527
168 137 484 138
168 140 137 138
129 130 132 116
117 420 126 95
420 357 91 360
136 313 314 150
118 298 527 531
95 81 216 82
542 487 556 572
379 55 549 386
445 495 523 544
436 455 472 549
127 124 508 514
439 283 452 514
239 227 237 244
537 538 547 555
228 215 461 213
531 339 540 342
389 344 431 508
EDGES
0 2
0 3
0 4
0 6
0 8
0 13
0 17
0 289
0 320
1 9
1 10
1 12
1 18
1 19
1 26
2 4
2 6
2 13
3 4
3 5
3 8
3 15
3 16
3 17
3 69
3 288
3 295
3 535
4 6
4 8
4 289
4 320
4 321
5 7
5 8
5 68
5 69
5 320
5 321
5 535
6 13
6 14
6 289
7 67
7 68
7 69
7 70
7 72
7 73
7 74
7 75
7 287
7 289
7 320
8 13
8 14
8 15
8 17
8 69
8 287
8 288
8 289
8 320
8 321
8 535
9 10
9 12
9 26
10 11
10 12
10 19
10 24
10 26
11 12
11 24
11 26
12 24
12 26
13 14
13 17
13 289
14 15
14 17
14 74
14 287
14 289
15 17
15 74
15 287
15 288
15 535
16 17
16 74
16 75
16 80
16 200
16 202
16 294
16 295
16 374
16 437
16 493
16 501
16 535
17 74
17 288
17 535
18 19
18 24
18 26
18 28
18 338
18 408
18 525
19 24
19 26
19 337
19 338
19 402
19 403
19 525
20 21
20 22
20 23
20 50
20 316
20 317
20 378
21 22
21 23
21 30
21 50
21 311
21 337
21 338
21 370
21 378
21 398
22 23
23 30
23 50
23 101
23 311
23 370
23 398
24 26
24 28
24 295
24 374
24 375
24 403
24 525
25 31
25 52
25 284
25 285
25 376
25 448
25 450
25 497
26 28
26 338
26 525
27 29
27 133
27 135
27 143
27 144
28 54
28 295
28 318
28 338
28 375
28 405
28 408
28 409
28 433
28 490
28 525
29 135
29 144
29 147
30 31
30 52
30 101
30 311
30 312
30 336
30 337
30 370
30 397
30 398
30 448
30 450
30 468
30 483
31 52
31 118
31 284
31 336
31 371
31 372
31 376
31 377
31 401
31 406
31 411
31 412
31 413
31 435
31 450
31 458
32 33
32 35
32 40
32 41
32 51
32 60
32 449
33 35
33 40
33 51
33 53
33 316
33 317
33 353
33 449
34 35
34 36
34 37
34 38
34 42
34 43
34 46
35 36
35 39
35 41
35 42
35 46
35 316
35 318
35 319
35 324
35 409
35 447
35 449
35 515
35 520
35 563
36 37
36 38
36 39
36 41
36 44
36 46
36 64
36 247
36 447
37 38
37 43
37 45
37 145
38 43
38 44
38 46
38 47
38 48
38 64
38 145
38 185
38 247
38 447
39 55
39 57
39 63
39 64
39 119
39 293
39 324
39 447
39 449
39 465
39 504
39 506
39 520
39 550
39 551
39 563
40 41
40 51
40 60
41 44
41 46
41 51
41 60
41 293
41 447
41 449
42 46
43 45
43 46
43 145
43 185
44 46
44 47
44 51
44 61
44 62
44 64
44 65
44 281
44 282
44 293
44 306
44 447
45 145
45 185
46 47
47 48
47 49
47 64
47 65
47 66
47 247
47 248
48 49
48 186
48 192
48 247
48 248
49 186
49 192
49 248
50 101
50 311
50 312
50 317
50 353
50 354
50 378
51 53
51 57
51 60
51 119
51 291
51 292
51 293
51 316
51 353
51 354
51 449
52 53
52 79
52 100
52 101
52 102
52 119
52 121
52 283
52 285
52 336
52 376
52 432
52 439
52 448
52 450
52 452
52 465
52 468
52 472
52 489
52 497
52 504
52 506
52 521
52 526
52 554
52 558
53 57
53 101
53 119
53 291
53 353
53 354
53 465
53 506
53 521
54 55
54 199
54 200
54 202
54 208
54 209
54 266
54 268
54 324
54 368
54 405
54 409
54 442
54 445
54 462
54 490
54 495
54 544
54 549
54 556
54 559
54 561
54 568
55 56
55 119
55 209
55 225
55 231
55 232
55 324
55 379
55 386
55 442
55 449
55 465
55 495
55 504
55 506
55 526
55 544
55 549
55 550
55 561
56 122
56 123
56 225
56 233
56 386
56 436
56 443
56 455
56 477
56 495
56 509
56 537
56 547
56 549
57 63
57 64
57 119
57 281
57 290
57 291
57 292
57 293
57 354
57 449
57 465
57 506
57 515
57 521
58 61
58 62
58 120
58 290
58 291
58 292
58 293
58 306
59 61
59 62
59 120
61 62
61 120
61 281
61 282
61 292
61 293
61 306
62 64
62 120
62 282
62 306
63 119
63 281
63 282
63 290
63 306
63 506
64 65
64 120
64 247
64 253
64 281
64 282
64 293
64 447
65 66
65 247
65 248
65 250
65 251
65 253
66 248
66 249
66 250
66 251
67 70
67 71
67 72
67 73
67 84
68 69
69 70
69 73
69 75
69 287
69 288
69 295
69 320
69 321
69 401
69 402
69 403
69 411
69 535
70 73
71 72
71 84
72 73
72 74
72 84
73 74
73 75
73 84
74 75
74 287
74 288
74 535
75 77
75 80
75 287
75 288
75 402
75 411
75 412
75 413
75 437
75 535
76 78
76 79
76 98
76 370
76 398
77 80
77 118
77 342
77 364
77 371
77 393
77 395
77 412
77 437
77 453
77 456
77 457
77 479
77 532
78 79
78 98
78 100
78 118
78 124
78 376
78 400
79 98
79 100
79 124
79 370
79 376
79 377
79 400
80 202
80 272
80 393
80 394
80 437
80 501
80 535
81 82
81 95
81 117
81 216
82 83
82 95
82 96
82 117
82 126
82 216
82 302
82 303
82 304
82 366
82 416
83 302
83 303
83 304
83 305
83 366
85 88
85 89
85 310
85 349
85 350
85 414
86 87
86 92
86 310
86 383
86 414
87 92
87 93
87 310
87 349
87 383
87 414
88 89
88 90
88 310
88 414
89 90
89 95
89 310
89 350
89 414
89 420
89 429
90 93
90 95
90 96
90 97
90 414
90 420
90 429
91 331
91 357
91 358
91 360
91 369
91 418
91 420
91 429
92 93
92 94
92 349
92 359
92 369
92 383
93 94
93 97
93 331
93 349
93 358
93 359
93 414
94 95
94 96
94 97
94 126
94 128
94 331
94 349
94 358
94 359
94 360
94 414
94 420
95 96
95 97
95 117
95 126
95 216
95 420
95 429
96 97
96 126
96 128
96 216
96 217
97 128
97 217
97 414
97 420
98 99
98 100
98 312
98 370
98 397
98 398
99 100
99 311
99 312
99 397
100 102
100 124
100 312
100 370
100 376
101 312
101 354
101 370
101 468
101 521
102 103
102 104
102 107
102 121
102 124
102 127
102 376
102 439
103 104
103 106
103 107
103 121
103 124
103 127
103 439
103 514
104 107
105 106
105 107
105 108
105 114
106 107
106 108
106 112
106 114
106 115
106 116
106 121
106 124
106 127
106 326
106 508
106 514
107 108
107 109
107 111
107 112
107 115
107 127
107 273
108 112
108 114
109 110
109 111
109 113
109 273
109 274
110 113
110 273
110 274
111 113
111 115
111 273
111 274
112 114
112 115
112 273
112 274
113 115
113 274
115 127
115 273
115 274
116 121
116 127
116 129
116 130
116 132
116 326
116 384
116 508
117 126
117 128
117 302
117 329
117 339
117 342
117 395
117 396
117 416
117 420
118 124
118 125
118 225
118 285
118 296
118 297
118 298
118 342
118 371
118 372
118 377
118 400
118 436
118 439
118 441
118 446
118 453
118 471
118 489
118 495
118 498
118 523
118 527
118 529
118 531
118 532
118 533
118 541
119 283
119 290
119 291
119 379
119 506
119 526
119 554
120 282
120 306
121 122
121 130
121 283
121 326
121 327
121 379
121 439
121 443
121 477
121 509
121 511
121 514
121 537
122 123
122 131
122 326
122 327
122 379
122 385
122 443
122 477
122 486
122 509
122 511
122 524
122 537
123 131
123 233
123 254
123 385
123 386
123 477
123 486
123 509
123 537
124 125
124 127
124 376
124 377
124 400
124 436
124 439
124 443
124 489
124 508
124 511
124 514
125 127
125 129
125 225
125 233
125 278
125 436
125 443
125 508
125 509
125 510
125 511
126 128
126 216
126 217
126 218
126 302
126 303
126 304
126 329
126 365
126 396
126 416
126 420
127 129
127 508
127 510
127 511
127 514
128 217
128 218
128 329
128 339
128 416
128 420
129 130
129 132
129 277
129 278
129 343
129 344
129 384
129 389
129 508
129 510
130 132
130 326
130 384
131 233
131 254
131 255
131 277
131 326
131 384
131 486
133 135
133 143
134 136
134 141
134 150
134 151
134 152
135 142
135 143
135 144
135 147
136 139
136 141
136 150
136 151
136 152
136 313
136 314
137 138
137 140
137 155
137 168
137 169
137 313
137 314
137 315
137 484
138 140
138 155
138 168
138 170
138 314
138 484
139 141
139 151
139 313
139 315
139 355
139 380
140 168
141 150
141 151
141 159
141 162
141 355
142 144
142 146
142 147
142 162
142 280
143 144
144 146
144 147
144 162
145 185
146 147
146 148
146 162
147 148
147 149
147 162
147 279
147 280
148 149
148 153
148 162
148 163
148 165
148 269
148 270
148 275
148 276
148 279
148 280
148 352
148 356
148 399
148 474
149 153
149 162
149 165
149 183
149 269
149 270
149 279
149 351
149 352
149 356
149 399
149 404
150 151
150 152
150 159
150 313
150 314
150 380
150 381
151 159
151 162
151 313
151 314
151 355
151 380
151 381
151 382
153 159
153 162
153 163
153 269
153 276
153 286
153 399
154 155
154 157
154 160
154 164
154 169
154 170
154 172
154 176
154 269
154 270
154 286
154 352
155 156
155 168
155 169
155 170
155 314
155 381
155 399
155 404
155 484
156 169
156 380
156 381
156 399
157 160
157 164
157 170
157 171
157 172
157 175
157 176
157 177
157 183
157 269
157 275
157 286
157 351
157 474
157 478
158 171
158 173
158 181
158 187
158 301
158 341
158 346
158 367
158 407
158 410
158 415
158 466
158 475
158 482
159 162
159 380
159 382
159 399
160 164
160 275
160 276
160 286
161 203
161 206
161 211
161 212
161 241
161 461
162 163
162 165
162 275
162 276
162 280
162 355
162 356
162 382
162 399
163 164
163 165
163 166
163 275
163 276
164 165
164 166
164 171
164 172
164 177
164 183
164 187
164 275
164 351
164 451
165 166
165 167
165 183
165 210
165 240
165 264
165 270
165 275
165 322
165 351
165 352
165 451
165 473
165 474
165 481
165 512
165 534
166 167
166 187
166 451
166 473
167 187
167 210
167 212
167 242
167 256
167 259
167 333
167 451
167 473
167 481
167 512
168 169
168 170
168 279
168 315
168 399
168 404
168 484
169 170
169 175
169 176
169 270
169 279
169 315
169 352
169 399
169 404
170 176
170 269
170 352
170 474
171 172
171 173
171 177
171 178
171 181
171 187
171 335
171 341
171 367
171 410
171 451
171 482
172 175
172 176
173 180
173 181
173 301
173 415
173 423
173 466
173 482
174 334
174 346
174 347
174 348
174 415
174 417
174 423
174 428
175 176
175 177
175 183
175 351
175 352
175 474
176 352
176 474
177 178
177 179
177 183
177 195
177 328
177 351
177 367
177 451
178 179
178 182
178 195
178 308
178 325
178 332
178 335
178 340
178 341
178 367
178 410
179 183
179 184
179 193
179 195
179 328
179 332
180 181
180 300
180 415
180 423
180 482
181 300
181 340
181 341
181 361
181 417
181 419
181 482
182 189
182 198
182 308
182 325
182 332
182 410
183 184
183 188
183 191
183 193
183 194
183 264
183 322
183 328
183 351
183 373
183 451
183 512
184 190
184 191
184 193
184 194
186 192
186 247
186 248
187 195
187 256
187 259
187 307
187 309
187 345
187 346
187 347
187 367
187 407
187 415
187 417
187 421
187 451
187 473
187 475
188 191
188 193
188 194
188 322
188 328
188 373
189 195
189 196
189 197
189 198
189 307
189 308
189 309
189 332
190 191
190 194
191 194
193 194
193 195
193 328
195 197
195 198
195 256
195 257
195 309
195 325
195 328
195 332
195 367
195 451
195 473
195 512
196 197
196 198
197 198
197 332
198 332
199 208
199 266
199 268
200 201
200 202
200 268
200 374
200 375
200 405
200 437
200 462
200 470
200 493
200 501
200 502
200 513
200 516
201 202
201 208
201 266
201 268
202 205
202 208
202 209
202 266
202 268
202 271
202 272
202 323
202 442
202 462
202 501
202 502
203 204
203 206
203 211
203 214
203 461
204 206
204 207
204 213
204 214
204 461
205 209
205 210
205 214
205 219
205 220
205 221
205 222
205 223
205 231
205 232
205 323
205 442
206 207
206 215
206 241
206 461
207 213
207 215
207 228
207 461
208 209
208 266
209 210
209 223
209 228
209 231
209 232
209 323
209 392
209 442
209 499
210 211
210 212
210 213
210 214
210 222
210 223
210 228
210 232
210 240
210 481
210 499
210 534
211 212
211 214
211 461
211 499
212 241
212 242
212 243
212 461
212 481
212 499
213 214
213 215
213 222
213 228
213 461
213 499
214 222
214 461
214 499
215 228
215 241
215 243
215 461
216 217
216 219
216 220
216 366
216 393
216 394
216 416
216 464
217 218
217 220
217 416
217 464
218 220
218 221
218 224
218 226
218 298
218 329
218 416
218 438
218 464
218 500
219 220
219 221
219 271
219 272
219 323
219 394
219 438
219 464
220 221
220 222
220 223
220 229
220 438
220 464
221 222
221 223
221 226
221 229
221 230
221 323
221 438
222 223
222 228
222 229
223 226
223 228
223 229
223 230
223 231
223 232
223 234
223 323
223 438
223 442
224 226
224 231
224 234
224 296
224 297
224 298
224 299
224 438
224 464
224 500
225 231
225 233
225 297
225 299
225 436
225 442
225 443
225 455
225 495
226 227
226 228
226 229
226 230
226 231
226 234
226 237
226 246
226 438
226 464
227 228
227 234
227 235
227 237
227 239
227 244
227 246
227 424
227 430
228 229
228 231
228 232
228 234
228 237
228 243
228 244
228 246
228 388
228 392
228 461
228 499
229 230
230 438
231 232
231 234
231 299
231 438
231 442
232 240
232 390
232 391
232 392
232 442
232 499
233 254
233 255
233 277
233 278
233 443
233 486
233 509
234 246
234 438
235 236
235 237
235 239
235 252
235 424
235 426
235 430
236 238
236 239
236 252
236 424
236 426
236 430
237 238
237 239
237 244
237 425
237 426
237 430
238 239
238 252
238 425
238 426
239 244
239 246
239 252
239 426
239 430
240 264
240 390
240 391
240 392
240 481
240 499
240 534
241 243
241 461
242 243
242 259
242 263
242 333
242 481
243 263
243 264
243 265
243 267
243 387
243 388
243 461
243 481
243 499
244 246
245 264
245 267
245 387
245 388
245 390
245 391
245 392
247 248
247 253
248 250
248 253
249 250
249 251
250 251
250 253
251 253
252 426
254 255
256 257
256 258
256 259
256 265
256 473
257 258
257 264
257 265
257 322
257 328
257 373
257 473
258 259
258 260
258 261
258 262
258 265
259 261
259 265
259 333
259 473
260 261
260 262
261 262
261 265
262 265
263 264
263 265
263 267
263 333
263 481
264 265
264 267
264 322
264 390
264 481
264 534
265 322
265 333
265 473
265 481
266 268
266 405
266 462
267 387
267 390
267 392
267 481
267 534
268 375
268 405
268 462
268 470
268 516
269 270
269 275
269 276
269 286
269 352
269 474
269 478
270 275
270 351
270 352
270 474
270 478
271 272
271 297
271 323
271 438
271 442
271 464
271 491
271 492
271 501
271 502
271 533
272 394
272 464
272 491
272 492
272 501
273 274
275 276
275 286
275 351
275 451
275 474
275 478
276 286
277 278
277 343
277 384
277 431
277 486
278 343
278 344
278 431
278 486
278 509
278 510
278 524
279 280
279 315
279 356
279 404
279 484
280 315
280 355
280 356
280 484
281 282
281 290
281 293
281 306
281 447
282 306
282 447
283 379
283 439
283 452
283 477
283 507
283 514
283 537
283 554
283 558
284 285
284 371
284 372
284 376
284 377
284 400
284 441
284 450
284 494
284 497
284 498
284 518
285 372
285 376
285 400
285 489
285 494
285 495
285 497
285 498
285 518
285 523
286 478
287 288
287 289
287 320
288 535
289 320
290 291
290 293
290 306
291 292
291 293
292 293
293 306
293 447
293 449
294 295
294 374
294 375
294 403
294 433
294 444
294 459
294 488
294 493
294 505
294 513
294 516
294 535
295 374
295 375
295 403
295 433
295 525
295 535
296 297
296 298
296 463
296 464
296 491
296 492
296 495
296 500
296 527
296 529
296 533
296 541
297 299
297 438
297 442
297 464
297 492
297 495
297 533
298 329
298 339
298 342
298 500
298 527
298 531
299 438
299 442
300 334
300 361
300 417
300 422
300 423
300 482
300 503
301 348
301 415
301 422
301 423
301 466
301 482
302 303
302 395
302 396
303 304
303 395
303 396
304 305
304 364
304 365
304 366
304 416
305 364
305 365
305 366
305 393
305 416
307 308
307 309
307 345
307 417
307 421
308 309
308 325
308 332
308 345
308 410
308 417
308 419
308 421
309 325
309 332
309 345
309 367
309 410
310 349
310 350
310 383
310 414
311 312
311 317
311 337
311 353
311 354
311 378
311 397
311 398
311 468
312 354
312 370
312 397
312 398
312 468
313 314
313 315
313 380
313 484
314 315
314 355
314 380
314 381
314 484
315 355
315 380
315 484
316 317
316 319
316 353
316 354
316 378
316 408
316 449
316 515
317 353
317 354
317 378
317 408
317 468
318 319
318 338
318 378
318 408
318 409
318 460
318 490
318 515
318 519
318 520
319 338
319 378
319 408
319 432
319 460
319 515
319 519
319 539
320 321
322 333
322 373
322 473
322 481
322 512
323 438
323 442
324 368
324 409
324 550
324 551
324 557
324 559
324 561
324 563
324 566
324 567
324 568
324 569
325 332
325 367
325 410
326 327
326 384
326 431
326 486
326 508
326 511
326 514
326 524
327 384
327 389
327 431
327 486
327 508
327 509
327 511
327 524
328 373
328 451
328 473
328 512
329 339
329 365
329 396
329 416
329 496
329 500
329 527
329 530
329 531
329 543
329 546
329 553
330 350
330 357
330 414
330 418
330 429
331 349
331 350
331 359
331 369
331 414
331 418
333 473
333 481
334 341
334 347
334 361
334 363
334 417
334 421
334 422
334 427
334 428
334 466
334 475
334 482
334 503
335 340
335 341
335 407
335 410
335 419
335 421
335 427
335 475
336 337
336 378
336 401
336 432
336 433
336 435
336 448
336 450
336 468
336 483
336 487
336 490
336 525
336 556
336 572
337 338
337 378
337 401
337 402
337 468
337 490
337 525
338 378
338 408
338 490
338 525
339 342
339 396
339 531
339 540
339 543
340 341
340 361
340 362
340 363
340 419
340 427
341 361
341 363
341 410
341 421
341 427
341 466
341 475
341 482
342 371
342 395
342 396
342 471
342 485
342 531
342 532
342 540
342 543
343 344
343 384
343 389
343 431
343 510
344 389
344 431
344 508
344 510
345 367
345 407
345 410
345 417
345 421
346 347
346 348
346 415
346 466
346 475
347 348
347 421
347 422
347 428
347 466
347 475
348 415
348 422
348 428
348 466
349 350
349 359
349 369
349 383
349 414
350 383
350 414
350 418
350 429
351 352
351 451
351 474
351 478
352 474
353 354
353 449
354 378
354 408
354 449
354 468
354 515
354 521
354 539
355 356
355 380
355 381
355 382
355 484
356 382
356 399
356 404
356 484
357 358
357 360
357 414
357 418
357 420
357 429
358 359
358 360
358 369
358 414
358 418
359 360
359 369
359 414
359 418
359 420
360 369
360 420
361 362
361 363
361 417
361 419
361 482
362 363
362 417
362 419
362 427
363 417
363 427
363 482
364 365
364 393
364 395
364 396
364 476
364 479
364 530
364 532
365 393
365 396
365 416
365 456
365 476
365 479
365 496
365 530
366 393
366 416
367 407
367 410
367 451
367 475
368 409
368 557
368 566
368 567
368 568
368 569
368 570
369 418
369 420
370 398
371 372
371 395
371 406
371 412
371 441
371 446
371 450
371 453
371 457
371 467
371 469
371 488
371 494
371 498
371 505
371 518
371 532
372 376
372 377
372 400
372 441
372 446
372 453
372 489
372 498
372 532
373 473
373 512
374 375
374 433
374 493
374 513
374 516
375 405
375 433
375 454
375 462
375 469
375 470
375 516
376 377
376 400
376 439
376 489
377 400
378 408
378 432
378 468
378 490
378 519
379 385
379 386
379 504
379 522
379 526
379 537
379 548
379 549
379 554
379 555
380 381
380 382
380 399
381 382
381 399
381 484
382 399
382 484
383 414
384 389
384 431
384 486
384 508
385 386
385 537
385 547
385 548
385 555
386 522
386 537
386 547
386 548
386 549
387 388
387 392
387 481
387 499
387 534
388 392
388 499
389 431
389 508
390 391
390 392
390 534
391 392
392 499
392 534
393 394
393 416
393 437
393 440
393 456
393 463
393 464
393 479
393 491
393 492
393 496
393 501
393 529
394 416
394 440
394 456
394 463
394 464
394 491
394 492
394 501
395 396
395 476
395 479
395 532
396 485
396 530
396 532
396 540
396 543
397 398
397 468
399 404
399 484
400 489
400 523
401 402
401 411
401 433
401 435
401 444
401 450
401 458
401 490
401 525
402 403
402 411
402 433
402 437
402 444
402 459
402 525
402 535
403 433
403 459
403 525
403 535
404 484
405 433
405 445
405 454
405 462
405 490
405 556
406 412
406 435
406 450
406 458
406 469
406 505
407 410
407 421
407 475
408 432
408 468
408 515
408 539
409 460
409 490
409 519
409 520
409 536
409 551
409 556
409 560
409 563
409 565
409 566
409 568
409 570
410 475
411 413
411 437
411 444
411 458
411 459
412 413
412 437
412 444
412 457
412 458
412 459
412 469
412 488
412 505
413 437
413 444
413 458
413 459
414 418
414 420
414 429
415 422
415 423
415 428
415 466
416 463
416 464
416 492
416 496
416 500
416 529
417 419
417 421
417 422
417 427
417 428
418 429
419 421
419 427
420 429
421 427
421 475
422 423
422 428
422 466
422 482
422 503
423 428
423 482
424 425
424 426
424 430
425 426
425 430
426 430
428 466
431 486
431 508
431 509
431 510
431 511
431 524
432 448
432 460
432 468
432 487
432 490
432 519
432 521
432 528
432 539
432 556
432 572
433 435
433 444
433 445
433 454
433 459
433 469
433 483
433 490
433 516
433 525
433 556
434 440
434 441
434 454
434 457
434 462
434 470
434 480
434 488
434 491
434 498
434 501
434 502
434 505
434 533
434 541
435 444
435 450
435 458
435 469
435 483
436 439
436 443
436 452
436 455
436 472
436 489
436 495
436 523
436 549
437 456
437 457
437 459
437 488
437 493
437 501
437 535
438 442
438 464
438 492
439 443
439 452
439 489
439 511
439 514
440 441
440 456
440 457
440 463
440 491
440 501
440 529
440 541
441 446
441 456
441 457
441 479
441 488
441 496
441 498
441 505
441 529
441 541
442 462
442 495
442 502
442 533
443 452
443 455
443 477
443 509
443 511
443 514
444 458
444 459
444 469
444 505
444 516
445 448
445 454
445 462
445 467
445 469
445 480
445 483
445 487
445 495
445 523
445 544
445 556
445 559
446 453
446 456
446 457
446 479
446 496
446 527
446 529
447 449
448 450
448 465
448 467
448 472
448 483
448 487
448 489
448 497
448 521
448 523
448 544
449 465
449 515
449 520
449 544
449 550
450 467
450 469
450 483
450 497
450 518
451 473
451 512
452 455
452 472
452 477
452 489
452 507
452 514
452 517
452 558
453 456
453 457
453 471
453 476
453 479
453 496
453 527
453 530
453 532
453 553
454 462
454 467
454 469
454 470
454 480
454 488
454 494
454 505
454 516
455 472
455 477
455 507
455 517
455 537
455 547
455 549
456 457
456 463
456 476
456 479
456 496
456 501
456 529
457 459
457 470
457 479
457 488
457 493
457 501
457 513
458 469
459 488
459 493
459 505
459 535
460 515
460 519
460 520
460 521
460 528
460 536
460 539
460 560
460 565
460 571
460 572
461 499
462 470
462 480
462 495
462 502
462 533
463 491
463 492
463 496
463 500
463 527
463 529
463 541
464 492
464 500
465 472
465 487
465 504
465 506
465 515
465 520
465 521
465 526
465 528
465 544
465 549
465 550
466 475
466 482
466 503
467 469
467 480
467 483
467 494
467 495
467 497
467 518
467 523
468 521
468 539
469 480
469 483
469 494
469 505
469 516
470 488
470 493
470 501
470 502
470 505
470 513
470 516
471 485
471 527
471 530
471 531
471 532
471 553
472 489
472 504
472 507
472 517
472 522
472 523
472 526
472 544
472 549
472 554
472 558
473 481
473 512
474 478
476 479
476 496
476 530
476 532
477 507
477 514
477 537
479 532
480 494
480 495
480 498
480 505
480 533
480 541
481 499
481 512
481 534
482 503
483 487
483 490
483 497
483 556
485 530
485 531
485 532
485 540
485 543
485 553
486 509
486 524
487 521
487 528
487 542
487 544
487 556
487 559
487 561
487 572
488 493
488 505
488 513
488 516
489 497
489 523
490 519
490 525
490 556
491 492
491 501
491 502
491 533
491 541
492 500
492 533
493 501
493 513
493 535
494 495
494 498
494 505
494 518
494 523
495 498
495 523
495 533
495 544
495 549
495 559
496 500
496 527
496 529
496 530
496 543
496 546
496 553
497 518
497 523
498 505
498 523
498 529
498 533
498 541
499 534
500 527
501 502
502 533
502 541
504 506
504 517
504 522
504 526
504 549
505 516
506 526
507 517
507 537
507 538
507 547
507 554
507 558
508 510
508 511
508 514
509 510
509 511
509 514
509 524
510 511
510 524
511 514
513 516
515 520
515 521
515 528
515 539
517 522
517 526
517 538
517 547
517 548
517 549
517 554
517 558
518 523
519 556
519 560
519 572
520 528
520 536
520 539
520 550
520 551
520 563
521 528
521 539
522 526
522 538
522 547
522 548
522 549
522 554
523 544
523 549
526 554
527 529
527 531
527 546
527 553
528 536
528 539
528 542
528 544
528 545
528 550
528 561
528 571
528 572
529 541
530 532
530 543
530 553
531 540
531 543
531 553
532 540
533 541
536 545
536 550
536 551
536 565
536 571
537 538
537 547
537 554
537 555
538 547
538 548
538 554
538 555
540 543
540 553
542 544
542 545
542 550
542 552
542 556
542 559
542 561
542 571
542 572
543 546
543 553
544 549
544 550
544 559
544 561
545 550
545 551
545 552
545 557
545 561
545 562
545 565
545 571
546 553
547 548
547 549
547 555
548 554
548 555
550 551
550 557
550 561
551 557
551 563
551 565
551 566
551 570
552 556
552 559
552 561
552 562
552 567
552 568
552 571
552 572
554 555
554 558
556 559
556 560
556 568
556 572
557 561
557 562
557 564
557 565
557 566
557 569
557 570
557 571
559 561
559 567
559 568
560 565
560 568
560 571
560 572
561 562
561 564
561 567
561 569
562 564
562 567
562 568
562 570
562 571
563 565
563 566
563 570
564 567
564 569
564 570
565 568
565 570
565 571
566 570
567 568
567 569
567 570
568 570
568 571
568 572
569 570
570 571
571 572
SURFACE_TRIANGLES
0 2 4
0 2 13
0 3 4
0 3 17
0 13 17
1 9 10
1 9 26
1 10 19
1 18 19
1 18 26
2 4 6
2 6 13
3 4 8
3 5 8
3 5 69
3 16 17
3 16 295
3 69 295
4 6 289
4 8 321
4 289 320
4 320 321
5 7 68
5 7 320
5 8 321
5 68 69
5 320 321
6 13 14
6 14 289
7 67 70
7 67 72
7 68 69
7 69 70
7 72 74
7 74 287
7 287 289
7 289 320
9 10 12
9 12 26
10 11 12
10 11 24
10 19 24
11 12 26
11 24 26
13 14 17
14 15 74
14 15 287
14 17 74
14 287 289
15 74 288
15 287 288
16 17 74
16 74 75
16 75 80
16 80 202
16 200 202
16 200 374
16 294 295
16 294 374
18 19 338
18 26 28
18 28 408
18 338 408
19 24 403
19 337 338
19 337 402
19 402 403
20 21 22
20 21 378
20 22 23
20 23 50
20 50 317
20 316 317
20 316 378
21 22 23
21 23 30
21 30 337
21 337 338
21 338 378
23 30 101
23 50 311
23 101 370
23 311 398
23 370 398
24 26 28
24 28 375
24 295 374
24 295 403
24 374 375
25 31 52
25 31 376
25 52 285
25 284 285
25 284 376
27 29 135
27 29 144
27 133 135
27 133 143
27 143 144
28 54 405
28 54 409
28 318 408
28 318 409
28 375 405
29 135 147
29 144 147
30 31 52
30 31 336
30 52 101
30 336 337
31 118 371
31 118 377
31 336 401
31 371 406
31 376 377
31 401 411
31 406 412
31 411 413
31 412 413
32 33 35
32 33 40
32 35 41
32 40 41
33 35 316
33 40 51
33 51 53
33 53 353
33 316 317
33 317 353
34 35 36
34 35 42
34 36 37
34 37 43
34 42 46
34 43 46
35 36 39
35 39 324
35 41 46
35 42 46
35 316 319
35 318 319
35 318 409
35 324 409
36 37 38
36 38 247
36 39 64
36 64 247
37 38 145
37 43 45
37 45 145
38 43 46
38 43 185
38 46 47
38 47 48
38 48 247
38 145 185
39 55 119
39 55 324
39 57 63
39 57 64
39 63 119
40 41 60
40 51 60
41 44 46
41 44 51
41 51 60
43 45 185
44 46 47
44 47 65
44 51 293
44 61 62
44 61 293
44 62 64
44 64 65
45 145 185
47 48 49
47 49 248
47 65 66
47 66 248
48 49 192
48 186 192
48 186 247
49 186 192
49 186 248
50 101 312
50 101 354
50 311 312
50 317 353
50 353 354
51 53 119
51 119 291
51 291 292
51 292 293
52 53 101
52 53 119
52 79 100
52 79 376
52 100 102
52 102 121
52 119 283
52 121 283
52 285 376
53 101 354
53 353 354
54 55 209
54 55 324
54 199 208
54 199 268
54 200 268
54 200 405
54 208 209
54 324 368
54 368 409
55 56 225
55 56 386
55 119 379
55 209 232
55 225 231
55 231 232
55 379 386
56 123 233
56 123 386
56 225 233
57 63 281
57 64 281
58 61 120
58 61 292
58 120 306
58 290 291
58 290 306
58 291 292
59 61 62
59 61 120
59 62 120
61 292 293
62 64 120
63 119 290
63 281 282
63 282 306
63 290 306
64 65 253
64 120 282
64 247 253
64 281 282
65 66 251
65 251 253
66 248 250
66 249 250
66 249 251
67 70 73
67 71 72
67 71 84
67 73 84
69 70 73
69 73 75
69 75 411
69 295 403
69 401 402
69 401 411
69 402 403
71 72 84
72 73 74
72 73 84
73 74 75
74 287 288
75 77 80
75 77 412
75 411 413
75 412 413
76 78 79
76 78 98
76 79 370
76 98 398
76 370 398
77 80 393
77 118 342
77 118 371
77 342 395
77 364 393
77 364 395
77 371 412
78 79 400
78 98 100
78 100 124
78 118 124
78 118 400
79 100 370
79 376 377
79 377 400
80 202 272
80 272 394
80 393 394
81 82 117
81 82 216
81 95 117
81 95 216
82 83 302
82 83 366
82 117 302
82 216 416
82 366 416
83 302 303
83 303 304
83 304 305
83 305 366
85 88 89
85 88 414
85 89 350
85 310 349
85 310 414
85 349 350
86 87 92
86 87 414
86 92 383
86 310 383
86 310 414
87 92 93
87 93 414
88 89 90
88 90 414
89 90 95
89 95 420
89 350 429
89 420 429
90 93 97
90 93 414
90 95 96
90 96 97
91 331 369
91 331 418
91 369 420
91 418 429
91 420 429
92 93 94
92 94 359
92 349 369
92 349 383
92 359 369
93 94 97
94 97 128
94 128 420
94 358 360
94 358 414
94 359 360
94 414 420
95 96 216
95 117 420
96 97 217
96 216 217
97 128 217
98 99 100
98 99 397
98 397 398
99 100 312
99 311 312
99 311 397
100 102 124
100 312 370
101 312 370
102 103 104
102 103 121
102 104 107
102 107 127
102 124 127
103 104 107
103 106 107
103 106 121
105 106 107
105 106 114
105 107 108
105 108 114
106 112 114
106 112 115
106 115 127
106 116 121
106 116 127
107 108 112
107 109 111
107 109 273
107 111 115
107 112 273
107 115 127
108 112 114
109 110 113
109 110 273
109 111 113
110 113 274
110 273 274
111 113 115
112 115 274
112 273 274
113 115 274
116 121 130
116 127 129
116 129 132
116 130 132
117 128 339
117 128 420
117 302 395
117 339 342
117 342 395
118 124 125
118 125 225
118 225 297
118 296 297
118 296 298
118 298 342
118 377 400
119 283 379
119 290 291
120 282 306
121 122 327
121 122 379
121 130 326
121 283 379
121 326 327
122 123 131
122 123 385
122 131 326
122 326 327
122 379 385
123 131 254
123 233 254
123 385 386
124 125 127
125 127 129
125 129 278
125 225 233
125 233 278
126 303 304
126 303 396
126 304 416
126 365 396
126 365 416
128 217 218
128 218 329
128 329 339
129 130 132
129 130 384
129 277 278
129 277 343
129 343 344
129 344 389
129 384 389
130 326 384
131 233 255
131 233 277
131 254 255
131 277 384
131 326 384
133 135 143
134 136 141
134 136 152
134 141 151
134 150 151
134 150 152
135 142 144
135 142 147
135 143 144
136 139 141
136 139 313
136 150 152
136 150 314
136 313 314
137 138 140
137 138 155
137 140 168
137 155 314
137 168 169
137 169 315
137 313 314
137 313 315
138 140 168
138 155 170
138 168 170
139 141 355
139 313 315
139 315 355
141 150 151
141 150 159
141 159 162
141 162 355
142 144 162
142 147 280
142 162 280
144 146 147
144 146 162
146 147 148
146 148 162
147 148 149
147 149 279
147 279 280
148 149 165
148 162 165
149 153 269
149 153 399
149 165 183
149 183 351
149 269 270
149 270 352
149 279 404
149 351 352
149 399 404
150 159 380
150 314 381
150 380 381
153 159 162
153 159 399
153 162 163
153 163 276
153 269 286
153 276 286
154 155 169
154 155 170
154 160 164
154 160 286
154 164 172
154 169 270
154 170 176
154 172 176
154 269 270
154 269 286
155 156 169
155 156 381
155 314 381
156 169 399
156 380 381
156 380 399
157 171 172
157 171 177
157 172 175
157 175 177
158 171 173
158 171 187
158 173 301
158 187 415
158 301 415
159 380 382
159 382 399
160 164 275
160 275 276
160 276 286
161 203 206
161 203 211
161 206 241
161 211 212
161 212 241
162 163 165
162 280 356
162 355 356
163 164 166
163 164 275
163 165 166
163 275 276
164 166 187
164 171 172
164 171 187
165 166 167
165 167 210
165 183 264
165 210 240
165 240 264
166 167 187
167 187 259
167 210 212
167 212 242
167 242 259
168 169 170
169 170 176
169 175 176
169 175 352
169 270 352
169 279 315
169 279 404
169 399 404
171 173 181
171 177 178
171 178 341
171 181 341
172 175 176
173 180 181
173 180 415
173 301 423
173 415 423
174 334 347
174 334 417
174 346 347
174 346 348
174 348 428
174 415 423
174 415 428
174 417 428
174 423 428
175 177 183
175 183 351
175 351 352
177 178 179
177 179 183
178 179 332
178 182 325
178 182 410
178 325 332
178 335 340
178 335 410
178 340 341
179 183 184
179 184 193
179 193 195
179 195 332
180 181 300
180 300 423
180 415 423
181 300 417
181 340 341
181 340 419
181 361 417
181 361 419
182 189 198
182 189 308
182 198 332
182 308 410
182 325 332
183 184 191
183 188 191
183 188 322
183 264 322
184 190 191
184 190 194
184 193 194
186 247 248
187 195 256
187 195 367
187 256 259
187 307 309
187 307 417
187 309 345
187 345 421
187 346 347
187 346 415
187 347 421
187 367 407
187 407 421
187 417 421
188 191 194
188 193 194
188 193 328
188 322 373
188 328 373
189 195 197
189 195 309
189 196 197
189 196 198
189 307 308
189 307 309
190 191 194
193 195 328
195 197 198
195 198 332
195 256 257
195 257 328
195 309 367
196 197 198
199 208 266
199 266 268
200 201 202
200 201 268
200 374 375
200 375 405
201 202 208
201 208 266
201 266 268
202 205 209
202 205 323
202 208 209
202 271 272
202 271 323
203 204 206
203 204 214
203 211 214
204 206 207
204 207 213
204 213 214
205 209 210
205 210 214
205 214 222
205 219 220
205 219 323
205 220 222
206 207 215
206 215 241
207 213 228
207 215 228
209 210 232
210 211 212
210 211 214
210 232 240
212 241 243
212 242 243
213 214 222
213 222 228
215 228 243
215 241 243
216 217 220
216 219 220
216 219 394
216 366 393
216 366 416
216 393 394
217 218 220
218 220 221
218 221 226
218 224 226
218 224 298
218 298 329
219 271 272
219 271 323
219 272 394
220 221 229
220 222 229
221 223 229
221 223 230
221 226 230
222 228 229
223 229 230
224 226 234
224 231 234
224 231 299
224 296 297
224 296 298
224 297 299
225 231 299
225 297 299
226 227 234
226 227 237
226 228 229
226 228 237
226 229 230
227 234 246
227 235 239
227 235 424
227 237 430
227 239 246
227 424 430
228 231 232
228 231 234
228 232 392
228 234 246
228 237 244
228 243 388
228 244 246
228 388 392
232 240 390
232 390 391
232 391 392
233 254 255
233 277 278
235 236 252
235 236 424
235 239 252
236 238 252
236 238 426
236 424 430
236 426 430
237 238 239
237 238 425
237 239 244
237 425 426
237 426 430
238 239 252
238 425 426
239 244 246
240 264 390
242 243 263
242 259 333
242 263 333
243 263 265
243 264 265
243 264 267
243 267 387
243 387 388
245 264 267
245 264 390
245 267 387
245 387 388
245 388 392
245 390 391
245 391 392
247 248 253
248 250 253
249 250 251
250 251 253
256 257 258
256 258 259
257 258 265
257 264 265
257 264 322
257 322 373
257 328 373
258 259 261
258 260 261
258 260 262
258 262 265
259 261 265
259 265 333
260 261 262
261 262 265
263 265 333
277 343 384
279 280 315
280 315 355
280 355 356
284 285 372
284 372 376
285 372 376
294 295 374
298 329 339
298 339 342
300 417 422
300 422 423
301 415 422
301 422 423
302 303 395
303 395 396
304 305 364
304 364 365
304 365 416
305 364 393
305 366 393
307 308 417
308 345 410
308 345 421
308 417 419
308 419 421
309 345 367
310 349 383
311 397 398
316 319 408
316 378 408
318 319 408
324 368 409
330 357 414
330 357 418
330 414 429
330 418 429
331 349 350
331 349 369
331 350 418
334 347 421
334 417 427
334 421 427
335 340 419
335 407 410
335 407 421
335 419 427
335 421 427
336 337 401
337 401 402
338 378 408
343 344 389
343 384 389
345 367 407
345 407 410
346 348 415
348 415 422
348 422 428
350 418 429
357 358 360
357 358 414
357 360 420
357 418 429
357 420 429
359 360 420
359 369 420
361 362 363
361 362 419
361 363 417
362 363 417
362 417 427
362 419 427
364 365 396
364 395 396
371 406 412
379 385 386
380 382 399
414 420 429
415 422 423
415 422 428
417 419 427
417 421 427
417 422 428
419 421 427
422 423 428
424 425 426
424 425 430
424 426 430
425 426 430
