# CentVoxTetrahedralizerHybrid tetrahedral mesh
# Detection mode: HYBRID
# Grid: 8^3
# Merge block size: 2
# Protection layers: 2
# Smoothed: Yes
# Vertices: 336
# Tetrahedra: 870

VERTICES
-1.883385 0.414134 -1.077798
-1.671024 0.383797 -1.108135
-1.913723 0.626495 -1.108135
-1.701361 0.596158 -1.077798
-1.974397 0.323122 -0.804762
-1.610350 0.323122 -0.859369
-1.974397 0.687170 -0.859369
-1.610350 0.687170 -0.841167
-1.883385 0.050086 -0.713750
-1.610350 0.004580 -0.759256
-1.974397 -0.040926 -0.440714
-1.610350 -0.109185 -0.508973
-2.065409 0.232110 -0.531726
-1.610868 0.323220 -0.440676
-1.337314 0.050086 -0.713750
-1.246302 0.323122 -0.768357
-1.246302 -0.040926 -0.477119
-1.155290 0.232110 -0.531726
-2.247433 0.414134 -0.713750
-2.292939 0.687170 -0.759256
-2.302040 0.323122 -0.440714
-2.338445 0.687170 -0.440714
-1.974915 0.687268 -0.440676
-1.610868 0.687268 -0.440676
-1.246302 0.687170 -0.750155
-1.185627 0.747844 -0.501389
-0.882254 0.391381 -0.736503
-0.882254 0.641664 -0.759256
-0.882254 0.277616 -0.486220
-0.882254 0.723574 -0.440714
-0.578882 0.383797 -0.744087
-0.609219 0.596158 -0.713750
-0.518207 0.323122 -0.495322
-0.518207 0.650765 -0.440714
-2.247433 0.960205 -0.713750
-1.974397 1.005711 -0.759256
-2.302040 1.051217 -0.440714
-1.974397 1.119476 -0.508973
-1.610350 0.982958 -0.736503
-1.610350 1.096723 -0.486220
-1.306977 0.990543 -0.744087
-1.246302 1.051217 -0.495322
-1.549675 -1.072394 -0.380040
-1.246302 -1.064810 -0.372455
-1.610350 -0.769021 -0.386107
-1.246302 -0.769021 -0.440714
-1.542091 -1.064810 -0.076667
-1.246302 -1.133069 -0.076667
-1.655856 -0.814527 -0.076667
-1.246820 -0.768923 -0.076629
-0.942929 -1.072394 -0.380040
-0.882254 -0.769021 -0.386107
-0.882254 -1.078461 -0.076667
-0.821580 -0.829696 -0.137341
-1.913723 -0.708346 -0.380040
-1.906138 -0.404973 -0.372455
-1.610350 -0.404973 -0.440714
-1.906138 -0.700762 -0.076667
-1.974397 -0.404973 -0.076667
-1.610868 -0.404875 -0.076629
-1.246302 -0.404973 -0.440714
-1.246820 -0.404875 -0.076629
-0.882254 -0.404973 -0.440714
-0.882772 -0.404875 -0.076629
-0.518207 -0.723515 -0.395208
-0.518207 -0.404973 -0.440714
-0.518207 -0.837280 -0.144926
-0.518725 -0.404875 -0.076629
-0.245171 -0.678009 -0.349703
-0.154159 -0.404973 -0.404310
-0.154159 -0.769021 -0.076667
-0.063147 -0.495985 -0.167679
-2.042656 -0.109185 -0.076667
-1.610868 -0.040827 -0.076629
-0.882254 -0.040926 -0.440714
-0.882772 -0.040827 -0.076629
-0.518207 -0.040926 -0.440714
-0.518725 -0.040827 -0.076629
-0.154159 -0.040926 -0.440714
-0.154677 -0.040827 -0.076629
0.209888 -0.336714 -0.372455
0.209888 -0.040926 -0.404310
0.209888 -0.441378 -0.076667
0.300900 0.050086 -0.167679
0.513261 -0.344299 -0.380040
0.482924 -0.131938 -0.349703
0.505677 -0.336714 -0.076667
0.537531 -0.040926 -0.076667
-2.247433 0.050086 -0.349703
-2.292939 0.004580 -0.076667
-2.338445 0.323122 -0.076667
-1.974915 0.323220 -0.076629
-1.610868 0.323220 -0.076629
-0.821580 0.565820 -0.137341
-0.518725 0.323220 -0.076629
-0.154159 0.323122 -0.404310
-0.063147 0.414134 -0.167679
0.118876 0.232110 -0.349703
0.209888 0.323122 -0.076667
-2.338445 0.687170 -0.076667
-1.974915 0.687268 -0.076629
-0.518207 0.732676 -0.144926
-0.245171 0.596158 -0.349703
-0.154159 0.687170 -0.076667
-2.338445 1.051217 -0.076667
-1.974915 1.051316 -0.076629
-1.610868 1.051316 -0.076629
-0.927760 1.051217 -0.395208
-0.813996 1.028464 -0.144926
-2.247433 1.324253 -0.349703
-1.974397 1.415265 -0.404310
-2.292939 1.369759 -0.076667
-2.042656 1.483524 -0.076667
-1.610350 1.415265 -0.440714
-1.610868 1.415363 -0.076629
-1.246302 1.415265 -0.404310
-1.155290 1.506277 -0.167679
-0.973266 1.324253 -0.349703
-0.882254 1.415265 -0.076667
-1.883385 1.688301 -0.349703
-1.610350 1.733807 -0.395208
-1.928891 1.733807 -0.076667
-1.610350 1.779312 -0.076667
-1.337314 1.688301 -0.349703
-1.246302 1.742908 -0.076667
-1.564844 -1.087563 0.287381
-1.246302 -1.133069 0.287381
-1.678609 -0.837280 0.287381
-1.246820 -0.768923 0.287419
-0.882254 -1.133069 0.287381
-0.882772 -0.768923 0.287419
-0.518207 -1.087563 -0.031161
-0.518207 -1.133069 0.287381
-0.518725 -0.768923 0.287419
-0.245171 -1.042057 0.014345
-0.199665 -1.087563 0.287381
-0.085900 -0.837280 0.287381
-1.928891 -0.723515 0.287381
-1.974397 -0.404973 0.287381
-1.610868 -0.404875 0.287419
-0.882772 -0.404875 0.287419
-0.154677 -0.404875 0.287419
0.118876 -0.678009 0.014345
0.164382 -0.723515 0.287381
0.264495 -0.404973 0.287381
-2.010802 -0.040926 0.287381
-1.246820 -0.040827 0.287419
-0.154677 -0.040827 0.287419
0.255394 -0.040926 0.332887
0.513261 -0.344299 0.226706
0.505677 -0.040926 0.219122
-2.247433 0.050086 0.196369
-2.292939 0.323122 0.241875
-2.042656 0.323122 0.355640
-1.246820 0.323220 0.287419
-0.882772 0.323220 0.287419
-0.154677 0.323220 0.287419
0.264495 0.323122 0.287381
0.482924 0.232110 0.014345
0.513261 0.262447 0.226706
-2.270186 0.687170 0.219122
-2.019903 0.687170 0.332887
-0.085900 0.755429 0.287381
0.118876 0.596158 0.014345
0.164382 0.641664 0.287381
-2.292939 1.051217 0.241875
-2.042656 1.051217 0.355640
-1.246820 1.051316 0.287419
-0.882772 1.051316 0.287419
-0.518207 1.051217 -0.040262
-0.449948 1.119476 0.287381
-0.245171 0.960205 0.014345
-0.199665 1.005711 0.287381
-2.247433 1.324253 0.196369
-1.974397 1.415265 0.287381
-1.701361 1.506277 0.378393
-1.246820 1.415363 0.287419
-0.791243 1.506277 0.196369
-0.609219 1.324253 0.014345
-0.554612 1.415265 0.287381
-1.883385 1.688301 0.196369
-1.610350 1.742908 0.287381
-1.246302 1.779312 0.287381
-0.973266 1.688301 0.014345
-0.882254 1.742908 0.287381
-1.519338 -1.042057 0.560416
-1.246302 -1.096664 0.651428
-1.610350 -0.769021 0.651428
-1.337314 -0.860033 0.742440
-0.882254 -1.133069 0.651428
-0.882772 -0.768923 0.651467
-0.518207 -1.133069 0.651428
-0.518725 -0.768923 0.651467
-0.222418 -1.064810 0.651428
-0.108653 -0.814527 0.651428
-1.883385 -0.678009 0.560416
-1.937992 -0.404973 0.651428
-1.701361 -0.495985 0.742440
-0.154677 -0.404875 0.651467
0.141629 -0.700762 0.651428
0.209888 -0.404973 0.651428
-1.974397 -0.040926 0.651428
-1.610868 -0.040827 0.651467
-0.154677 -0.040827 0.651467
0.264495 -0.040926 0.651428
-1.974397 0.323122 0.651428
-1.610868 0.323220 0.651467
-0.154677 0.323220 0.651467
0.255394 0.323122 0.605922
-1.974397 0.687170 0.651428
-1.610868 0.687268 0.651467
-0.093485 0.747844 0.590754
0.209888 0.687170 0.651428
-1.937992 1.051217 0.651428
-1.701361 1.142229 0.742440
-0.457532 1.111892 0.590754
-0.154159 1.051217 0.651428
-1.883385 1.324253 0.560416
-1.610350 1.415265 0.651428
-1.337314 1.506277 0.742440
-0.882772 1.415363 0.651467
-0.463600 1.415265 0.651428
-1.519338 1.688301 0.560416
-1.246302 1.742908 0.651428
-0.882254 1.779312 0.651428
-0.609219 1.688301 0.378393
-0.563713 1.733807 0.651428
-1.155290 -1.042057 0.924464
-0.882254 -1.096664 1.015476
-1.246302 -0.769021 1.015476
-0.973266 -0.860033 1.106488
-0.518207 -1.133069 1.015476
-0.518725 -0.768923 1.015514
-0.199665 -1.087563 1.015476
-0.085900 -0.837280 1.015476
-1.519338 -0.678009 0.924464
-1.610350 -0.404973 0.979071
-1.314561 -0.404973 1.083735
-0.882772 -0.404875 1.015514
-0.518725 -0.404875 1.015514
-0.154677 -0.404875 1.015514
0.164382 -0.723515 1.015476
0.209888 -0.404973 1.015476
-1.883385 -0.313961 0.924464
-1.928891 -0.040926 0.969970
-1.610350 -0.040926 1.070083
-1.306977 -0.101600 1.076151
-0.882772 -0.040827 1.015514
-0.518725 -0.040827 1.015514
-0.154677 -0.040827 1.015514
0.255394 -0.086432 1.015476
-1.906138 0.323122 0.947217
-1.655856 0.323122 1.060982
-1.246820 0.323220 1.015514
-0.882772 0.323220 1.015514
-0.518725 0.323220 1.015514
-0.154677 0.323220 1.015514
0.209370 0.323220 1.015514
0.513261 0.019749 0.712103
0.505677 0.323122 0.719687
0.505677 0.027333 1.015476
0.573936 0.323122 1.015476
-1.928891 0.687170 0.969970
-1.610350 0.687170 1.070083
-1.306977 0.747844 1.076151
-0.882772 0.687268 1.015514
-0.518725 0.687268 1.015514
-0.154677 0.687268 1.015514
0.255394 0.732676 1.015476
0.513261 0.626495 0.712103
0.505677 0.618911 1.015476
-1.883385 0.960205 0.924464
-1.610350 1.051217 0.979071
-1.246302 1.051217 1.070083
-0.882254 1.096723 1.060982
-0.518207 1.119476 1.083735
-0.154159 1.087622 1.015476
0.149214 0.990543 0.712103
0.141629 0.982958 1.015476
-1.519338 1.324253 0.924464
-1.246302 1.415265 0.979071
-0.882254 1.415265 1.015476
-0.518207 1.415265 0.979071
-0.214834 1.354590 0.712103
-0.245171 1.324253 0.924464
-1.155290 1.688301 0.924464
-0.882254 1.733807 0.969970
-0.609219 1.688301 0.924464
-0.791243 -1.042057 1.288512
-0.518207 -1.087563 1.334018
-0.882254 -0.769021 1.343119
-0.518207 -0.769021 1.379524
-0.245171 -1.042057 1.288512
-0.154159 -0.769021 1.343119
-1.155290 -0.678009 1.288512
-1.200796 -0.404973 1.334018
-0.882254 -0.404973 1.379524
-0.518207 -0.404973 1.415928
-0.154159 -0.473232 1.447783
0.118876 -0.678009 1.288512
0.173483 -0.404973 1.379524
-1.246302 -0.040926 1.324917
-0.882254 -0.040926 1.379524
-0.586466 -0.040926 1.447783
-0.154677 -0.040827 1.379562
0.264495 -0.040926 1.379524
-1.549675 0.019749 1.318849
-1.542091 0.323122 1.311265
-1.246302 0.323122 1.379524
-0.882254 0.323122 1.379524
-0.518207 0.323122 1.415928
-0.154159 0.391381 1.447783
0.209888 0.323122 1.415928
0.513261 0.019749 1.318849
0.505677 0.323122 1.311265
-1.549675 0.626495 1.318849
-1.246302 0.687170 1.324917
-0.882254 0.687170 1.379524
-0.518207 0.687170 1.379524
-0.154159 0.687170 1.379524
0.209888 0.687170 1.324917
0.513261 0.626495 1.318849
-1.185627 0.990543 1.318849
-0.882254 0.982958 1.311265
-0.518207 1.005711 1.334018
-0.154159 0.982958 1.311265
0.149214 0.990543 1.318849
-0.427195 -0.313961 1.652559
-0.154159 -0.359467 1.698065
-0.472701 -0.040926 1.698065
-0.154159 -0.040926 1.743571
0.118876 -0.313961 1.652559
0.164382 -0.040926 1.698065
-0.427195 0.232110 1.652559
-0.154159 0.277616 1.698065
0.118876 0.232110 1.652559

TETRAHEDRA
0 1 3 5
0 3 2 6
0 4 5 6
3 5 7 6
0 5 3 6
8 9 5 11
8 5 4 12
8 10 11 12
5 11 13 12
8 11 5 12
9 14 5 11
14 15 5 17
14 5 11 17
14 11 16 17
5 11 17 13
18 4 6 12
18 6 19 21
18 20 12 21
6 12 22 21
18 12 6 21
4 5 6 12
5 7 6 23
5 6 12 23
5 12 13 23
6 12 23 22
5 15 24 17
5 24 7 23
5 13 17 23
24 17 25 23
5 17 24 23
15 26 24 17
26 27 24 29
26 24 17 29
26 17 28 29
24 17 29 25
26 30 31 32
26 31 27 29
26 28 32 29
31 32 33 29
26 32 31 29
19 6 34 21
6 35 34 37
6 34 21 37
6 21 22 37
34 21 37 36
6 7 38 23
6 38 35 37
6 22 23 37
38 23 39 37
6 23 38 37
7 24 38 23
24 40 38 41
24 38 23 41
24 23 25 41
38 23 41 39
42 43 44 46
43 45 44 49
43 44 46 49
43 46 47 49
44 46 49 48
43 50 51 52
43 51 45 49
43 47 52 49
51 52 53 49
43 52 51 49
54 44 55 57
44 56 55 59
44 55 57 59
44 57 48 59
55 57 59 58
44 45 60 49
44 60 56 59
44 48 49 59
60 49 61 59
44 49 60 59
45 51 60 49
51 62 60 63
51 60 49 63
51 49 53 63
60 49 63 61
51 64 65 66
51 65 62 63
51 53 66 63
65 66 67 63
51 66 65 63
64 68 65 66
68 69 65 71
68 65 66 71
68 66 70 71
65 66 71 67
55 56 11 59
55 11 10 72
55 58 59 72
11 59 73 72
55 59 11 72
56 60 11 59
60 16 11 73
60 11 59 73
60 59 61 73
60 62 74 63
60 74 16 73
60 61 63 73
74 63 75 73
60 63 74 73
62 65 74 63
65 76 74 77
65 74 63 77
65 63 67 77
74 63 77 75
65 69 78 71
65 78 76 77
65 67 71 77
78 71 79 77
65 71 78 77
69 80 78 71
80 81 78 83
80 78 71 83
80 71 82 83
78 71 83 79
80 84 85 86
80 85 81 83
80 82 86 83
85 86 87 83
80 86 85 83
88 10 12 72
88 12 20 90
88 89 72 90
12 72 91 90
88 72 12 90
10 11 12 72
11 13 12 92
11 12 72 92
11 72 73 92
12 72 92 91
11 16 17 73
11 17 13 92
11 73 17 92
16 74 17 73
74 28 17 93
74 17 73 93
74 73 75 93
17 73 93 92
74 76 32 77
74 32 28 93
74 75 77 93
32 77 94 93
74 77 32 93
76 78 32 77
78 95 32 96
78 32 77 96
78 77 79 96
32 77 96 94
78 81 97 83
78 97 95 96
78 79 83 96
97 83 98 96
78 83 97 96
20 12 21 90
12 22 21 100
12 21 90 100
12 90 91 100
21 90 100 99
12 13 23 92
12 23 22 100
12 91 92 100
12 92 23 100
13 17 23 92
17 25 23 92
17 28 29 93
17 29 25 92
17 93 29 92
28 32 29 93
32 33 29 101
32 29 93 101
32 93 94 101
32 95 102 96
32 102 33 101
32 94 96 101
102 96 103 101
32 96 102 101
21 22 37 100
21 37 36 104
21 99 100 104
37 100 105 104
21 100 37 104
22 23 37 100
23 39 37 106
23 37 100 106
23 100 92 106
37 100 106 105
23 25 41 92
23 41 39 106
23 92 41 106
25 29 41 92
29 107 41 108
29 41 92 108
29 92 93 108
41 92 108 106
36 37 109 104
37 110 109 112
37 109 104 112
37 104 105 112
109 104 112 111
37 39 113 106
37 113 110 112
37 105 106 112
113 106 114 112
37 106 113 112
39 41 113 106
41 115 113 116
41 113 106 116
113 106 116 114
41 107 117 108
41 117 115 116
41 106 108 116
117 108 118 116
41 108 117 116
110 113 119 112
113 120 119 122
113 119 112 122
113 112 114 122
119 112 122 121
113 115 123 116
113 123 120 122
113 114 116 122
123 116 124 122
113 116 123 122
46 47 49 126
46 49 48 127
46 125 126 127
49 126 128 127
46 126 49 127
47 52 49 126
52 53 49 130
52 49 126 130
52 126 129 130
49 126 130 128
52 131 66 132
52 66 53 130
52 129 132 130
66 132 133 130
52 132 66 130
131 134 66 132
134 70 66 136
134 66 132 136
134 132 135 136
66 132 136 133
57 48 59 127
57 59 58 138
57 137 127 138
59 127 139 138
57 127 59 138
48 49 59 127
49 61 59 146
49 59 127 146
49 127 128 146
59 127 146 139
49 53 63 130
49 63 61 146
49 128 130 146
63 130 140 146
49 130 63 146
53 66 63 130
66 67 63 140
66 63 130 140
66 130 133 140
66 70 71 136
66 71 67 140
66 133 136 140
71 136 141 140
66 136 71 140
70 142 71 136
142 82 71 144
142 71 136 144
142 136 143 144
71 136 144 141
58 59 72 138
59 73 72 146
59 72 138 146
59 138 139 146
72 138 146 145
59 61 73 146
61 63 73 146
63 75 73 140
63 146 73 140
63 67 77 140
63 77 75 140
67 71 77 140
71 79 77 147
71 77 140 147
71 140 141 147
71 82 83 144
71 83 79 147
71 141 144 147
83 144 148 147
71 144 83 147
82 86 83 144
86 87 83 150
86 83 144 150
86 144 149 150
83 144 150 148
89 72 90 151
72 91 90 153
72 90 151 153
72 151 145 153
90 151 153 152
72 73 92 146
72 92 91 153
72 145 146 153
92 146 154 153
72 146 92 153
73 92 146 154
73 75 93 140
73 93 92 154
73 146 140 154
93 140 155 154
73 140 93 154
75 77 93 140
77 94 93 155
77 93 140 155
77 79 96 147
77 96 94 155
77 140 147 155
96 147 156 155
77 147 96 155
79 83 96 147
83 98 96 157
83 96 147 157
83 147 148 157
96 147 157 156
83 87 158 150
83 158 98 157
83 148 150 157
158 150 159 157
83 150 158 157
90 91 100 153
90 100 99 160
90 152 153 160
100 153 161 160
90 153 100 160
91 92 100 153
92 100 153 154
100 153 154 161
93 92 154 155
93 94 101 155
94 96 101 155
96 103 101 162
96 101 155 162
96 155 156 162
96 98 163 157
96 163 103 162
96 156 157 162
163 157 164 162
96 157 163 162
99 100 104 160
100 105 104 166
100 104 160 166
100 160 161 166
104 160 166 165
100 92 106 154
100 106 105 166
100 161 154 166
106 154 167 166
100 154 106 166
92 106 154 167
92 93 108 155
92 108 106 167
92 154 155 167
108 155 168 167
92 155 108 167
93 101 108 155
101 169 108 170
101 108 155 170
108 155 170 168
101 103 171 162
101 171 169 170
101 155 162 170
171 162 172 170
101 162 171 170
104 105 112 166
104 112 111 173
104 165 166 173
112 166 174 173
104 166 112 173
105 106 112 166
106 114 112 175
106 112 166 175
106 166 167 175
112 166 175 174
106 116 114 175
116 167 176 175
106 167 116 175
106 108 116 167
108 118 116 177
108 116 167 177
108 167 168 177
116 167 177 176
108 169 178 170
108 178 118 177
108 168 170 177
178 170 179 177
108 170 178 177
112 114 122 175
112 122 121 180
112 174 175 180
122 175 181 180
112 175 122 180
114 116 122 175
116 124 122 182
116 122 175 182
116 175 176 182
122 175 182 181
116 118 183 177
116 183 124 182
116 176 177 182
183 177 184 182
116 177 183 182
125 126 127 185
126 128 127 188
126 127 185 188
126 185 186 188
127 185 188 187
126 129 130 189
126 130 128 188
126 186 189 188
130 189 190 188
126 189 130 188
129 132 130 189
132 133 130 192
132 130 189 192
132 189 191 192
130 189 192 190
132 135 136 193
132 136 133 192
132 191 193 192
136 193 194 192
132 193 136 192
137 127 138 195
127 139 138 197
127 138 195 197
127 195 187 197
138 195 197 196
127 128 146 188
127 146 139 197
127 187 188 197
127 188 146 197
128 130 146 188
130 146 188 140
130 188 190 140
130 133 140 192
130 190 192 140
133 136 140 192
136 141 140 198
136 140 192 198
136 192 194 198
136 143 144 199
136 144 141 198
136 194 199 198
144 199 200 198
136 199 144 198
138 139 146 197
138 146 145 201
138 196 197 201
146 197 202 201
138 197 146 201
140 141 147 198
147 198 203 140
141 144 147 198
144 148 147 204
144 147 198 204
144 198 200 204
147 198 204 203
145 146 153 201
146 154 153 206
146 153 201 206
146 201 202 206
153 201 206 205
140 154 146 155
147 156 155 207
147 155 140 207
147 140 203 207
147 148 157 204
147 157 156 207
147 203 204 207
157 204 208 207
147 204 157 207
153 154 161 209
153 205 206 209
154 206 210 209
153 206 154 209
155 156 162 207
162 207 211 155
156 157 162 207
157 164 162 212
157 162 207 212
157 207 208 212
162 207 212 211
161 154 166 209
154 167 166 214
154 166 209 214
154 209 210 214
166 209 214 213
155 167 154 168
170 155 215 168
162 172 170 216
162 170 155 216
162 155 211 216
170 155 216 215
166 167 175 214
166 175 174 217
166 213 214 217
175 214 218 217
166 214 175 217
167 176 175 219
167 175 214 219
175 214 219 218
167 177 176 219
177 168 220 219
167 168 177 219
170 179 177 221
170 177 168 221
170 168 215 221
177 168 221 220
175 176 182 219
175 182 181 222
175 218 219 222
182 219 223 222
175 219 182 222
176 177 182 219
177 184 182 224
177 182 219 224
177 219 220 224
182 219 224 223
177 179 225 221
177 225 184 224
177 220 221 224
225 221 226 224
177 221 225 224
186 189 188 227
189 190 188 230
189 188 227 230
189 227 228 230
188 227 230 229
189 191 192 231
189 192 190 230
189 228 231 230
192 231 232 230
189 231 192 230
191 193 192 231
193 194 192 234
193 192 231 234
193 231 233 234
192 231 234 232
187 188 197 235
188 146 197 237
188 197 235 237
188 235 229 237
197 235 237 236
188 190 140 230
188 140 146 237
188 229 230 237
140 230 238 237
188 230 140 237
190 192 140 230
192 140 230 239
192 230 232 239
140 230 239 238
192 194 198 234
192 198 140 239
192 232 234 239
198 234 240 239
192 234 198 239
194 199 198 234
199 200 198 242
199 198 234 242
199 234 241 242
198 234 242 240
196 197 201 243
197 202 201 245
197 201 243 245
197 243 236 245
201 243 245 244
197 146 202 245
197 236 237 245
146 237 246 245
197 237 146 245
140 146 237 247
140 237 238 247
146 237 247 246
140 238 239 247
140 239 248 247
198 203 140 249
198 140 239 249
198 239 240 249
140 239 249 248
198 200 204 242
198 204 203 249
198 240 242 249
204 242 250 249
198 242 204 249
201 202 206 245
201 206 205 251
201 244 245 251
206 245 252 251
201 245 206 251
202 146 206 245
146 154 206 253
146 206 245 253
146 245 246 253
206 245 253 252
146 140 155 247
146 155 154 253
146 246 247 253
155 247 254 253
146 247 155 253
140 155 247 255
140 247 248 255
155 247 255 254
140 203 207 249
140 207 155 255
140 248 249 255
207 249 256 255
140 249 207 255
203 204 207 249
204 208 207 257
204 207 249 257
204 249 250 257
207 249 257 256
204 258 259 260
204 259 208 257
204 250 260 257
259 260 261 257
204 260 259 257
205 206 209 251
206 210 209 263
206 209 251 263
206 251 252 263
209 251 263 262
206 154 210 263
206 252 253 263
154 253 264 263
206 253 154 263
155 154 253 265
155 253 254 265
154 253 265 264
155 254 255 265
155 255 266 265
207 211 155 267
207 155 255 267
207 255 256 267
155 255 267 266
207 208 212 257
207 212 211 267
207 256 257 267
212 257 268 267
207 257 212 267
208 259 212 257
259 269 212 270
259 212 257 270
259 257 261 270
212 257 270 268
209 210 214 263
209 214 213 271
209 262 263 271
214 263 272 271
209 263 214 271
210 154 214 263
154 167 214 273
154 214 263 273
154 263 264 273
214 263 273 272
154 155 168 265
154 168 167 273
154 264 265 273
168 265 274 273
154 265 168 273
155 215 168 275
155 168 265 275
155 265 266 275
168 265 275 274
155 211 216 267
155 216 215 275
155 266 267 275
216 267 276 275
155 267 216 275
211 212 216 267
212 277 216 278
212 216 267 278
212 267 268 278
216 267 278 276
214 167 219 273
214 219 218 279
214 272 273 279
219 273 280 279
214 273 219 279
167 168 219 273
168 220 219 281
168 219 273 281
168 273 274 281
219 273 281 280
168 215 221 275
168 221 220 281
168 274 275 281
221 275 282 281
168 275 221 281
215 216 221 275
216 283 221 284
216 221 275 284
216 275 276 284
221 275 284 282
219 220 224 281
219 224 223 285
219 280 281 285
224 281 286 285
219 281 224 285
220 221 224 281
221 226 224 287
221 224 281 287
221 281 282 287
224 281 287 286
228 231 230 288
231 232 230 291
231 230 288 291
231 288 289 291
230 288 291 290
231 233 234 292
231 234 232 291
231 289 292 291
234 292 293 291
231 292 234 291
229 230 237 294
230 238 237 296
230 237 294 296
230 294 290 296
237 294 296 295
230 232 239 291
230 239 238 296
230 290 291 296
239 291 297 296
230 291 239 296
232 234 239 291
234 240 239 298
234 239 291 298
234 291 293 298
239 291 298 297
234 241 242 299
234 242 240 298
234 293 299 298
242 299 300 298
234 299 242 298
237 238 247 296
237 247 246 301
237 295 296 301
247 296 302 301
237 296 247 301
238 239 247 296
239 248 247 303
239 247 296 303
239 296 297 303
247 296 303 302
239 240 249 298
239 249 248 303
239 297 298 303
249 298 304 303
239 298 249 303
240 242 249 298
242 250 249 305
242 249 298 305
242 298 300 305
249 298 305 304
245 246 253 301
245 253 252 307
245 306 301 307
253 301 308 307
245 301 253 307
246 247 253 301
247 254 253 309
247 253 301 309
247 301 302 309
253 301 309 308
247 248 255 303
247 255 254 309
247 302 303 309
255 303 310 309
247 303 255 309
248 249 255 303
249 256 255 311
249 255 303 311
249 303 304 311
255 303 311 310
249 250 257 305
249 257 256 311
249 304 305 311
257 305 312 311
249 305 257 311
250 260 257 305
260 261 257 314
260 257 305 314
260 305 313 314
257 305 314 312
252 253 263 307
253 264 263 316
253 263 307 316
253 307 308 316
263 307 316 315
253 254 265 309
253 265 264 316
253 308 309 316
265 309 317 316
253 309 265 316
254 255 265 309
255 266 265 318
255 265 309 318
255 309 310 318
265 309 318 317
255 256 267 311
255 267 266 318
255 310 311 318
267 311 319 318
255 311 267 318
256 257 267 311
257 268 267 320
257 267 311 320
257 311 312 320
267 311 320 319
257 261 270 314
257 270 268 320
257 312 314 320
270 314 321 320
257 314 270 320
264 265 273 316
265 274 273 323
265 273 316 323
265 316 317 323
273 316 323 322
265 266 275 318
265 275 274 323
265 317 318 323
275 318 324 323
265 318 275 323
266 267 275 318
267 276 275 325
267 275 318 325
267 318 319 325
275 318 325 324
267 268 278 320
267 278 276 325
267 319 320 325
278 320 326 325
267 320 278 325
297 298 303 327
298 304 303 330
298 303 327 330
298 327 328 330
303 327 330 329
298 300 305 331
298 305 304 330
298 328 331 330
305 331 332 330
298 331 305 330
303 304 311 330
303 311 310 333
303 329 330 333
311 330 334 333
303 330 311 333
304 305 311 330
305 312 311 335
305 311 330 335
305 330 332 335
311 330 335 334

EDGES
0 1
0 2
0 3
0 4
0 5
0 6
1 3
1 5
2 3
2 6
3 5
3 6
3 7
4 5
4 6
4 8
4 12
4 18
5 6
5 7
5 8
5 9
5 11
5 12
5 13
5 14
5 15
5 17
5 23
5 24
6 7
6 12
6 18
6 19
6 21
6 22
6 23
6 34
6 35
6 37
6 38
7 23
7 24
7 38
8 9
8 10
8 11
8 12
9 11
9 14
10 11
10 12
10 55
10 72
10 88
11 12
11 13
11 14
11 16
11 17
11 55
11 56
11 59
11 60
11 72
11 73
11 92
12 13
12 18
12 20
12 21
12 22
12 23
12 72
12 88
12 90
12 91
12 92
12 100
13 17
13 23
13 92
14 15
14 16
14 17
15 17
15 24
15 26
16 17
16 60
16 73
16 74
17 23
17 24
17 25
17 26
17 28
17 29
17 73
17 74
17 92
17 93
18 19
18 20
18 21
19 21
19 34
20 21
20 88
20 90
21 22
21 34
21 36
21 37
21 90
21 99
21 100
21 104
22 23
22 37
22 100
23 24
23 25
23 37
23 38
23 39
23 41
23 92
23 100
23 106
24 25
24 26
24 27
24 29
24 38
24 40
24 41
25 29
25 41
25 92
26 27
26 28
26 29
26 30
26 31
26 32
27 29
27 31
28 29
28 32
28 74
28 93
29 31
29 32
29 33
29 41
29 92
29 93
29 101
29 107
29 108
30 31
30 32
31 32
31 33
32 33
32 74
32 76
32 77
32 78
32 93
32 94
32 95
32 96
32 101
32 102
33 101
33 102
34 35
34 36
34 37
35 37
35 38
36 37
36 104
36 109
37 38
37 39
37 100
37 104
37 105
37 106
37 109
37 110
37 112
37 113
38 39
38 40
38 41
39 41
39 106
39 113
40 41
41 92
41 106
41 107
41 108
41 113
41 115
41 116
41 117
42 43
42 44
42 46
43 44
43 45
43 46
43 47
43 49
43 50
43 51
43 52
44 45
44 46
44 48
44 49
44 54
44 55
44 56
44 57
44 59
44 60
45 49
45 51
45 60
46 47
46 48
46 49
46 125
46 126
46 127
47 49
47 52
47 126
48 49
48 57
48 59
48 127
49 51
49 52
49 53
49 59
49 60
49 61
49 63
49 126
49 127
49 128
49 130
49 146
50 51
50 52
51 52
51 53
51 60
51 62
51 63
51 64
51 65
51 66
52 53
52 66
52 126
52 129
52 130
52 131
52 132
53 63
53 66
53 130
54 55
54 57
55 56
55 57
55 58
55 59
55 72
56 59
56 60
57 58
57 59
57 127
57 137
57 138
58 59
58 72
58 138
59 60
59 61
59 72
59 73
59 127
59 138
59 139
59 146
60 61
60 62
60 63
60 73
60 74
61 63
61 73
61 146
62 63
62 65
62 74
63 65
63 66
63 67
63 73
63 74
63 75
63 77
63 130
63 140
63 146
64 65
64 66
64 68
65 66
65 67
65 68
65 69
65 71
65 74
65 76
65 77
65 78
66 67
66 68
66 70
66 71
66 130
66 131
66 132
66 133
66 134
66 136
66 140
67 71
67 77
67 140
68 69
68 70
68 71
69 71
69 78
69 80
70 71
70 134
70 136
70 142
71 77
71 78
71 79
71 80
71 82
71 83
71 136
71 140
71 141
71 142
71 144
71 147
72 73
72 88
72 89
72 90
72 91
72 92
72 138
72 145
72 146
72 151
72 153
73 74
73 75
73 92
73 93
73 140
73 146
73 154
74 75
74 76
74 77
74 93
75 77
75 93
75 140
76 77
76 78
77 78
77 79
77 93
77 94
77 96
77 140
77 147
77 155
78 79
78 80
78 81
78 83
78 95
78 96
78 97
79 83
79 96
79 147
80 81
80 82
80 83
80 84
80 85
80 86
81 83
81 85
81 97
82 83
82 86
82 142
82 144
83 85
83 86
83 87
83 96
83 97
83 98
83 144
83 147
83 148
83 150
83 157
83 158
84 85
84 86
85 86
85 87
86 87
86 144
86 149
86 150
87 150
87 158
88 89
88 90
89 90
89 151
90 91
90 99
90 100
90 151
90 152
90 153
90 160
91 92
91 100
91 153
92 93
92 100
92 106
92 108
92 146
92 153
92 154
92 155
92 167
93 94
93 101
93 108
93 140
93 154
93 155
94 96
94 101
94 155
95 96
95 97
95 102
96 97
96 98
96 101
96 102
96 103
96 147
96 155
96 156
96 157
96 162
96 163
97 98
98 157
98 158
98 163
99 100
99 104
99 160
100 104
100 105
100 106
100 153
100 154
100 160
100 161
100 166
101 102
101 103
101 108
101 155
101 162
101 169
101 170
101 171
102 103
103 162
103 163
103 171
104 105
104 109
104 111
104 112
104 160
104 165
104 166
104 173
105 106
105 112
105 166
106 108
106 112
106 113
106 114
106 116
106 154
106 166
106 167
106 175
107 108
107 117
108 116
108 117
108 118
108 155
108 167
108 168
108 169
108 170
108 177
108 178
109 110
109 111
109 112
110 112
110 113
110 119
111 112
111 173
112 113
112 114
112 119
112 121
112 122
112 166
112 173
112 174
112 175
112 180
113 114
113 115
113 116
113 119
113 120
113 122
113 123
114 116
114 122
114 175
115 116
115 117
115 123
116 117
116 118
116 122
116 123
116 124
116 167
116 175
116 176
116 177
116 182
116 183
117 118
118 177
118 178
118 183
119 120
119 121
119 122
120 122
120 123
121 122
121 180
122 123
122 124
122 175
122 180
122 181
122 182
123 124
124 182
124 183
125 126
125 127
125 185
126 127
126 128
126 129
126 130
126 185
126 186
126 188
126 189
127 128
127 137
127 138
127 139
127 146
127 185
127 187
127 188
127 195
127 197
128 130
128 146
128 188
129 130
129 132
129 189
130 132
130 133
130 140
130 146
130 188
130 189
130 190
130 192
131 132
131 134
132 133
132 134
132 135
132 136
132 189
132 191
132 192
132 193
133 136
133 140
133 192
134 135
134 136
135 136
135 193
136 140
136 141
136 142
136 143
136 144
136 192
136 193
136 194
136 198
136 199
137 138
137 195
138 139
138 145
138 146
138 195
138 196
138 197
138 201
139 146
139 197
140 141
140 146
140 147
140 154
140 155
140 188
140 190
140 192
140 198
140 203
140 207
140 230
140 237
140 238
140 239
140 247
140 248
140 249
140 255
141 144
141 147
141 198
142 143
142 144
143 144
143 199
144 147
144 148
144 149
144 150
144 198
144 199
144 200
144 204
145 146
145 151
145 153
145 201
146 153
146 154
146 155
146 188
146 197
146 201
146 202
146 206
146 237
146 245
146 246
146 247
146 253
147 148
147 155
147 156
147 157
147 198
147 203
147 204
147 207
148 150
148 157
148 204
149 150
150 157
150 158
150 159
151 152
151 153
152 153
152 160
153 154
153 160
153 161
153 201
153 205
153 206
153 209
154 155
154 161
154 166
154 167
154 168
154 206
154 209
154 210
154 214
154 253
154 263
154 264
154 265
154 273
155 156
155 162
155 167
155 168
155 170
155 207
155 211
155 215
155 216
155 247
155 253
155 254
155 255
155 265
155 266
155 267
155 275
156 157
156 162
156 207
157 158
157 159
157 162
157 163
157 164
157 204
157 207
157 208
157 212
158 159
160 161
160 165
160 166
161 166
161 209
162 163
162 164
162 170
162 171
162 172
162 207
162 211
162 212
162 216
163 164
164 212
165 166
165 173
166 167
166 173
166 174
166 175
166 209
166 213
166 214
166 217
167 168
167 175
167 176
167 177
167 214
167 219
167 273
168 170
168 177
168 215
168 219
168 220
168 221
168 265
168 273
168 274
168 275
168 281
169 170
169 171
169 178
170 171
170 172
170 177
170 178
170 179
170 215
170 216
170 221
171 172
172 216
173 174
174 175
174 180
174 217
175 176
175 180
175 181
175 182
175 214
175 217
175 218
175 219
175 222
176 177
176 182
176 219
177 178
177 179
177 182
177 183
177 184
177 219
177 220
177 221
177 224
177 225
178 179
179 221
179 225
180 181
181 182
181 222
182 183
182 184
182 219
182 222
182 223
182 224
183 184
184 224
184 225
185 186
185 187
185 188
186 188
186 189
186 227
187 188
187 195
187 197
187 235
188 189
188 190
188 197
188 227
188 229
188 230
188 235
188 237
189 190
189 191
189 192
189 227
189 228
189 230
189 231
190 192
190 230
191 192
191 193
191 231
192 193
192 194
192 198
192 230
192 231
192 232
192 234
192 239
193 194
193 231
193 233
193 234
194 198
194 199
194 234
195 196
195 197
196 197
196 201
196 243
197 201
197 202
197 235
197 236
197 237
197 243
197 245
198 199
198 200
198 203
198 204
198 234
198 239
198 240
198 242
198 249
199 200
199 234
199 241
199 242
200 204
200 242
201 202
201 205
201 206
201 243
201 244
201 245
201 251
202 206
202 245
203 204
203 207
203 249
204 207
204 208
204 242
204 249
204 250
204 257
204 258
204 259
204 260
205 206
205 209
205 251
206 209
206 210
206 245
206 251
206 252
206 253
206 263
207 208
207 211
207 212
207 249
207 255
207 256
207 257
207 267
208 212
208 257
208 259
209 210
209 213
209 214
209 251
209 262
209 263
209 271
210 214
210 263
211 212
211 216
211 267
212 216
212 257
212 259
212 267
212 268
212 269
212 270
212 277
212 278
213 214
213 217
213 271
214 217
214 218
214 219
214 263
214 271
214 272
214 273
214 279
215 216
215 221
215 275
216 221
216 267
216 275
216 276
216 277
216 278
216 283
216 284
217 218
218 219
218 222
218 279
219 220
219 222
219 223
219 224
219 273
219 279
219 280
219 281
219 285
220 221
220 224
220 281
221 224
221 225
221 226
221 275
221 281
221 282
221 283
221 284
221 287
222 223
223 224
223 285
224 225
224 226
224 281
224 285
224 286
224 287
225 226
226 287
227 228
227 229
227 230
228 230
228 231
228 288
229 230
229 235
229 237
229 294
230 231
230 232
230 237
230 238
230 239
230 288
230 290
230 291
230 294
230 296
231 232
231 233
231 234
231 288
231 289
231 291
231 292
232 234
232 239
232 291
233 234
233 292
234 239
234 240
234 241
234 242
234 291
234 292
234 293
234 298
234 299
235 236
235 237
236 237
236 243
236 245
237 238
237 245
237 246
237 247
237 294
237 295
237 296
237 301
238 239
238 247
238 296
239 240
239 247
239 248
239 249
239 291
239 296
239 297
239 298
239 303
240 242
240 249
240 298
241 242
241 299
242 249
242 250
242 298
242 299
242 300
242 305
243 244
243 245
244 245
244 251
245 246
245 251
245 252
245 253
245 301
245 306
245 307
246 247
246 253
246 301
247 248
247 253
247 254
247 255
247 296
247 301
247 302
247 303
247 309
248 249
248 255
248 303
249 250
249 255
249 256
249 257
249 298
249 303
249 304
249 305
249 311
250 257
250 260
250 305
251 252
251 262
251 263
252 253
252 263
252 307
253 254
253 263
253 264
253 265
253 301
253 307
253 308
253 309
253 316
254 255
254 265
254 309
255 256
255 265
255 266
255 267
255 303
255 309
255 310
255 311
255 318
256 257
256 267
256 311
257 259
257 260
257 261
257 267
257 268
257 270
257 305
257 311
257 312
257 314
257 320
258 259
258 260
259 260
259 261
259 269
259 270
260 261
260 305
260 313
260 314
261 270
261 314
262 263
262 271
263 264
263 271
263 272
263 273
263 307
263 315
263 316
264 265
264 273
264 316
265 266
265 273
265 274
265 275
265 309
265 316
265 317
265 318
265 323
266 267
266 275
266 318
267 268
267 275
267 276
267 278
267 311
267 318
267 319
267 320
267 325
268 270
268 278
268 320
269 270
270 314
270 320
270 321
271 272
272 273
272 279
273 274
273 279
273 280
273 281
273 316
273 322
273 323
274 275
274 281
274 323
275 276
275 281
275 282
275 284
275 318
275 323
275 324
275 325
276 278
276 284
276 325
277 278
278 320
278 325
278 326
279 280
280 281
280 285
281 282
281 285
281 286
281 287
282 284
282 287
283 284
285 286
286 287
288 289
288 290
288 291
289 291
289 292
290 291
290 294
290 296
291 292
291 293
291 296
291 297
291 298
292 293
293 298
293 299
294 295
294 296
295 296
295 301
296 297
296 301
296 302
296 303
297 298
297 303
297 327
298 299
298 300
298 303
298 304
298 305
298 327
298 328
298 330
298 331
299 300
300 305
300 331
301 302
301 306
301 307
301 308
301 309
302 303
302 309
303 304
303 309
303 310
303 311
303 327
303 329
303 330
303 333
304 305
304 311
304 330
305 311
305 312
305 313
305 314
305 330
305 331
305 332
305 335
306 307
307 308
307 315
307 316
308 309
308 316
309 310
309 316
309 317
309 318
310 311
310 318
310 333
311 312
311 318
311 319
311 320
311 330
311 333
311 334
311 335
312 314
312 320
312 335
313 314
314 320
314 321
315 316
316 317
316 322
316 323
317 318
317 323
318 319
318 323
318 324
318 325
319 320
319 325
320 321
320 325
320 326
322 323
323 324
324 325
325 326
327 328
327 329
327 330
328 330
328 331
329 330
329 333
330 331
330 332
330 333
330 334
330 335
331 332
332 335
333 334
334 335

SURFACE_TRIANGLES
330 335 334
311 335 312
305 312 335
330 334 333
329 330 333
303 333 310
305 332 331
328 331 330
300 305 331
298 300 331
327 330 329
327 328 330
298 328 327
297 298 327
320 326 325
278 326 320
319 320 325
316 323 322
273 322 323
264 316 273
312 314 320
261 270 314
311 312 320
309 318 317
309 310 318
309 317 316
263 307 315
263 316 264
252 307 263
302 303 309
301 308 307
301 307 306
245 246 301
242 305 300
296 297 303
296 302 301
237 295 301
293 299 298
234 299 293
241 242 299
234 241 299
291 298 297
291 297 296
290 291 296
294 296 295
237 294 295
230 290 294
318 325 324
229 230 294
234 293 292
233 234 292
231 233 292
230 288 290
268 320 270
228 288 230
281 282 287
281 286 285
224 285 286
280 281 285
219 280 285
223 285 224
224 286 287
275 284 282
216 283 284
215 221 216
275 282 281
274 275 281
273 280 279
272 273 279
218 279 219
214 279 218
211 216 212
245 306 307
263 264 273
214 271 272
262 263 271
213 271 214
209 271 213
212 268 270
212 269 259
273 316 322
216 221 283
251 263 262
205 251 209
259 261 260
318 319 325
204 208 259
258 259 260
311 333 334
245 252 251
244 245 251
301 302 309
201 244 251
201 251 205
204 250 242
200 204 242
260 313 305
204 258 260
236 237 245
201 243 244
236 245 243
197 236 243
196 243 201
196 197 243
199 242 241
199 200 242
194 199 234
216 276 278
188 229 235
270 320 321
281 287 286
289 292 291
187 235 197
193 234 233
237 301 246
193 194 234
189 231 228
298 299 300
189 191 231
227 230 229
189 228 227
263 273 272
186 189 227
221 225 226
184 224 225
179 225 221
245 301 306
182 223 224
182 224 184
311 319 318
219 223 222
218 219 222
273 281 280
316 317 323
175 222 181
219 285 223
245 307 252
170 221 215
175 217 218
170 179 221
166 213 217
174 217 175
166 217 174
162 216 211
170 216 172
162 172 216
214 218 217
209 262 271
162 211 212
157 212 208
162 212 164
243 245 244
237 246 245
157 208 204
275 323 324
186 227 188
145 201 153
144 204 200
144 148 204
41 115 117
107 117 108
42 43 46
90 151 152
274 323 275
162 164 163
177 183 184
37 110 113
72 138 145
37 109 110
157 163 164
221 287 282
21 104 36
65 69 68
96 102 103
54 57 55
29 107 108
95 102 96
270 321 314
80 84 86
291 292 293
242 300 299
318 324 323
216 278 277
36 104 109
132 135 193
303 329 333
81 97 83
288 289 291
109 111 112
104 111 109
32 78 76
29 41 107
64 65 68
235 237 236
17 28 74
25 41 29
311 320 319
157 159 158
113 120 123
278 325 326
275 276 284
10 72 88
115 123 116
138 201 145
27 29 31
84 85 86
82 144 142
291 293 298
80 85 84
250 260 305
116 118 117
229 237 235
69 78 80
212 270 269
65 76 78
65 78 69
24 38 40
288 291 290
62 74 65
259 270 261
80 86 82
44 48 57
95 96 97
11 16 60
43 51 50
52 129 126
85 87 86
11 60 56
224 226 225
169 178 170
118 183 177
314 321 320
109 112 110
70 136 134
298 331 328
136 143 199
60 74 62
136 142 143
182 222 223
17 26 28
144 200 199
24 29 27
83 97 98
112 180 121
221 282 284
8 9 11
29 108 93
122 124 123
57 127 137
30 31 32
78 95 97
26 30 32
20 88 90
5 14 9
70 142 136
112 173 174
193 233 231
33 101 102
5 9 8
18 21 19
26 32 28
24 25 29
104 165 173
187 188 235
32 102 95
46 125 127
8 11 10
251 252 263
43 47 46
6 19 34
72 89 88
26 31 30
276 325 278
260 261 314
170 215 216
16 17 74
44 60 45
305 313 314
46 47 126
228 231 288
120 122 123
295 296 301
162 171 172
10 88 12
19 21 34
29 33 31
42 46 44
5 24 15
4 18 6
21 36 34
165 166 173
5 7 24
45 60 51
0 2 3
214 272 279
157 164 212
55 58 72
41 117 107
208 212 259
51 53 52
10 55 72
88 89 90
4 8 12
0 3 1
9 14 11
15 24 26
12 20 18
21 99 104
132 134 135
24 40 41
330 331 332
90 160 99
317 318 323
4 5 8
68 71 70
310 311 318
177 225 179
330 332 335
108 178 169
86 149 144
69 80 71
6 38 7
50 51 52
303 310 309
32 95 78
8 10 12
4 12 18
209 251 262
6 18 19
131 134 132
303 327 329
44 54 55
81 83 85
212 277 278
6 35 38
39 113 41
32 76 74
44 46 48
64 68 66
129 132 189
0 1 5
7 38 24
11 14 16
55 57 58
29 101 33
12 88 20
136 199 194
31 33 32
177 179 178
307 308 316
263 272 271
153 201 205
83 158 87
224 287 226
101 103 102
38 41 40
51 65 64
38 39 41
41 113 115
170 172 171
42 44 43
43 44 45
86 150 149
263 315 316
197 235 236
66 134 131
51 60 62
96 103 163
43 50 52
43 45 51
48 127 57
18 20 21
268 278 320
24 41 25
43 52 47
44 57 54
116 183 118
216 284 276
188 227 229
3 6 7
51 64 66
101 169 171
110 112 119
44 56 60
103 162 163
51 62 65
135 136 193
51 66 53
5 15 14
78 81 80
127 185 187
98 157 158
204 259 258
3 7 5
112 121 119
14 17 16
137 195 138
66 68 70
103 171 162
0 4 6
11 56 55
10 11 55
161 209 166
115 116 117
273 323 274
297 327 303
108 117 118
113 119 120
119 122 120
110 119 113
221 284 283
113 123 115
144 150 148
116 123 124
46 126 125
52 131 132
83 87 85
14 15 17
47 52 126
34 36 37
166 174 173
37 113 39
71 80 82
52 66 131
29 93 101
46 127 48
52 53 66
65 74 76
6 34 35
66 70 134
96 163 98
134 136 135
96 98 97
57 138 58
273 274 281
153 205 209
153 209 161
52 132 129
34 37 35
195 197 196
310 333 311
83 98 158
70 71 142
71 82 142
142 144 143
58 138 72
28 32 74
204 260 250
231 289 288
37 39 38
169 170 171
82 86 144
80 81 85
166 209 213
219 279 280
0 5 4
26 27 31
86 87 150
144 149 150
296 303 302
72 151 89
89 151 90
72 145 151
145 153 151
151 153 152
119 121 122
44 55 56
307 316 315
231 292 289
20 90 21
260 314 313
177 184 225
259 269 270
305 335 332
90 152 160
199 241 234
275 324 325
0 6 2
275 325 276
229 294 237
143 144 199
212 216 277
87 158 150
148 150 157
126 189 186
150 158 159
212 278 268
150 159 157
118 177 178
191 193 231
35 37 38
98 163 157
68 69 71
101 108 169
99 160 104
160 161 166
104 160 165
160 166 165
242 250 305
148 157 204
290 296 294
213 214 217
93 108 101
16 74 60
311 334 335
101 171 103
132 193 191
2 6 3
104 173 111
305 314 312
111 173 112
301 309 308
125 126 185
175 218 222
21 90 99
227 228 230
24 27 26
108 118 178
221 226 287
125 185 127
170 178 179
121 180 122
112 174 180
174 175 180
122 181 182
122 180 181
175 181 180
122 182 124
152 153 160
116 124 183
124 182 183
182 184 183
32 33 102
126 186 185
185 186 188
185 188 187
126 129 189
78 97 81
57 137 138
132 191 189
136 194 193
308 309 316
187 197 195
127 195 137
127 187 195
36 109 37
138 195 196
1 3 5
15 26 17
153 161 160
181 222 182
138 196 201
