VERTICES
-2.28699 -0.61793 -1.12801
-2.35928 -0.651259 -0.544715
-2.28182 -0.571878 0.136753
-2.18529 -0.495852 0.642896
-2.40203 0.177305 -2.15428
-2.5016 -0.0615261 -1.5166
-2.60629 0.0290441 -0.664543
-2.56993 0.0426703 0.0680602
-2.33185 0.0674448 0.658917
-2.27469 1.09766 -2.81268
-2.47262 0.810952 -2.40729
-2.66868 0.834241 -1.58286
-2.77063 0.835167 -0.764686
-2.67618 0.865235 -0.00371665
-2.47678 0.890326 0.661316
-2.29718 1.45898 -2.82029
-2.43478 1.66903 -2.40491
-2.68322 1.68406 -1.6615
-2.73914 1.70388 -0.826297
-2.68501 1.74237 -0.0387579
-2.43793 1.74992 0.567167
-2.41042 2.23097 -2.24165
-2.49494 2.45238 -1.67626
-2.63061 2.4885 -0.855709
-2.46774 2.54027 -0.0521678
-2.36433 2.36464 0.486294
-2.39584 2.91937 -1.42865
-2.38673 2.96195 -0.866948
-2.36918 2.99471 -0.307174
-1.30809 -1.41516 -0.989512
-1.40699 -1.50091 -0.435405
-1.39273 -1.39435 0.262653
-1.36128 -1.26806 0.797271
-1.40189 -0.4786 -2.77369
-1.51315 -0.653511 -2.37918
-1.73541 -0.988274 -1.48628
-1.91001 -1.12232 -0.505851
-1.89565 -1.05853 0.238061
-1.67271 -0.761671 0.956807
-1.40749 -0.520908 1.43441
-1.5754 -0.0584509 -2.87419
-2.01223 -0.182142 -2.47666
-2.13896 -0.456906 -1.90423
-1.76922 0.0105548 -0.513013
-1.771 0.052953 0.290324
-1.97654 0.037379 1.15264
-1.49326 0.0936348 1.51284
-1.88519 0.72206 -2.98841
-2.16635 0.389135 -2.70938
-1.81661 0.769988 -1.35878
-1.81839 0.812386 -0.555441
-1.82017 0.854784 0.247896
-2.08265 0.920951 1.15585
-1.59392 0.952676 1.55676
-1.96193 1.5902 -2.907
-2.21219 1.92664 -2.68161
-1.86577 1.57182 -1.40121
-1.86756 1.61422 -0.597869
-1.86934 1.65662 0.205469
-2.0863 1.80522 1.05567
-1.59799 1.7767 1.41602
-1.90166 2.07638 -2.84222
-2.06399 2.40908 -2.41932
-2.26501 2.7198 -1.9754
-1.91673 2.41605 -0.640296
-2.19399 2.86375 0.261301
-1.89793 2.6058 0.75739
-1.5868 2.34106 1.27161
-1.94672 2.88807 -2.1358
-2.0378 3.02161 -1.6425
-1.98558 3.2561 -0.860665
-1.95342 3.15435 -0.0717385
-1.7458 3.1104 0.451199
-0.807427 -1.4905 -1.09789
-0.766541 -1.61976 -0.414916
-0.786642 -1.61364 0.30756
-0.826466 -1.33304 1.00881
-0.59436 -1.1688 1.45071
-1.0764 -0.448637 -2.77561
-1.0217 -0.785675 -2.39991
-0.924456 -1.10967 -1.7454
-0.917099 -0.742081 -0.471402
-0.918879 -0.699683 0.331935
-1.17682 -1.02314 1.25792
-0.863642 -0.699661 1.55583
-1.1389 -0.00395232 -3.00044
-0.962703 -0.0250468 -2.1205
-0.964486 0.0173516 -1.31717
-0.966268 0.0597498 -0.513829
-0.968048 0.102148 0.289508
-0.969829 0.144545 1.09284
-0.89026 0.105865 1.7808
-1.2541 0.701585 -3.05112
-1.01187 0.776785 -2.16293
-1.01366 0.819183 -1.35959
-1.01544 0.861581 -0.556257
-1.01722 0.903979 0.24708
-1.019 0.946377 1.05042
-0.931311 0.984015 1.77174
-1.31413 1.53705 -3.01456
-1.01627 1.92582 -2.7765
-1.06282 1.62102 -1.40202
-1.06461 1.66341 -0.598683
-1.06639 1.70581 0.204653
-1.06817 1.74821 1.00799
-1.0103 1.80597 1.66071
-1.60112 2.06346 -2.85208
-1.32591 2.49044 -2.4926
-1.0014 2.87642 -1.99618
-1.11377 2.46524 -0.641111
-1.11556 2.50764 0.162226
-1.19368 2.90765 0.985825
-1.08627 2.42114 1.37168
-1.63606 2.91595 -2.12348
-1.35385 3.18899 -1.63847
-1.31655 3.38082 -0.824366
-1.27786 3.43264 -0.0891851
-1.22256 3.23785 0.493954
-0.125264 -1.35776 -1.04328
-0.0256247 -1.60424 -0.427364
0.00815707 -1.63551 0.31475
0.0045976 -1.5265 1.02633
0.0166219 -1.17617 1.50468
-0.75727 -0.398832 -2.76472
-0.587363 -0.521519 -2.40088
-0.191387 -0.83256 -1.71107
-0.114147 -0.692887 -0.472218
-0.115928 -0.650489 0.331118
-0.117708 -0.608091 1.13446
-0.0447534 -0.639137 1.80361
-0.732325 0.0441409 -2.83556
-0.339422 0.0281609 -2.48225
0.107899 0.012942 -1.93009
-0.163316 0.108944 -0.514645
-0.165097 0.151342 0.288691
-0.166877 0.19374 1.09203
-0.0865743 0.158983 1.90476
-0.733991 0.676911 -2.92522
-0.316386 0.767115 -2.50782
0.171682 0.841969 -1.9849
-0.212485 0.910776 -0.557072
-0.214266 0.953174 0.246264
-0.216047 0.995571 1.0496
-0.15587 1.02576 1.89973
-0.820172 1.22917 -2.90184
-0.525882 1.61987 -2.55254
0.0261194 1.69131 -1.94355
-0.261655 1.71261 -0.5995
-0.263436 1.75501 0.203837
-0.265216 1.7974 1.00717
-0.265304 1.83108 1.7122
-0.674648 2.27528 -2.30408
-0.343668 2.65188 -1.71498
-0.0890219 3.03249 -1.08763
-0.312606 2.55684 0.16141
-0.470516 2.97661 1.00456
-0.411797 2.50755 1.45149
-0.751394 3.18415 -1.37351
-0.504882 3.37047 -0.771029
-0.566015 3.45026 -0.0604998
-0.542978 3.34819 0.521086
0.408401 -1.25074 -0.939032
0.813107 -1.33929 -0.438905
0.879615 -1.60707 0.334597
0.891885 -1.51015 1.02854
0.878985 -1.18631 1.57824
0.499272 -0.757772 -1.20401
1.07234 -0.752639 -0.832605
0.687025 -0.601294 0.330301
0.685245 -0.558896 1.13364
0.842429 -0.565437 1.86316
0.648755 0.00715071 -1.4232
1.15931 0.0139366 -1.04002
0.637855 0.200537 0.287873
0.636075 0.242935 1.09121
0.796006 0.204109 1.98104
0.785877 0.859791 -1.42602
1.16956 0.600526 -1.13016
0.588686 1.00237 0.245447
0.586906 1.04477 1.04878
0.74637 1.04526 1.88073
0.639699 1.77301 -1.3951
0.883409 2.19288 -0.956929
0.539515 1.8042 0.20302
0.97405 2.37003 1.19496
0.666286 1.94423 1.60946
0.298633 2.41688 -1.34049
0.518866 2.80629 -0.710273
0.611267 2.9956 0.0676488
0.435817 2.86482 0.824849
0.17045 2.4877 1.3743
0.0542358 3.26436 -0.432457
0.072683 3.34978 0.0170258
-0.0291572 3.26807 0.435266
1.75242 -1.263 -0.169251
1.76492 -1.49072 0.418164
1.77962 -1.46551 1.0637
1.75353 -1.10206 1.56357
1.77031 -0.665609 -0.516236
1.48998 -0.5521 0.329483
1.4882 -0.509701 1.13282
1.73346 -0.527117 1.88993
1.71847 0.0928408 -0.730917
1.44081 0.249731 0.287056
1.43903 0.29213 1.09039
1.69739 0.25012 1.95603
1.16078 1.11103 -1.16613
1.53771 0.884127 -0.85668
1.39164 1.05156 0.244629
1.38986 1.09396 1.04797
1.6744 1.04459 1.8587
1.09924 1.4854 -1.10695
1.44054 1.83916 -0.590618
1.73895 2.17202 0.202446
1.63323 2.21494 0.924842
1.675 1.70545 1.52364
1.10646 2.50608 -0.337762
1.19104 2.6395 0.121982
1.13354 2.6112 0.578046
2.53597 -1.16178 0.0313794
2.60624 -1.37104 0.482741
2.58578 -1.30769 1.05972
2.54907 -1.04512 1.56526
2.58406 -0.616762 -0.23119
3.01296 -0.247314 -0.0634278
2.29115 -0.460507 1.132
2.55555 -0.445444 1.8172
2.35242 0.193942 -0.39229
2.94872 0.30016 -0.0705072
2.24198 0.341324 1.08958
2.5632 0.300544 1.91576
2.2239 0.912219 -0.40478
2.82362 0.962466 0.0266218
2.19281 1.14316 1.04715
2.53104 1.03404 1.77816
2.07927 1.46503 -0.255087
2.5274 1.67171 0.295762
2.52164 1.85821 0.964424
2.52427 1.61745 1.48216
3.03301 -1.14135 0.131004
3.28049 -1.06559 0.506883
3.37377 -1.08529 1.09715
3.09335 -0.932784 1.4992
3.04365 -0.880682 0.044971
3.39902 -0.525492 0.247978
3.66189 -0.717444 1.35476
3.36744 -0.422791 1.66697
3.44946 0.30024 0.292356
3.04493 0.390519 1.08876
3.28518 0.371781 1.7506
3.39814 0.998118 0.388756
2.99576 1.19235 1.04633
3.26934 1.05926 1.67795
3.27396 1.48547 0.648199
3.24515 1.69999 1.04437
3.21705 1.50987 1.41139
3.73279 -0.87459 0.678029
3.75123 -0.855947 0.913569
3.78777 -0.401373 0.679657
3.92023 -0.400371 1.13829
3.78582 -0.0931323 1.48965
3.85271 0.320903 0.687311
3.948 0.378003 1.12144
3.8063 0.438762 1.51708
3.753 0.994924 0.74461
3.89818 1.04393 1.11201
3.70825 1.03896 1.43799
3.66722 1.42353 0.802078
3.65987 1.44819 1.08443
3.64045 1.45164 1.36326
TETRAHEDRA
0 35 42 36
0 42 5 6
0 1 36 6
42 36 43 6
0 36 42 6
1 36 6 2
36 43 6 44
36 6 2 44
36 2 37 44
6 2 44 7
2 37 44 38
2 44 7 8
2 3 38 8
44 38 45 8
2 38 44 8
4 41 48 42
4 48 10 11
4 5 42 11
48 42 49 11
4 42 48 11
5 42 11 6
42 49 11 50
42 11 6 50
42 6 43 50
11 6 50 12
6 43 50 44
6 50 12 13
6 7 44 13
50 44 51 13
6 44 50 13
7 44 13 8
44 51 13 52
44 13 8 52
44 8 45 52
13 8 52 14
9 47 54 48
9 54 15 16
9 10 48 16
54 48 55 16
9 48 54 16
10 48 16 11
48 55 16 56
48 16 11 56
48 11 49 56
16 11 56 17
11 49 56 50
11 56 17 18
11 12 50 18
56 50 57 18
11 50 56 18
12 50 18 13
50 57 18 58
50 18 13 58
50 13 51 58
18 13 58 19
13 51 58 52
13 58 19 20
13 14 52 20
58 52 59 20
13 52 58 20
16 55 62 56
16 62 21 22
16 17 56 22
62 56 63 22
16 56 62 22
17 56 22 18
56 63 22 64
56 22 18 64
56 18 57 64
22 18 64 23
18 57 64 58
18 64 23 24
18 19 58 24
64 58 65 24
18 58 64 24
19 58 24 20
58 65 24 66
58 24 20 66
58 20 59 66
24 20 66 25
22 63 69 64
22 69 26 27
22 23 64 27
69 64 70 27
22 64 69 27
23 64 27 24
64 70 27 71
64 27 24 71
64 24 65 71
27 24 71 28
29 73 80 74
29 80 35 36
29 30 74 36
80 74 81 36
29 74 80 36
30 74 36 31
74 81 36 82
74 36 31 82
74 31 75 82
36 31 82 37
31 75 82 76
31 82 37 38
31 32 76 38
82 76 83 38
31 76 82 38
33 78 40 34
78 85 40 86
78 40 34 86
78 34 79 86
40 34 86 41
34 79 86 80
34 86 41 42
34 35 80 42
86 80 87 42
34 80 86 42
35 80 42 36
80 87 42 88
80 42 36 88
80 36 81 88
42 36 88 43
36 81 88 82
36 88 43 44
36 37 82 44
88 82 89 44
36 82 88 44
37 82 44 38
82 89 44 90
82 44 38 90
82 38 83 90
44 38 90 45
38 83 90 84
38 90 45 46
38 39 84 46
90 84 91 46
38 84 90 46
40 85 92 86
40 92 47 48
40 41 86 48
92 86 93 48
40 86 92 48
41 86 48 42
86 93 48 94
86 48 42 94
86 42 87 94
48 42 94 49
42 87 94 88
42 94 49 50
42 43 88 50
94 88 95 50
42 88 94 50
43 88 50 44
88 95 50 96
88 50 44 96
88 44 89 96
50 44 96 51
44 89 96 90
44 96 51 52
44 45 90 52
96 90 97 52
44 90 96 52
45 90 52 46
90 97 52 98
90 52 46 98
90 46 91 98
52 46 98 53
47 92 54 48
92 99 54 100
92 54 48 100
92 48 93 100
54 48 100 55
48 93 100 94
48 100 55 56
48 49 94 56
100 94 101 56
48 94 100 56
49 94 56 50
94 101 56 102
94 56 50 102
94 50 95 102
56 50 102 57
50 95 102 96
50 102 57 58
50 51 96 58
102 96 103 58
50 96 102 58
51 96 58 52
96 103 58 104
96 58 52 104
96 52 97 104
58 52 104 59
52 97 104 98
52 104 59 60
52 53 98 60
104 98 105 60
52 98 104 60
54 99 106 100
54 106 61 62
54 55 100 62
106 100 107 62
54 100 106 62
55 100 62 56
100 107 62 108
100 62 56 108
100 56 101 108
62 56 108 63
56 101 108 102
56 108 63 64
56 57 102 64
108 102 109 64
56 102 108 64
57 102 64 58
102 109 64 110
102 64 58 110
102 58 103 110
64 58 110 65
58 103 110 104
58 110 65 66
58 59 104 66
110 104 111 66
58 104 110 66
59 104 66 60
104 111 66 112
104 66 60 112
104 60 105 112
66 60 112 67
62 107 113 108
62 113 68 69
62 63 108 69
113 108 114 69
62 108 113 69
63 108 69 64
108 114 69 115
108 69 64 115
108 64 109 115
69 64 115 70
64 109 115 110
64 115 70 71
64 65 110 71
115 110 116 71
64 110 115 71
65 110 71 66
110 116 71 117
110 71 66 117
110 66 111 117
71 66 117 72
73 118 80 74
118 125 80 126
118 80 74 126
118 74 119 126
80 74 126 81
74 119 126 120
74 126 81 82
74 75 120 82
126 120 127 82
74 120 126 82
75 120 82 76
120 127 82 128
120 82 76 128
120 76 121 128
82 76 128 83
76 121 128 122
76 128 83 84
76 77 122 84
128 122 129 84
76 122 128 84
78 123 130 124
78 130 85 86
78 79 124 86
130 124 131 86
78 124 130 86
79 124 86 80
124 131 86 132
124 86 80 132
124 80 125 132
86 80 132 87
80 125 132 126
80 132 87 88
80 81 126 88
132 126 133 88
80 126 132 88
81 126 88 82
126 133 88 134
126 88 82 134
126 82 127 134
88 82 134 89
82 127 134 128
82 134 89 90
82 83 128 90
134 128 135 90
82 128 134 90
83 128 90 84
128 135 90 136
128 90 84 136
128 84 129 136
90 84 136 91
85 130 92 86
130 137 92 138
130 92 86 138
130 86 131 138
92 86 138 93
86 131 138 132
86 138 93 94
86 87 132 94
138 132 139 94
86 132 138 94
87 132 94 88
132 139 94 140
132 94 88 140
132 88 133 140
94 88 140 95
88 133 140 134
88 140 95 96
88 89 134 96
140 134 141 96
88 134 140 96
89 134 96 90
134 141 96 142
134 96 90 142
134 90 135 142
96 90 142 97
90 135 142 136
90 142 97 98
90 91 136 98
142 136 143 98
90 136 142 98
92 137 144 138
92 144 99 100
92 93 138 100
144 138 145 100
92 138 144 100
93 138 100 94
138 145 100 146
138 100 94 146
138 94 139 146
100 94 146 101
94 139 146 140
94 146 101 102
94 95 140 102
146 140 147 102
94 140 146 102
95 140 102 96
140 147 102 148
140 102 96 148
140 96 141 148
102 96 148 103
96 141 148 142
96 148 103 104
96 97 142 104
148 142 149 104
96 142 148 104
97 142 104 98
142 149 104 150
142 104 98 150
142 98 143 150
104 98 150 105
100 145 151 146
100 151 107 108
100 101 146 108
151 146 152 108
100 146 151 108
101 146 108 102
146 152 108 153
146 108 102 153
146 102 147 153
108 102 153 109
102 147 153 148
102 153 109 110
102 103 148 110
153 148 154 110
102 148 153 110
103 148 110 104
148 154 110 155
148 110 104 155
148 104 149 155
110 104 155 111
104 149 155 150
104 155 111 112
104 105 150 112
155 150 156 112
104 150 155 112
108 152 157 153
108 157 114 115
108 109 153 115
157 153 158 115
108 153 157 115
109 153 115 110
153 158 115 159
153 115 110 159
153 110 154 159
115 110 159 116
110 154 159 155
110 159 116 117
110 111 155 117
159 155 160 117
110 155 159 117
118 161 166 162
118 166 125 126
118 119 162 126
166 162 167 126
118 162 166 126
119 162 126 120
162 167 126 168
162 126 120 168
162 120 163 168
126 120 168 127
120 163 168 164
120 168 127 128
120 121 164 128
168 164 169 128
120 164 168 128
121 164 128 122
164 169 128 170
164 128 122 170
164 122 165 170
128 122 170 129
125 166 132 126
166 171 132 172
166 132 126 172
166 126 167 172
132 126 172 133
126 167 172 168
126 172 133 134
126 127 168 134
172 168 173 134
126 168 172 134
127 168 134 128
168 173 134 174
168 134 128 174
168 128 169 174
134 128 174 135
128 169 174 170
128 174 135 136
128 129 170 136
174 170 175 136
128 170 174 136
132 171 176 172
132 176 139 140
132 133 172 140
176 172 177 140
132 172 176 140
133 172 140 134
172 177 140 178
172 140 134 178
172 134 173 178
140 134 178 141
134 173 178 174
134 178 141 142
134 135 174 142
178 174 179 142
134 174 178 142
135 174 142 136
174 179 142 180
174 142 136 180
174 136 175 180
142 136 180 143
139 176 146 140
176 181 146 182
176 146 140 182
176 140 177 182
146 140 182 147
140 177 182 178
140 182 147 148
140 141 178 148
182 178 183 148
140 178 182 148
141 178 148 142
178 183 148 184
178 148 142 184
178 142 179 184
148 142 184 149
142 179 184 180
142 184 149 150
142 143 180 150
184 180 185 150
142 180 184 150
146 181 186 182
146 186 152 153
146 147 182 153
186 182 187 153
146 182 186 153
147 182 153 148
182 187 153 188
182 153 148 188
182 148 183 188
153 148 188 154
148 183 188 184
148 188 154 155
148 149 184 155
188 184 189 155
148 184 188 155
149 184 155 150
184 189 155 190
184 155 150 190
184 150 185 190
155 150 190 156
153 187 191 188
153 191 158 159
153 154 188 159
191 188 192 159
153 188 191 159
154 188 159 155
188 192 159 193
188 159 155 193
188 155 189 193
159 155 193 160
162 194 198 195
162 198 167 168
162 163 195 168
198 195 199 168
162 195 198 168
163 195 168 164
195 199 168 200
195 168 164 200
195 164 196 200
168 164 200 169
164 196 200 197
164 200 169 170
164 165 197 170
200 197 201 170
164 197 200 170
167 198 172 168
198 202 172 203
198 172 168 203
198 168 199 203
172 168 203 173
168 199 203 200
168 203 173 174
168 169 200 174
203 200 204 174
168 200 203 174
169 200 174 170
200 204 174 205
200 174 170 205
200 170 201 205
174 170 205 175
172 202 207 203
172 207 177 178
172 173 203 178
207 203 208 178
172 203 207 178
173 203 178 174
203 208 178 209
203 178 174 209
203 174 204 209
178 174 209 179
174 204 209 205
174 209 179 180
174 175 205 180
209 205 210 180
174 205 209 180
176 206 211 207
176 211 181 182
176 177 207 182
211 207 212 182
176 207 211 182
177 207 182 178
207 212 182 213
207 182 178 213
207 178 208 213
182 178 213 183
178 208 213 209
178 213 183 184
178 179 209 184
213 209 214 184
178 209 213 184
179 209 184 180
209 214 184 215
209 184 180 215
209 180 210 215
184 180 215 185
182 212 216 213
182 216 187 188
182 183 213 188
216 213 217 188
182 213 216 188
183 213 188 184
213 217 188 218
213 188 184 218
213 184 214 218
188 184 218 189
194 219 198 195
219 223 198 224
219 198 195 224
219 195 220 224
198 195 224 199
195 220 224 221
195 224 199 200
195 196 221 200
224 221 225 200
195 221 224 200
196 221 200 197
221 225 200 226
221 200 197 226
221 197 222 226
200 197 226 201
198 223 227 224
198 227 202 203
198 199 224 203
227 224 228 203
198 224 227 203
199 224 203 200
224 228 203 229
224 203 200 229
224 200 225 229
203 200 229 204
200 225 229 226
200 229 204 205
200 201 226 205
229 226 230 205
200 226 229 205
202 227 207 203
227 231 207 232
227 207 203 232
227 203 228 232
207 203 232 208
203 228 232 229
203 232 208 209
203 204 229 209
232 229 233 209
203 229 232 209
204 229 209 205
229 233 209 234
229 209 205 234
229 205 230 234
209 205 234 210
207 231 235 232
207 235 212 213
207 208 232 213
235 232 236 213
207 232 235 213
208 232 213 209
232 236 213 237
232 213 209 237
232 209 233 237
213 209 237 214
209 233 237 234
209 237 214 215
209 210 234 215
237 234 238 215
209 234 237 215
219 239 243 240
219 243 223 224
219 220 240 224
243 240 244 224
219 240 243 224
220 240 224 221
240 244 224 245
240 224 221 245
240 221 241 245
224 221 245 225
221 241 245 242
221 245 225 226
221 222 242 226
245 242 246 226
221 242 245 226
224 244 247 245
224 247 228 229
224 225 245 229
247 245 248 229
224 245 247 229
225 245 229 226
245 248 229 249
245 229 226 249
245 226 246 249
229 226 249 230
228 247 232 229
247 250 232 251
247 232 229 251
247 229 248 251
232 229 251 233
229 248 251 249
229 251 233 234
229 230 249 234
251 249 252 234
229 249 251 234
232 250 253 251
232 253 236 237
232 233 251 237
253 251 254 237
232 251 253 237
233 251 237 234
251 254 237 255
251 237 234 255
251 234 252 255
237 234 255 238
240 256 258 257
240 258 244 245
240 241 257 245
258 257 259 245
240 257 258 245
244 258 247 245
258 261 247 262
258 247 245 262
258 245 259 262
247 245 262 248
245 259 262 260
245 262 248 249
245 246 260 249
262 260 263 249
245 260 262 249
247 261 264 262
247 264 250 251
247 248 262 251
264 262 265 251
247 262 264 251
248 262 251 249
262 265 251 266
262 251 249 266
262 249 263 266
251 249 266 252
250 264 253 251
264 267 253 268
264 253 251 268
264 251 265 268
253 251 268 254
251 265 268 266
251 268 254 255
251 252 266 255
268 266 269 255
251 266 268 255
EDGES
0 1
0 5
0 6
0 35
0 36
0 42
1 2
1 6
1 36
2 3
2 6
2 7
2 8
2 36
2 37
2 38
2 44
3 8
3 38
4 5
4 10
4 11
4 41
4 42
4 48
5 6
5 11
5 42
6 7
6 11
6 12
6 13
6 36
6 42
6 43
6 44
6 50
7 8
7 13
7 44
8 13
8 14
8 38
8 44
8 45
8 52
9 10
9 15
9 16
9 47
9 48
9 54
10 11
10 16
10 48
11 12
11 16
11 17
11 18
11 42
11 48
11 49
11 50
11 56
12 13
12 18
12 50
13 14
13 18
13 19
13 20
13 44
13 50
13 51
13 52
13 58
14 20
14 52
15 16
15 54
16 17
16 21
16 22
16 48
16 54
16 55
16 56
16 62
17 18
17 22
17 56
18 19
18 22
18 23
18 24
18 50
18 56
18 57
18 58
18 64
19 20
19 24
19 58
20 24
20 25
20 52
20 58
20 59
20 66
21 22
21 62
22 23
22 26
22 27
22 56
22 62
22 63
22 64
22 69
23 24
23 27
23 64
24 25
24 27
24 28
24 58
24 64
24 65
24 66
24 71
25 66
26 27
26 69
27 28
27 64
27 69
27 70
27 71
28 71
29 30
29 35
29 36
29 73
29 74
29 80
30 31
30 36
30 74
31 32
31 36
31 37
31 38
31 74
31 75
31 76
31 82
32 38
32 76
33 34
33 40
33 78
34 35
34 40
34 41
34 42
34 78
34 79
34 80
34 86
35 36
35 42
35 80
36 37
36 42
36 43
36 44
36 74
36 80
36 81
36 82
36 88
37 38
37 44
37 82
38 39
38 44
38 45
38 46
38 76
38 82
38 83
38 84
38 90
39 46
39 84
40 41
40 47
40 48
40 78
40 85
40 86
40 92
41 42
41 48
41 86
42 43
42 48
42 49
42 50
42 80
42 86
42 87
42 88
42 94
43 44
43 50
43 88
44 45
44 50
44 51
44 52
44 82
44 88
44 89
44 90
44 96
45 46
45 52
45 90
46 52
46 53
46 84
46 90
46 91
46 98
47 48
47 54
47 92
48 49
48 54
48 55
48 56
48 86
48 92
48 93
48 94
48 100
49 50
49 56
49 94
50 51
50 56
50 57
50 58
50 88
50 94
50 95
50 96
50 102
51 52
51 58
51 96
52 53
52 58
52 59
52 60
52 90
52 96
52 97
52 98
52 104
53 60
53 98
54 55
54 61
54 62
54 92
54 99
54 100
54 106
55 56
55 62
55 100
56 57
56 62
56 63
56 64
56 94
56 100
56 101
56 102
56 108
57 58
57 64
57 102
58 59
58 64
58 65
58 66
58 96
58 102
58 103
58 104
58 110
59 60
59 66
59 104
60 66
60 67
60 98
60 104
60 105
60 112
61 62
61 106
62 63
62 68
62 69
62 100
62 106
62 107
62 108
62 113
63 64
63 69
63 108
64 65
64 69
64 70
64 71
64 102
64 108
64 109
64 110
64 115
65 66
65 71
65 110
66 67
66 71
66 72
66 104
66 110
66 111
66 112
66 117
67 112
68 69
68 113
69 70
69 108
69 113
69 114
69 115
70 71
70 115
71 72
71 110
71 115
71 116
71 117
72 117
73 74
73 80
73 118
74 75
74 80
74 81
74 82
74 118
74 119
74 120
74 126
75 76
75 82
75 120
76 77
76 82
76 83
76 84
76 120
76 121
76 122
76 128
77 84
77 122
78 79
78 85
78 86
78 123
78 124
78 130
79 80
79 86
79 124
80 81
80 86
80 87
80 88
80 118
80 124
80 125
80 126
80 132
81 82
81 88
81 126
82 83
82 88
82 89
82 90
82 120
82 126
82 127
82 128
82 134
83 84
83 90
83 128
84 90
84 91
84 122
84 128
84 129
84 136
85 86
85 92
85 130
86 87
86 92
86 93
86 94
86 124
86 130
86 131
86 132
86 138
87 88
87 94
87 132
88 89
88 94
88 95
88 96
88 126
88 132
88 133
88 134
88 140
89 90
89 96
89 134
90 91
90 96
90 97
90 98
90 128
90 134
90 135
90 136
90 142
91 98
91 136
92 93
92 99
92 100
92 130
92 137
92 138
92 144
93 94
93 100
93 138
94 95
94 100
94 101
94 102
94 132
94 138
94 139
94 140
94 146
95 96
95 102
95 140
96 97
96 102
96 103
96 104
96 134
96 140
96 141
96 142
96 148
97 98
97 104
97 142
98 104
98 105
98 136
98 142
98 143
98 150
99 100
99 106
99 144
100 101
100 106
100 107
100 108
100 138
100 144
100 145
100 146
100 151
101 102
101 108
101 146
102 103
102 108
102 109
102 110
102 140
102 146
102 147
102 148
102 153
103 104
103 110
103 148
104 105
104 110
104 111
104 112
104 142
104 148
104 149
104 150
104 155
105 112
105 150
106 107
107 108
107 113
107 151
108 109
108 113
108 114
108 115
108 146
108 151
108 152
108 153
108 157
109 110
109 115
109 153
110 111
110 115
110 116
110 117
110 148
110 153
110 154
110 155
110 159
111 112
111 117
111 155
112 150
112 155
112 156
113 114
114 115
114 157
115 116
115 153
115 157
115 158
115 159
116 117
116 159
117 155
117 159
117 160
118 119
118 125
118 126
118 161
118 162
118 166
119 120
119 126
119 162
120 121
120 126
120 127
120 128
120 162
120 163
120 164
120 168
121 122
121 128
121 164
122 128
122 129
122 164
122 165
122 170
123 124
123 130
124 125
124 130
124 131
124 132
125 126
125 132
125 166
126 127
126 132
126 133
126 134
126 162
126 166
126 167
126 168
126 172
127 128
127 134
127 168
128 129
128 134
128 135
128 136
128 164
128 168
128 169
128 170
128 174
129 136
129 170
130 131
130 137
130 138
131 132
131 138
132 133
132 138
132 139
132 140
132 166
132 171
132 172
132 176
133 134
133 140
133 172
134 135
134 140
134 141
134 142
134 168
134 172
134 173
134 174
134 178
135 136
135 142
135 174
136 142
136 143
136 170
136 174
136 175
136 180
137 138
137 144
138 139
138 144
138 145
138 146
139 140
139 146
139 176
140 141
140 146
140 147
140 148
140 172
140 176
140 177
140 178
140 182
141 142
141 148
141 178
142 143
142 148
142 149
142 150
142 174
142 178
142 179
142 180
142 184
143 150
143 180
144 145
145 146
145 151
146 147
146 151
146 152
146 153
146 176
146 181
146 182
146 186
147 148
147 153
147 182
148 149
148 153
148 154
148 155
148 178
148 182
148 183
148 184
148 188
149 150
149 155
149 184
150 155
150 156
150 180
150 184
150 185
150 190
151 152
152 153
152 157
152 186
153 154
153 157
153 158
153 159
153 182
153 186
153 187
153 188
153 191
154 155
154 159
154 188
155 156
155 159
155 160
155 184
155 188
155 189
155 190
155 193
156 190
157 158
158 159
158 191
159 160
159 188
159 191
159 192
159 193
160 193
161 162
161 166
162 163
162 166
162 167
162 168
162 194
162 195
162 198
163 164
163 168
163 195
164 165
164 168
164 169
164 170
164 195
164 196
164 197
164 200
165 170
165 197
166 167
166 171
166 172
167 168
167 172
167 198
168 169
168 172
168 173
168 174
168 195
168 198
168 199
168 200
168 203
169 170
169 174
169 200
170 174
170 175
170 197
170 200
170 201
170 205
171 172
171 176
172 173
172 176
172 177
172 178
172 198
172 202
172 203
172 207
173 174
173 178
173 203
174 175
174 178
174 179
174 180
174 200
174 203
174 204
174 205
174 209
175 180
175 205
176 177
176 181
176 182
176 206
176 207
176 211
177 178
177 182
177 207
178 179
178 182
178 183
178 184
178 203
178 207
178 208
178 209
178 213
179 180
179 184
179 209
180 184
180 185
180 205
180 209
180 210
180 215
181 182
181 186
181 211
182 183
182 186
182 187
182 188
182 207
182 211
182 212
182 213
182 216
183 184
183 188
183 213
184 185
184 188
184 189
184 190
184 209
184 213
184 214
184 215
184 218
185 190
185 215
186 187
187 188
187 191
187 216
188 189
188 191
188 192
188 193
188 213
188 216
188 217
188 218
189 190
189 193
189 218
191 192
192 193
194 195
194 198
194 219
195 196
195 198
195 199
195 200
195 219
195 220
195 221
195 224
196 197
196 200
196 221
197 200
197 201
197 221
197 222
197 226
198 199
198 202
198 203
198 219
198 223
198 224
198 227
199 200
199 203
199 224
200 201
200 203
200 204
200 205
200 221
200 224
200 225
200 226
200 229
201 205
201 226
202 203
202 207
202 227
203 204
203 207
203 208
203 209
203 224
203 227
203 228
203 229
203 232
204 205
204 209
204 229
205 209
205 210
205 226
205 229
205 230
205 234
206 207
206 211
207 208
207 211
207 212
207 213
207 227
207 231
207 232
207 235
208 209
208 213
208 232
209 210
209 213
209 214
209 215
209 229
209 232
209 233
209 234
209 237
210 215
210 234
211 212
212 213
212 216
212 235
213 214
213 216
213 217
213 218
213 232
213 235
213 236
213 237
214 215
214 218
214 237
215 234
215 237
215 238
216 217
217 218
219 220
219 223
219 224
219 239
219 240
219 243
220 221
220 224
220 240
221 222
221 224
221 225
221 226
221 240
221 241
221 242
221 245
222 226
222 242
223 224
223 227
223 243
224 225
224 227
224 228
224 229
224 240
224 243
224 244
224 245
224 247
225 226
225 229
225 245
226 229
226 230
226 242
226 245
226 246
226 249
227 228
227 231
227 232
228 229
228 232
228 247
229 230
229 232
229 233
229 234
229 245
229 247
229 248
229 249
229 251
230 234
230 249
231 232
231 235
232 233
232 235
232 236
232 237
232 247
232 250
232 251
232 253
233 234
233 237
233 251
234 237
234 238
234 249
234 251
234 252
234 255
235 236
236 237
236 253
237 238
237 251
237 253
237 254
237 255
238 255
239 240
239 243
240 241
240 243
240 244
240 245
240 256
240 257
240 258
241 242
241 245
241 257
242 245
242 246
243 244
244 245
244 247
244 258
245 246
245 247
245 248
245 249
245 257
245 258
245 259
245 260
245 262
246 249
246 260
247 248
247 250
247 251
247 258
247 261
247 262
247 264
248 249
248 251
248 262
249 251
249 252
249 260
249 262
249 263
249 266
250 251
250 253
250 264
251 252
251 253
251 254
251 255
251 262
251 264
251 265
251 266
251 268
252 255
252 266
253 254
253 264
253 267
253 268
254 255
254 268
255 266
255 268
255 269
256 257
256 258
257 258
257 259
258 259
258 261
258 262
259 260
259 262
260 262
260 263
261 262
261 264
262 263
262 264
262 265
262 266
263 266
264 265
264 267
264 268
265 266
265 268
266 268
266 269
267 268
268 269
SURFACE_TRIANGLES
0 1 6
0 36 1
0 6 5
0 5 42
0 35 36
0 42 35
1 2 6
1 36 2
2 3 8
2 38 3
6 2 7
2 8 7
36 37 2
2 37 38
3 38 8
4 5 11
4 42 5
4 11 10
4 10 48
4 41 42
4 48 41
5 6 11
6 7 13
11 6 12
6 13 12
7 8 13
13 8 14
8 52 14
38 45 8
8 45 52
9 10 16
9 48 10
9 16 15
9 15 54
9 47 48
9 54 47
10 11 16
11 12 18
16 11 17
11 18 17
12 13 18
13 14 20
18 13 19
13 20 19
14 52 20
54 15 16
16 17 22
16 22 21
16 21 62
54 16 55
16 62 55
17 18 22
18 19 24
22 18 23
18 24 23
19 20 24
24 20 25
20 66 25
52 59 20
20 59 66
62 21 22
22 23 27
22 27 26
22 26 69
62 22 63
22 69 63
23 24 27
24 25 66
27 24 28
24 71 28
65 24 66
24 65 71
69 26 27
27 28 71
69 27 70
70 27 71
29 30 36
29 74 30
29 36 35
29 35 80
29 73 74
29 80 73
30 31 36
30 74 31
31 32 38
31 76 32
36 31 37
31 38 37
74 75 31
31 75 76
32 76 38
33 34 40
33 78 34
33 40 78
34 35 42
34 80 35
40 34 41
34 42 41
78 79 34
34 79 80
38 39 46
38 84 39
38 46 45
76 83 38
38 83 84
39 84 46
40 41 48
40 48 47
40 47 92
78 40 85
40 92 85
45 46 52
52 46 53
46 98 53
84 91 46
46 91 98
47 54 92
52 53 60
52 60 59
53 98 60
54 55 62
54 62 61
54 61 106
92 54 99
54 106 99
59 60 66
66 60 67
60 112 67
98 105 60
60 105 112
106 61 62
62 63 69
62 69 68
62 68 113
106 62 107
62 113 107
65 66 71
66 67 112
71 66 72
66 117 72
111 66 112
66 111 117
113 68 69
69 70 115
113 69 114
114 69 115
115 70 71
71 72 117
115 71 116
116 71 117
73 118 74
73 80 118
74 120 75
118 119 74
74 119 120
75 120 76
76 77 84
76 122 77
76 84 83
120 121 76
76 121 122
77 122 84
78 124 79
78 85 130
78 123 124
78 130 123
79 124 80
118 80 125
124 125 80
84 136 91
122 129 84
84 129 136
85 92 130
91 136 98
92 99 144
130 92 137
92 144 137
98 150 105
136 143 98
98 143 150
99 106 100
144 99 100
106 107 100
100 107 151
144 100 145
100 151 145
105 150 112
107 113 108
151 107 108
113 114 108
108 114 157
151 108 152
108 157 152
155 111 112
111 155 117
150 156 112
155 112 156
157 114 115
115 116 159
157 115 158
158 115 159
159 116 117
155 160 117
159 117 160
118 162 119
118 125 166
118 161 162
118 166 161
119 162 120
120 164 121
162 163 120
120 163 164
121 164 122
122 170 129
164 165 122
122 165 170
123 130 124
124 132 125
130 131 124
124 131 132
125 132 166
129 170 136
130 138 131
130 137 138
131 138 132
138 139 132
132 139 176
166 132 171
132 176 171
136 180 143
170 175 136
136 175 180
137 144 138
138 146 139
144 145 138
138 145 146
139 146 176
143 180 150
145 151 146
151 152 146
146 152 186
176 146 181
146 186 181
150 190 156
180 185 150
150 185 190
152 157 153
186 152 153
157 158 153
153 158 191
186 153 187
153 191 187
155 156 190
155 193 160
189 155 190
155 189 193
191 158 159
159 160 193
191 159 192
192 159 193
161 166 162
162 195 163
166 167 162
162 167 198
162 194 195
162 198 194
163 195 164
164 197 165
195 196 164
164 196 197
165 197 170
166 172 167
166 171 172
167 172 198
170 205 175
197 201 170
170 201 205
171 176 172
176 177 172
172 177 207
198 172 202
172 207 202
175 205 180
176 207 177
176 181 211
176 206 207
176 211 206
180 215 185
205 210 180
180 210 215
181 186 182
211 181 182
186 187 182
182 187 216
211 182 212
182 216 212
184 190 185
184 185 215
184 189 190
184 218 189
214 184 215
184 214 218
187 191 188
216 187 188
188 193 189
188 189 218
191 192 188
188 192 193
216 188 217
217 188 218
194 219 195
194 198 219
195 221 196
219 220 195
195 220 221
196 221 197
197 226 201
221 222 197
197 222 226
198 202 227
219 198 223
198 227 223
201 226 205
202 207 227
205 234 210
226 230 205
205 230 234
206 211 207
211 212 207
207 212 235
227 207 231
207 235 231
210 234 215
212 216 213
235 212 213
213 218 214
213 214 237
216 217 213
213 217 218
235 213 236
236 213 237
237 214 215
234 238 215
237 215 238
219 240 220
219 223 243
219 239 240
219 243 239
220 240 221
221 242 222
240 241 221
221 241 242
222 242 226
223 227 224
243 223 224
227 228 224
224 228 247
243 224 244
224 247 244
226 249 230
242 246 226
226 246 249
227 232 228
227 231 232
228 232 247
230 249 234
231 235 232
235 236 232
232 236 253
247 232 250
232 253 250
234 255 238
249 252 234
234 252 255
253 236 237
237 238 255
253 237 254
254 237 255
239 243 240
240 257 241
243 244 240
240 244 258
240 256 257
240 258 256
241 245 242
241 257 245
245 246 242
244 247 258
245 260 246
257 259 245
245 259 260
246 260 249
247 250 264
258 247 261
247 264 261
249 266 252
260 263 249
249 263 266
250 253 264
252 266 255
253 254 268
264 253 267
267 253 268
268 254 255
266 269 255
268 255 269
256 258 257
258 259 257
258 262 259
258 261 262
259 262 260
262 263 260
261 264 262
262 266 263
264 265 262
262 265 266
264 268 265
264 267 268
265 268 266
268 269 266
