VERTICES
-1.17603 -0.302355 -2.52431
-1.20523 -0.76498 -1.7532
-1.15369 -0.20614 -2.55427
-1.36764 -0.271053 -2.46073
-1.74835 0.0506524 -1.80497
-1.58134 0.293807 -2.76167
-1.5374 -0.0391827 -2.49831
-1.38897 0.319666 -2.75097
-1.35244 -0.0130542 -2.68158
-0.72751 -1.1066 -1.57886
-0.762342 -0.741542 -2.0685
-0.578598 -1.03455 -1.69509
-0.494199 -0.978848 -1.62463
-1.14128 -0.528302 -2.29456
-1.07827 0.408444 -2.41846
-0.860165 -0.330238 -2.25773
-0.599124 -0.389403 -1.70816
-0.471833 0.229846 -1.5075
-1.07455 -1.15811 -0.979807
-0.521825 -1.23857 -1.39096
-1.16368 -1.32738 -0.596731
-0.598039 -1.35514 -0.80919
-2.07503 -0.169717 -0.587859
-1.91404 -0.133444 -1.10543
-1.52487 -0.693108 -1.17843
-0.470702 0.0274293 -1.47496
-1.84966 -0.441641 -0.88593
-0.249693 -1.29579 -1.19825
-0.356283 -0.49468 -0.921487
-0.191856 -1.24182 -1.18179
-0.165538 -0.581949 -0.740237
0.0573109 -0.838498 -0.67775
-0.398132 -0.285836 -1.01948
-0.215771 -0.145563 -0.654605
0.023802 0.310213 -1.11142
-0.258563 -0.0344771 -0.892641
-0.137886 0.0796054 -0.94186
-1.36254 -1.30596 0.265229
-1.82733 -0.780542 -0.0526861
-0.989813 -1.61083 0.381753
-1.31146 -1.34756 -0.237333
-0.901451 -1.59326 -0.30179
-0.712051 -1.60986 -0.426718
-0.505306 -1.76689 -0.174105
-0.049214 -1.90927 0.312498
0.135587 -1.87637 0.094015
-1.64612 -0.789406 0.595396
-1.30047 -1.24005 0.572269
-0.689355 -1.67817 0.611029
-0.666058 -1.3761 0.958892
-0.632568 -1.04653 1.16933
-0.256381 -1.81658 0.69673
-0.0173943 -1.80797 0.791401
-0.63072 -1.75845 0.394306
-0.0189006 -1.37057 1.21656
0.0430354 -0.92085 1.48461
-2.19713 0.00505133 -0.221715
-2.00363 -0.427474 0.210996
-2.20663 0.338671 0.20403
-1.98982 0.157343 0.61905
-0.107067 0.0334256 -0.481721
0.0196567 0.0644305 -0.344442
-1.92152 -0.487963 0.420435
-1.84898 -0.768271 0.23098
-1.88993 0.116486 0.747951
-1.72938 -0.248778 0.843691
-1.34292 -0.70649 0.974852
-1.4795 0.422634 1.12633
-0.71686 -0.135422 1.4588
-1.41887 -0.132434 1.1307
-0.665564 -0.573788 1.36453
-0.638498 0.0960942 1.47726
-0.0294937 -0.399912 1.60478
-0.503135 0.288409 1.45133
-0.178518 0.0696253 1.60728
-1.79133 0.429446 -2.10651
-1.69405 0.814188 -2.72801
-1.66451 0.543606 -2.80837
-1.63646 0.642926 -2.86004
-1.48592 0.878534 -2.89697
-1.44353 0.617975 -2.85918
-1.34637 0.961053 -2.8268
-0.921605 0.790661 -2.15352
-1.17147 0.984796 -2.60324
-1.91703 0.945377 -1.56341
-0.726908 0.782143 -1.68258
-2.15637 1.04634 -0.835752
-2.08575 0.672008 -1.09104
-0.495991 0.554181 -1.50111
-0.0174121 0.436736 -1.1908
-0.304561 0.663616 -1.23957
-0.335529 0.867829 -0.998836
0.00256496 0.989108 -0.679769
-1.48798 1.05835 -2.85801
-1.74192 1.09523 -2.19524
-1.55567 1.14281 -2.71769
-1.47754 1.71983 -1.64409
-1.43126 1.19937 -2.76075
-1.30579 1.20459 -2.70595
-1.43953 1.51667 -2.13296
-1.08075 1.19071 -2.25782
-1.39109 1.72817 -1.68649
-1.75532 1.38183 -1.62543
-1.23503 1.76294 -1.54011
-1.94718 1.65933 -0.694593
-1.25139 2.00313 -1.12775
-1.31283 2.25121 -0.687149
-1.08844 1.59553 -1.5004
-0.970476 2.24995 -0.744019
-0.786976 1.14106 -1.14057
-0.91517 1.70497 -1.00266
-0.690457 1.15351 -0.975731
-2.29158 0.78834 -0.145343
-2.18796 0.472615 -0.545865
-2.23066 1.18286 -0.0890043
-2.1707 0.714277 0.316668
-1.9991 0.829247 0.598679
-1.26268 0.806469 1.13702
-1.80191 1.32838 0.543219
-1.8314 0.912867 0.742142
-1.33458 1.2285 0.914379
-2.11115 1.44172 -0.565424
-2.19725 1.34655 -0.307302
-1.78106 1.91392 -0.63512
-1.60923 2.12581 -0.366739
-1.32078 2.27072 -0.23918
-1.88765 1.50865 0.278784
-1.89724 1.75124 -0.108349
-1.7081 1.56923 0.427463
-1.45855 2.17965 -0.128165
-1.25281 1.98374 0.360007
-0.473226 1.67652 -0.533045
-0.482471 1.80833 0.691375
0.054492 1.18054 1.04886
-0.171314 1.61449 -0.314398
-0.975279 0.479752 1.34207
-0.166949 0.509445 1.42189
-0.858693 1.22687 1.06321
-0.647438 0.816339 1.28108
-0.551083 1.24077 1.07908
-0.235151 1.99949 -0.352196
-0.0768174 2.02975 -0.243825
-0.555212 2.07137 -0.534205
-0.671925 2.26158 -0.486852
-0.131587 2.14088 -0.0960801
-1.1642 2.24904 0.0747773
-0.551962 2.28078 0.0624982
-0.637786 2.20836 0.266178
0.0152035 1.93466 0.486316
-0.167057 2.14562 0.191248
0.203824 -1.47584 -0.895983
0.549504 -1.47011 -0.592021
0.527975 -1.60421 -0.540136
0.857218 -1.45635 -0.275353
0.598537 -1.81406 0.333069
0.256128 -1.91031 0.471888
0.811559 -1.65292 -0.151452
0.891707 -1.67522 0.147303
0.910889 -1.52156 0.135859
0.341354 -1.34252 -0.71572
0.311286 -1.15241 -0.524132
0.291695 -0.437829 -0.500823
0.383665 -0.277814 -0.349752
0.660411 -0.741561 -0.236203
0.757548 -0.193112 0.169465
0.88949 -1.40431 -0.152274
0.783073 -0.558811 -0.0540655
0.968762 -0.835698 0.181818
1.5203 -1.475 0.0407655
1.22797 -1.41131 0.0709269
2.027 -1.57422 0.121397
1.63345 -1.43529 0.0396916
1.74876 -1.58113 0.127542
1.12195 -1.63793 0.443865
0.974036 -1.45996 0.189511
2.33935 -1.46366 0.235632
2.52993 -1.56342 0.258798
1.27084 -1.16876 0.24813
0.969616 -1.20195 0.311475
0.970764 -0.701006 0.1845
1.18912 -0.695975 0.241103
1.64763 -0.277537 0.350842
1.92974 -1.17315 0.427561
2.24995 -0.356817 0.432243
2.05429 -0.73868 0.491279
2.49982 -1.205 0.628001
2.62762 -0.381692 0.520266
0.563234 -1.79942 0.734336
1.36451 -1.65872 0.759511
2.90069 -1.65075 0.665047
2.88402 -1.46263 0.655521
3.02083 -1.52677 0.708929
3.28743 -1.35451 0.708535
2.95566 -1.64503 0.848833
3.16198 -1.56509 0.763896
3.21304 -1.45128 0.876192
0.410448 -1.4739 1.0697
1.31569 -1.61481 1.04789
0.687561 -1.31378 1.22608
0.942807 -1.58077 1.06979
1.3243 -1.24312 1.45096
3.01747 -1.5662 0.950076
2.58598 -1.57961 1.04046
3.07317 -1.20445 1.04709
2.14566 -1.48656 1.37875
2.32018 -1.43307 1.32435
2.81505 -1.08501 0.629187
3.35304 -0.789413 0.856575
3.27088 -0.70064 0.66694
2.98457 -0.279646 0.667363
3.3573 -0.93547 0.688484
3.39025 -0.649413 0.697965
3.41608 -0.210865 0.698885
3.4897 -0.286592 0.715396
3.54707 -0.226374 0.786838
0.524562 -1.0929 1.41974
1.8099 -0.552955 1.54036
0.581619 -0.462459 1.70318
1.09933 -0.789529 1.59134
0.934743 -0.786237 1.56309
2.11735 -0.512885 1.43531
2.44859 -0.246111 1.36672
2.55934 -0.729864 1.28059
3.5036 -0.184241 0.924279
3.10214 -0.642628 1.05298
0.23845 -0.0457334 -0.200906
0.263007 0.433248 -0.90292
0.718844 0.200355 -0.172417
0.310507 0.262341 -0.814482
0.740155 0.404374 -0.536428
0.833373 0.378283 -0.399856
0.72118 0.160534 -0.0812052
0.93053 0.41954 -0.316564
1.19625 0.475217 -0.248144
1.23275 0.177772 0.0587416
1.37752 0.417743 0.00144419
0.956693 0.107236 0.127423
1.27644 -0.12619 0.3784
1.55263 0.1743 0.126
1.8535 -0.0978729 0.421155
1.65713 0.175067 0.239149
1.74092 0.21128 0.526493
1.76945 0.229949 0.404963
0.144185 0.609603 -0.985147
0.626461 0.540313 -0.615687
0.21838 1.70142 -0.127932
0.43764 1.30936 -0.105687
0.704868 0.829972 -0.280432
0.867618 0.538969 -0.387983
1.07191 0.820258 -0.22487
1.3058 0.48683 -0.177965
1.20155 0.76544 -0.1837
0.343389 1.62113 -0.0301636
0.614395 0.955766 -0.0995827
0.2191 1.89423 0.201233
0.559451 1.37431 0.272487
0.380066 1.67133 0.181235
0.959919 0.968974 -0.0161291
0.710291 1.10216 0.321945
1.63817 0.502769 0.526465
1.31522 0.784036 0.420032
1.42684 0.638933 0.422452
2.34792 0.0401606 0.654263
2.16447 0.0771352 0.726322
1.61987 0.0924473 0.561333
1.73358 0.139671 0.675389
0.560334 1.15449 0.850885
0.532687 1.22867 0.755903
1.78074 0.263049 0.890805
1.02645 0.887068 0.705656
1.71457 0.541777 0.789719
2.59578 0.0796308 0.671418
3.21981 0.269186 0.864769
3.48452 -0.0159756 0.774579
3.46712 0.0810501 0.863605
3.32018 0.170535 1.02179
2.57819 0.52606 0.93963
3.0305 0.307826 0.816533
2.37634 0.330747 0.973348
3.1677 0.54095 0.980104
2.85069 0.597157 0.95535
0.83961 0.159528 1.68339
1.28013 -0.0525193 1.73759
0.450889 -0.0760011 1.74512
1.13103 -0.146394 1.78236
0.475176 0.22175 1.62505
0.425668 0.860276 1.17342
1.17891 0.300432 1.41265
1.10577 0.695564 1.20881
1.21262 0.508676 1.34116
1.64385 -0.0183904 1.59897
1.69178 0.165466 1.51333
2.7804 0.0643779 1.16978
2.36429 0.0809935 1.3386
1.82233 0.174358 1.43793
2.41912 0.37172 1.07405
1.9655 0.237839 1.2036
1.52581 0.57175 1.05266
2.85406 0.596901 1.05524
3.11717 0.500644 1.09297
-0.230755 0.496136 -0.834117
-1.13309 1.62341 -0.358896
-0.570922 0.257293 0.447527
-0.49607 -0.931564 0.255622
-1.26414 -0.642743 -0.497572
0.0712361 -1.17196 0.458722
-1.14712 0.330454 -0.887089
0.900445 -0.499376 0.88753
-1.27048 0.732841 -0.0220305
-0.898547 -0.605606 -1.2068
-1.39339 1.08988 -0.598974
2.77567 0.313728 1.00716
-1.13092 -0.138134 -2.14103
-1.41599 -0.0184784 0.228271
-0.589223 0.984853 -0.242551
-0.513867 -1.002 -1.03496
-0.832591 0.048798 -0.254716
0.991482 0.503341 0.0713925
-0.388909 -0.388967 -0.0804698
-0.787287 -0.716014 -1.58916
-0.157042 1.17715 0.33385
-0.68288 0.198969 -1.04634
-1.3454 1.51737 -1.52463
-1.54775 0.49495 0.460048
-0.598232 1.74879 -0.0133665
-1.53731 0.658516 -2.64737
0.242106 0.710496 0.516277
0.222502 1.00754 0.753971
-1.51058 0.337232 -2.3727
-1.25221 -0.613349 0.126899
-0.0344058 -0.365009 -0.328177
-1.74367 -0.121286 0.449612
2.56491 0.149887 1.03461
0.26214 0.521616 -0.130626
-0.373018 -1.3557 0.446014
-0.12738 1.77294 0.0564073
0.233324 1.36118 0.165505
1.09761 -0.939573 1.09016
-0.588823 0.0950035 -0.624061
0.386086 -1.38232 0.0627822
0.434155 -0.763394 0.333998
1.57571 -0.101074 1.1297
1.11116 -0.174826 1.28746
-0.842145 -0.368936 -0.726479
0.524936 0.912848 0.591988
0.289105 -1.44452 -0.430231
-1.12214 0.118342 -1.53267
1.99438 -0.983256 1.0549
-1.47656 1.48789 -0.0141087
0.334793 -0.162381 1.07578
-0.586334 -1.29057 -0.0714163
0.696889 0.475579 -0.180316
-0.00956014 -0.221542 1.16381
-0.399917 0.434967 -0.171448
1.07686 -0.573447 1.25367
1.51938 0.297027 0.422119
1.0761 0.2331 0.821015
0.647573 -1.42145 0.430178
1.45769 0.322855 0.75111
0.794272 -0.773476 0.571577
-0.662869 0.874081 0.571774
0.674287 -0.763204 0.145188
-1.04939 0.823028 -0.851739
2.2634 -0.363079 0.925033
-1.09197 1.24994 -0.859061
-0.51709 0.273203 -1.11811
0.0356161 0.391269 -0.563622
-0.50256 -0.0364853 0.935725
-0.663665 0.599959 -0.852987
-1.63504 0.943881 0.300419
0.597436 -1.44922 -0.133483
0.471962 0.322533 -0.0584271
-0.34063 -1.22461 -0.913813
-0.365463 -1.13847 -1.10897
-1.50035 1.54203 -0.633849
1.68803 -0.263539 0.764265
0.0096997 0.189841 0.303629
-0.801655 0.541725 -1.23194
0.857322 0.353378 -0.0548279
-0.247888 -1.31133 -0.64667
-0.339456 0.022827 -0.134177
1.05332 0.468068 0.479995
0.150602 0.17091 1.31666
-0.696093 -0.596747 0.742149
TETRAHEDRA
39 53 43 350
139 138 137 360
9 19 11 12
308 302 313 316
102 86 84 310
215 54 55 305
111 131 110 364
181 184 239 375
120 348 118 130
191 192 195 194
341 307 356 375
307 164 349 356
135 138 73 367
123 124 127 374
178 167 165 361
28 32 16 319
61 225 376 380
214 275 212 223
117 302 323 360
168 172 177 173
113 112 308 310
79 95 81 93
310 122 104 121
308 323 360 369
218 347 200 337
219 342 354 217
251 250 235 317
43 45 152 345
340 305 352 383
274 214 275 273
21 18 304 315
183 262 263 363
314 308 353 360
148 147 324 132
379 29 159 150
305 55 340 352
224 222 221 209
43 45 345 350
104 114 310 374
270 261 259 358
82 85 84 346
65 62 64 331
69 67 302 323
371 230 229 351
184 182 185 347
82 81 94 83
104 123 127 374
298 332 311 292
308 56 306 313
133 148 267 327
322 102 364 374
338 316 353 368
13 9 319 1
258 253 326 336
35 32 321 365
91 90 368 377
203 206 185 222
316 304 318 329
218 342 219 284
150 42 152 379
301 140 324 131
5 6 7 328
348 120 118 369
106 140 146 324
184 181 180 375
296 263 363 375
215 305 340 359
234 236 317 378
317 326 371 381
199 198 200 337
146 147 301 324
378 230 351 232
73 352 71 367
41 20 40 350
58 56 308 313
75 76 94 325
305 303 334 383
187 199 188 173
311 272 277 299
31 315 379 30
269 297 356 358
367 352 376 382
84 87 306 362
87 113 23 306
304 18 309 343
139 132 320 360
73 352 367 382
236 238 355 264
89 34 226 243
302 326 367 376
16 15 1 312
29 11 19 12
120 137 117 360
261 264 358 381
5 78 325 80
110 105 322 364
84 310 362 364
109 91 368 377
199 198 337 357
149 146 144 324
37 39 41 350
134 140 131 324
96 103 105 322
75 82 84 346
290 287 341 342
52 49 196 48
149 147 146 324
138 136 73 367
3 6 4 312
72 285 352 382
379 27 29 150
19 27 29 373
90 92 300 243
310 314 362 364
7 14 325 328
273 271 272 277
170 177 172 182
181 239 264 375
215 219 198 337
69 65 323 331
306 113 308 310
20 21 304 350
226 92 243 366
65 66 46 329
252 144 149 256
297 288 269 356
326 320 327 336
157 173 158 357
9 309 315 319
45 152 345 370
52 305 187 51
246 92 333 336
218 204 347 216
36 61 366 60
112 308 310 369
340 305 357 359
204 220 205 347
245 252 335 336
379 29 372 159
260 257 317 381
257 251 260 317
2 3 8 0
326 367 376 382
264 265 341 375
315 21 372 379
50 305 334 383
261 236 317 355
90 88 17 365
116 58 115 323
352 349 376 382
349 340 352 376
195 206 191 203
264 236 381 261
69 65 67 323
116 59 58 323
11 29 19 27
148 133 320 327
237 179 180 307
263 262 332 363
318 304 343 350
349 326 356 376
94 100 102 82
304 22 313 316
320 314 333 353
264 237 356 358
314 320 324 360
313 69 323 331
303 160 305 339
305 48 49 334
152 151 345 370
244 229 351 371
103 107 105 322
232 250 317 378
312 85 346 17
150 151 159 152
116 119 64 323
19 12 315 373
147 132 301 324
263 296 265 375
232 250 249 317
348 118 128 126
81 94 83 95
116 64 59 323
110 105 364 374
271 292 277 311
88 34 90 17
138 139 302 360
14 82 325 328
264 265 259 358
177 188 182 337
82 101 102 322
210 211 208 207
24 312 3 4
9 1 309 319
179 167 180 359
139 148 133 320
267 266 327 344
30 31 318 350
22 306 313 316
283 217 72 349
231 234 232 378
24 304 309 343
35 28 33 32
178 177 180 359
107 101 82 322
102 310 364 374
65 64 323 331
12 28 315 373
1 309 319 346
159 29 372 31
300 92 314 353
67 117 302 323
82 109 84 85
253 246 333 336
77 78 76 325
341 296 363 375
40 63 329 38
246 255 252 336
332 280 298 311
382 356 286 287
266 286 269 288
34 226 243 300
303 31 318 330
308 58 323 369
132 137 324 360
180 181 237 375
133 266 286 327
234 235 250 317
333 244 351 371
114 112 310 369
304 21 315 343
178 339 357 361
67 119 117 323
339 340 357 361
303 37 329 350
10 2 13 15
81 82 94 325
131 301 314 324
33 35 32 338
12 9 315 319
53 39 48 334
3 6 2 8
263 264 375 265
98 94 83 100
166 330 340 162
41 39 43 350
285 72 352 283
112 86 122 310
253 255 336 258
291 287 297 341
78 5 325 77
307 341 342 354
56 38 313 57
6 8 5 7
206 208 224 207
226 36 366 34
226 247 92 333
22 38 304 313
75 77 325 328
4 26 346 23
261 260 235 317
267 255 327 336
178 188 177 337
6 77 328 5
319 13 1 15
221 278 293 332
94 100 82 83
86 113 87 310
315 30 350 379
2 13 15 312
105 110 106 374
349 326 376 382
82 81 14 325
223 224 212 213
185 182 205 347
102 95 98 94
296 278 221 263
317 326 258 371
109 322 362 364
318 33 338 380
80 325 5 7
94 98 83 95
166 330 163 361
102 121 310 104
102 98 100 94
95 102 98 99
177 168 169 171
250 234 317 378
291 268 294 341
77 4 328 75
211 224 223 213
78 81 325 80
85 109 88 90
45 43 44 334
26 346 23 306
95 81 98 83
214 275 273 212
180 307 337 375
101 100 99 103
82 75 328 346
98 93 95 97
93 98 95 81
49 196 305 54
100 98 99 103
133 286 302 326
79 95 93 78
66 69 70 383
144 141 245 335
178 158 339 370
152 45 156 370
302 313 316 329
139 133 286 302
151 379 159 152
222 185 347 363
371 326 376 381
149 267 320 335
249 248 317 351
316 338 353 380
119 118 120 369
226 61 366 36
249 248 232 317
66 65 313 329
14 6 312 328
95 98 97 99
7 81 325 14
47 39 303 334
247 248 249 351
247 249 317 351
352 70 367 383
251 235 260 317
304 303 318 329
253 333 351 371
227 231 351 371
272 271 292 277
123 106 124 374
216 347 354 375
52 48 305 51
178 339 361 370
280 295 298 276
102 98 99 100
162 166 164 340
264 236 261 355
269 266 267 344
137 301 324 360
345 43 350 379
302 308 313 323
166 164 340 361
308 58 313 323
187 196 199 357
30 28 315 343
292 298 299 311
85 109 362 377
286 326 344 356
317 371 378 381
261 235 259 355
136 302 286 367
313 302 367 383
237 236 356 381
59 64 62 331
305 196 357 359
280 332 298 295
75 77 76 325
163 165 361 370
299 298 280 311
96 123 105 106
311 271 280 277
208 213 224 211
136 302 138 139
81 76 78 325
4 75 87 84
94 75 82 84
306 24 309 343
158 174 178 357
160 31 303 330
24 306 309 346
33 60 338 380
307 237 356 375
96 103 101 105
110 108 105 106
123 102 105 104
303 305 340 383
303 304 318 350
306 84 362 377
67 64 119 323
204 216 220 347
334 305 339 350
126 114 348 369
340 178 357 361
18 1 24 309
27 379 29 372
2 15 14 312
349 219 354 217
348 360 369 308
238 236 355 234
196 198 199 357
164 349 356 376
24 26 304 343
221 263 332 363
154 173 157 357
219 342 217 284
225 162 164 340
224 195 203 206
15 82 85 88
20 21 18 304
94 82 102 84
184 180 337 375
107 101 103 82
191 207 206 195
44 51 155 305
231 351 371 378
170 168 177 171
338 300 365 368
305 155 339 357
61 60 353 366
308 301 310 348
307 180 337 359
187 199 173 357
236 164 237 356
30 161 33 330
314 308 316 353
304 21 343 350
264 240 238 355
57 62 63 329
57 63 38 329
177 168 173 169
294 216 291 341
360 348 369 120
356 269 358 381
243 247 226 244
360 348 301 308
26 24 306 343
102 100 99 101
56 308 306 113
172 158 173 168
351 317 371 378
197 182 188 337
319 15 16 10
43 53 334 350
39 37 47 303
88 85 346 377
163 160 339 340
226 61 36 229
31 29 372 373
289 288 297 356
317 253 351 371
85 17 88 346
111 91 314 368
48 52 305 196
107 110 322 364
193 189 191 194
18 304 315 343
121 102 310 86
216 221 296 294
302 313 329 383
50 66 70 383
152 43 345 379
49 305 334 50
309 32 321 343
92 91 300 314
321 306 338 368
321 32 338 343
268 291 297 341
21 315 350 379
78 81 80 79
31 30 29 373
292 272 311 275
320 134 324 335
51 53 48 334
300 90 365 368
302 308 323 360
106 324 146 301
301 146 106 125
308 314 316 368
27 21 372 373
166 165 361 163
92 134 320 336
134 91 314 111
278 295 293 332
9 11 10 319
128 129 348 127
151 379 152 345
258 255 336 344
239 183 263 363
140 144 335 141
111 314 362 368
232 317 351 378
247 253 333 351
320 149 335 324
185 184 347 363
91 300 314 368
135 67 117 302
308 310 314 362
91 134 314 92
360 301 314 308
296 216 341 220
316 306 362 368
348 118 126 369
245 149 144 335
245 140 335 141
306 316 338 368
144 252 149 245
140 144 143 146
61 230 229 371
156 153 152 370
160 379 151 345
178 199 337 357
32 25 309 321
337 178 357 359
133 139 320 360
72 71 74 352
299 298 279 280
286 326 327 344
215 307 337 359
144 140 324 146
106 110 301 374
74 72 352 382
198 337 357 359
229 36 226 228
107 101 322 103
55 50 352 383
352 367 376 383
326 356 376 381
326 253 333 336
114 127 348 374
286 266 269 344
234 261 235 317
9 19 12 315
6 3 2 312
301 137 130 348
303 305 334 350
371 61 227 231
27 21 150 379
298 332 292 295
294 278 295 293
313 304 316 329
316 314 353 368
2 3 0 312
143 140 146 106
143 140 106 108
108 140 141 143
140 144 141 143
31 160 303 350
199 178 173 357
44 51 305 334
284 282 218 342
84 85 362 377
305 45 334 339
25 15 16 312
102 105 322 96
9 1 18 309
313 57 329 331
102 101 96 322
307 219 337 354
301 310 348 374
24 312 4 346
303 305 330 340
45 339 345 350
287 281 289 288
216 221 291 290
310 301 364 374
133 286 326 327
18 9 309 315
17 25 321 346
225 164 371 376
319 15 1 16
84 86 87 310
158 173 174 357
112 113 86 310
287 291 290 341
81 94 95 325
70 68 352 367
371 61 376 333
11 9 12 319
309 28 315 319
58 62 331 59
116 126 369 115
253 326 333 371
25 16 309 346
110 108 106 301
147 148 324 149
318 302 367 376
16 32 309 319
320 149 324 148
16 32 25 309
160 345 350 379
281 136 287 285
221 278 332 263
286 367 326 382
21 315 372 373
244 229 248 351
136 281 287 286
173 178 174 357
107 82 109 322
6 2 8 312
2 0 13 312
60 36 300 366
301 146 125 145
3 13 0 312
142 106 108 301
137 301 147 132
109 84 85 362
132 137 301 324
306 309 321 343
263 239 363 375
66 49 383 50
106 125 124 301
81 7 325 80
246 134 92 336
28 12 315 319
109 111 362 368
226 333 92 366
67 65 64 323
220 341 363 375
149 256 255 336
178 340 359 361
361 330 163 340
48 47 334 39
56 306 22 113
146 147 145 301
318 302 329 383
12 19 29 373
295 292 293 332
14 82 328 346
178 199 188 337
148 266 133 267
271 292 332 363
123 105 106 374
250 232 234 378
282 285 342 283
137 301 130 147
192 207 191 195
142 108 110 301
102 104 310 374
26 346 306 24
326 317 344 381
305 339 340 357
179 180 307 359
271 183 363 262
326 333 371 376
339 45 345 370
304 316 318 343
125 129 124 301
69 66 65 313
222 221 209 363
35 25 32 365
37 47 303 329
153 160 151 370
168 158 173 169
184 177 182 337
301 360 314 324
292 271 209 363
129 125 145 301
302 136 138 367
236 264 381 237
303 318 329 383
147 130 145 301
216 218 290 342
61 230 371 227
320 326 333 336
251 249 250 317
61 33 380 60
150 21 42 379
333 326 353 376
172 177 188 182
297 268 341 358
257 247 249 317
138 117 137 360
48 305 49 196
32 28 309 319
134 314 320 324
216 220 347 375
304 26 306 343
57 38 313 329
110 131 142 301
302 318 367 383
187 154 155 357
60 61 353 380
267 258 269 344
102 100 101 82
85 14 346 82
39 303 334 350
114 112 122 310
47 49 303 383
15 13 1 312
51 305 187 155
157 158 339 357
307 164 340 349
339 163 361 370
352 285 283 349
167 178 359 361
75 4 328 346
103 96 101 322
371 230 351 227
109 88 90 377
39 37 303 350
26 22 304 306
255 267 327 344
38 56 313 22
62 58 331 57
225 61 330 380
1 16 312 346
302 69 313 367
306 362 368 377
280 278 332 295
252 255 256 336
40 24 304 20
338 60 353 380
28 30 315 373
1 24 309 346
225 318 376 380
21 27 150 42
90 88 365 377
33 162 330 161
16 25 312 346
30 33 318 330
35 321 338 365
236 234 317 355
133 326 360 327
239 183 363 375
160 339 345 370
85 84 346 377
318 302 376 380
11 12 10 319
84 306 346 377
183 184 186 363
282 290 218 342
306 308 313 316
318 225 330 380
94 75 325 328
326 344 356 381
63 40 329 37
135 138 302 360
158 178 339 357
302 316 318 329
62 46 329 331
50 55 54 305
41 42 20 350
246 245 134 336
269 261 297 358
14 8 2 312
38 304 313 329
162 33 330 61
316 302 318 380
12 16 10 319
160 305 339 340
286 287 356 288
313 66 329 383
17 15 25 312
58 56 313 331
253 247 258 317
17 321 365 377
352 285 349 382
300 338 353 368
106 140 301 142
256 335 149 252
22 304 306 316
21 315 343 350
197 199 200 337
257 258 317 381
326 320 333 353
130 129 145 301
46 65 329 331
42 21 350 379
220 216 341 375
40 304 329 350
134 140 324 335
104 102 322 374
35 60 300 338
31 160 350 379
33 60 35 338
344 269 356 381
26 23 22 306
25 17 321 365
140 106 301 324
302 320 353 360
49 305 50 54
314 92 333 353
248 232 317 351
287 341 356 358
308 316 362 368
144 140 335 324
144 149 324 335
182 184 337 347
277 299 280 311
55 215 305 340
300 35 338 365
292 221 332 363
78 95 81 79
308 302 316 353
95 76 81 325
270 268 297 358
60 338 353 366
199 178 188 173
349 286 356 326
86 121 122 310
33 318 330 380
14 7 8 328
52 305 196 187
287 285 349 342
322 84 362 364
193 182 202 185
267 255 258 344
315 30 343 350
318 303 330 340
200 197 337 347
253 92 247 333
187 155 305 357
243 90 89 300
55 71 72 352
69 313 367 383
38 40 304 329
266 133 267 327
62 65 46 331
36 35 60 300
101 100 103 82
217 283 342 349
91 109 90 377
262 280 278 271
56 306 313 22
249 251 257 317
72 283 349 352
269 260 261 381
149 267 335 336
286 136 367 382
166 161 330 162
340 55 349 352
215 196 54 305
264 237 358 381
341 216 354 375
262 271 332 363
40 20 304 350
178 340 357 359
294 268 296 341
102 84 322 364
22 23 113 306
250 232 249 233
271 292 311 332
38 24 26 304
220 221 222 363
301 131 314 364
268 265 341 358
239 184 183 375
43 42 350 379
45 44 155 305
236 164 356 381
140 245 335 134
332 271 280 311
321 306 368 377
184 347 363 375
360 348 137 301
129 124 301 348
261 260 317 381
183 271 363 186
234 261 317 355
132 148 139 320
63 62 46 329
185 205 222 347
18 24 304 309
148 324 320 132
360 348 120 137
318 316 338 343
31 151 379 159
269 286 344 356
307 342 349 354
342 218 219 354
203 202 205 222
43 53 44 334
92 134 314 320
129 128 348 130
204 182 197 347
285 290 287 281
58 112 115 369
158 153 370 165
69 66 313 383
21 27 372 379
203 185 202 222
68 135 71 367
236 234 231 378
347 220 363 375
282 283 342 284
275 224 209 223
155 45 305 339
28 16 12 319
124 301 348 374
47 303 329 383
160 303 305 330
26 22 38 304
33 318 338 343
152 379 159 150
206 203 224 222
320 134 335 336
199 187 188 197
164 179 359 361
267 320 335 336
191 207 210 206
234 238 235 355
339 160 345 350
109 82 84 322
327 326 336 344
160 163 31 330
21 19 315 373
24 40 304 38
32 33 338 343
119 120 323 369
197 182 337 347
255 327 336 344
202 185 205 222
61 333 353 376
53 39 334 350
285 290 282 342
28 309 315 343
226 36 34 228
178 177 173 174
236 261 317 381
287 341 342 356
289 287 288 356
91 90 300 368
303 160 339 350
304 303 329 350
310 114 348 374
188 178 177 173
258 269 344 381
31 30 318 330
179 307 164 359
177 172 188 173
305 48 334 51
218 216 337 354
161 166 330 163
339 163 340 361
265 270 259 358
116 119 323 369
169 158 173 174
287 136 286 382
153 157 370 156
297 287 356 358
42 41 43 350
60 300 338 366
177 173 174 169
23 87 306 346
47 37 46 329
115 116 323 369
216 290 341 342
149 256 144 254
291 221 294 293
269 261 358 381
30 31 161 330
306 321 346 377
198 215 337 359
154 45 339 370
240 241 242 355
112 58 308 369
302 353 376 380
333 61 366 371
224 195 206 207
188 199 197 337
315 31 379 372
271 186 209 363
28 12 29 373
20 42 21 350
139 133 302 360
23 4 87 346
164 307 340 359
77 5 325 328
314 300 353 368
226 371 366 61
286 269 288 356
301 308 310 314
177 178 180 167
28 29 30 373
55 72 349 352
19 18 21 315
126 116 369 118
225 318 330 340
32 25 321 365
33 30 318 343
134 131 314 324
262 271 278 332
217 219 72 349
24 20 18 304
165 178 361 370
182 204 205 347
292 299 275 311
91 111 109 368
269 257 260 381
1 3 312 13
61 371 376 225
116 118 119 369
304 306 316 343
110 105 107 322
55 219 349 72
326 258 336 344
58 113 112 308
321 338 365 368
164 166 179 361
66 47 46 329
258 371 253 317
186 206 222 363
308 306 310 362
68 69 367 383
148 320 267 327
258 247 257 317
305 55 352 383
237 164 307 356
82 94 325 328
82 15 85 14
37 41 40 350
236 231 371 378
55 68 71 352
248 229 230 351
197 202 182 204
226 247 333 244
290 285 282 281
154 187 173 357
25 17 312 346
186 222 209 363
34 90 17 365
30 31 315 373
110 109 111 364
307 179 164 237
320 302 326 360
302 316 353 380
281 290 287 291
163 161 31 330
296 221 220 363
50 70 352 383
179 167 359 361
151 160 345 370
109 85 88 377
320 302 353 376
326 133 360 302
35 34 300 36
58 56 113 308
105 322 364 374
256 149 255 254
340 164 359 361
158 157 339 370
137 348 120 130
4 77 328 6
155 154 339 357
176 189 191 190
171 175 182 170
340 352 376 383
216 218 342 354
349 286 326 382
134 245 335 336
55 307 219 215
157 154 339 370
184 181 239 183
180 177 184 337
318 340 376 383
30 33 28 343
115 112 114 369
58 115 323 369
117 135 302 360
278 271 280 332
239 237 181 264
75 94 82 328
292 298 295 293
238 240 235 355
286 281 287 288
341 307 342 356
225 61 162 330
218 200 219 337
114 127 126 348
312 85 14 346
92 333 353 366
217 283 284 342
45 334 339 350
237 264 240 238
237 356 358 381
162 225 330 340
308 302 353 360
70 68 367 383
34 35 300 365
221 292 209 363
110 131 301 364
264 341 356 375
235 242 355 240
45 43 334 350
306 321 338 343
206 203 185 202
130 129 301 348
219 349 354 307
164 236 371 376
219 218 337 354
177 178 337 359
266 286 327 344
185 182 202 205
118 130 348 128
296 220 341 363
202 182 204 205
285 287 349 382
191 206 210 190
208 211 224 207
337 307 354 375
28 32 309 343
320 132 324 360
317 258 344 381
127 124 348 374
270 265 268 358
307 341 354 375
157 156 154 370
214 223 212 213
136 73 367 382
184 206 363 185
136 302 139 286
314 92 320 333
206 210 208 207
189 185 190 175
193 172 182 189
330 166 340 361
193 172 188 202
170 175 189 176
170 182 189 175
172 193 182 202
189 172 182 170
18 19 9 315
157 153 370 158
35 34 25 365
310 308 348 369
203 191 195 201
191 195 201 194
193 191 201 194
193 182 185 189
90 365 368 377
226 371 61 229
189 185 193 190
189 193 191 190
193 185 202 206
193 206 202 203
193 203 202 201
193 206 191 190
268 265 296 375
220 222 347 363
32 35 321 338
202 197 182 188
160 163 339 370
218 347 337 216
362 109 368 377
224 186 222 209
124 106 301 374
204 218 347 200
149 252 335 245
34 89 90 300
127 128 126 348
183 184 363 375
102 123 105 96
214 274 275 223
30 318 343 350
17 88 346 377
206 193 191 203
230 36 61 229
347 337 354 375
212 214 213 273
209 206 224 186
265 264 341 358
111 109 362 364
84 102 310 364
189 175 190 176
213 208 224 209
47 48 334 49
333 226 371 366
341 216 342 354
45 44 305 334
310 301 314 364
186 206 224 222
314 111 362 364
131 111 314 364
221 216 296 220
87 4 84 346
352 73 71 74
89 34 243 300
216 221 294 291
292 298 293 299
132 139 137 360
285 290 342 287
37 40 329 350
165 163 153 370
50 55 305 383
333 61 353 366
300 92 353 366
225 318 340 376
123 104 105 374
212 223 275 209
215 198 196 359
237 181 264 375
25 34 17 365
66 47 329 383
68 71 352 367
239 183 262 263
34 226 300 366
261 264 259 358
8 6 14 328
36 230 61 227
211 224 207 223
299 272 277 279
277 299 279 280
24 312 346 1
247 243 226 92
25 309 321 346
164 340 349 376
292 224 221 209
305 160 330 340
36 34 300 366
287 291 297 289
224 223 212 209
224 275 209 292
95 78 81 76
236 317 378 381
214 211 223 213
236 371 376 381
149 255 267 336
108 140 106 142
110 107 109 364
219 307 337 215
200 204 197 347
342 217 349 354
264 259 241 355
6 8 14 312
87 113 306 310
9 13 319 10
180 177 337 359
271 212 275 209
6 4 312 328
275 272 299 279
326 258 371 253
306 308 316 362
58 313 323 331
256 335 336 149
215 196 305 359
149 255 254 267
259 264 241 265
244 247 333 351
311 272 299 275
271 275 272 292
30 31 350 379
271 273 275 212
15 85 14 312
272 292 311 277
55 307 215 359
291 270 268 297
280 262 278 276
294 278 221 296
90 34 300 365
120 117 323 360
314 308 362 368
4 75 84 346
196 187 305 357
170 177 182 171
102 105 104 322
95 94 76 325
87 84 306 346
45 155 154 339
70 68 55 352
323 120 360 369
230 231 351 227
200 198 219 337
26 4 346 24
297 261 270 358
309 306 321 346
133 320 327 360
189 182 185 175
73 74 352 382
316 318 338 380
124 129 127 348
382 356 287 349
45 154 156 370
326 320 353 376
307 340 55 349
316 306 338 343
225 164 231 371
269 258 257 381
196 198 357 359
63 46 37 329
206 184 363 186
135 67 302 367
306 87 310 362
184 337 347 375
285 74 136 382
57 62 329 331
265 270 241 259
19 21 27 373
206 185 222 363
231 164 236 371
371 236 378 381
231 61 225 371
244 248 247 351
4 312 328 346
296 216 294 341
315 31 372 373
302 320 326 376
3 1 312 24
382 356 349 286
255 253 336 246
28 33 32 343
297 287 289 356
233 249 248 232
283 285 342 349
372 159 31 379
138 135 117 360
31 303 318 350
243 92 300 366
49 52 196 54
309 18 315 343
178 165 158 370
151 31 379 160
230 232 248 351
73 136 74 382
49 47 303 334
59 58 323 331
261 234 235 355
152 153 151 370
319 13 15 10
138 135 302 367
264 261 259 355
102 101 99 96
154 157 339 357
65 69 313 331
193 185 206 190
321 17 346 377
326 317 258 344
244 371 226 229
178 180 167 359
109 84 362 322
105 104 322 374
69 67 135 367
74 285 72 382
203 193 191 201
226 333 371 244
271 275 292 209
164 236 376 381
226 243 300 366
245 246 252 336
153 163 160 370
287 297 341 358
242 235 355 259
115 114 126 369
92 320 333 336
6 8 7 328
356 164 376 381
64 59 323 331
231 230 351 378
285 287 382 136
309 16 319 346
301 110 364 374
16 1 319 346
342 307 349 356
264 241 240 355
320 314 353 360
365 321 368 377
337 216 347 354
273 271 275 272
152 42 43 379
264 263 375 239
5 7 325 328
307 55 219 349
135 73 71 367
160 163 330 340
114 310 348 369
114 104 310 122
180 237 307 375
268 296 341 375
69 68 70 383
49 50 334 383
303 49 334 383
318 303 340 383
127 114 104 374
265 268 341 375
65 313 329 331
92 90 300 91
305 303 339 350
87 84 310 362
256 335 252 336
296 263 221 363
15 85 312 17
278 294 221 293
241 259 242 355
293 292 221 332
168 170 177 172
88 17 365 377
341 264 356 358
33 61 380 330
278 263 262 332
312 14 328 346
82 102 84 322
267 149 320 148
281 139 286 136
135 68 69 367
172 202 182 188
216 291 341 290
320 326 327 360
165 179 361 167
134 131 111 314
229 36 228 230
237 264 356 375
69 302 313 323
209 206 208 224
49 66 383 47
56 57 313 331
213 209 224 212
109 107 322 364
88 34 89 90
338 300 353 366
56 58 57 331
15 88 85 17
179 165 361 166
280 278 295 276
53 51 44 334
353 61 376 380
119 120 117 323
301 140 131 142
29 27 372 373
55 215 340 359
264 262 263 239
67 69 302 367
302 286 367 326
287 349 356 342
264 236 238 237
281 290 291 282
55 50 70 352
231 230 378 232
253 247 317 351
207 192 191 210
267 320 336 327
340 307 55 359
246 92 253 333
367 318 376 383
220 222 205 347
164 225 340 376
149 267 254 148
EDGES
0 2
0 3
0 8
0 13
0 312
1 3
1 9
1 13
1 15
1 16
1 18
1 24
1 309
1 312
1 319
1 346
2 3
2 6
2 8
2 10
2 13
2 14
2 15
2 312
3 4
3 6
3 8
3 13
3 24
3 312
4 6
4 23
4 24
4 26
4 75
4 77
4 84
4 87
4 312
4 328
4 346
5 6
5 7
5 8
5 77
5 78
5 80
5 325
5 328
6 7
6 8
6 14
6 77
6 312
6 328
7 8
7 14
7 80
7 81
7 325
7 328
8 14
8 312
8 328
9 10
9 11
9 12
9 13
9 18
9 19
9 309
9 315
9 319
10 11
10 12
10 13
10 15
10 16
10 319
11 12
11 19
11 27
11 29
11 319
12 16
12 19
12 28
12 29
12 315
12 319
12 373
13 15
13 312
13 319
14 15
14 81
14 82
14 85
14 312
14 325
14 328
14 346
15 16
15 17
15 25
15 82
15 85
15 88
15 312
15 319
16 25
16 28
16 32
16 309
16 312
16 319
16 346
17 25
17 34
17 85
17 88
17 90
17 312
17 321
17 346
17 365
17 377
18 19
18 20
18 21
18 24
18 304
18 309
18 315
18 343
19 21
19 27
19 29
19 315
19 373
20 21
20 24
20 40
20 41
20 42
20 304
20 350
21 27
21 42
21 150
21 304
21 315
21 343
21 350
21 372
21 373
21 379
22 23
22 26
22 38
22 56
22 113
22 304
22 306
22 313
22 316
23 26
23 87
23 113
23 306
23 346
24 26
24 38
24 40
24 304
24 306
24 309
24 312
24 343
24 346
25 32
25 34
25 35
25 309
25 312
25 321
25 346
25 365
26 38
26 304
26 306
26 343
26 346
27 29
27 42
27 150
27 372
27 373
27 379
28 29
28 30
28 32
28 33
28 35
28 309
28 315
28 319
28 343
28 373
29 30
29 31
29 150
29 159
29 372
29 373
29 379
30 31
30 33
30 161
30 315
30 318
30 330
30 343
30 350
30 373
30 379
31 151
31 159
31 160
31 161
31 163
31 303
31 315
31 318
31 330
31 350
31 372
31 373
31 379
32 33
32 35
32 309
32 319
32 321
32 338
32 343
32 365
33 35
33 60
33 61
33 161
33 162
33 318
33 330
33 338
33 343
33 380
34 35
34 36
34 88
34 89
34 90
34 226
34 228
34 243
34 300
34 365
34 366
35 36
35 60
35 300
35 321
35 338
35 365
36 60
36 61
36 226
36 227
36 228
36 229
36 230
36 300
36 366
37 39
37 40
37 41
37 46
37 47
37 63
37 303
37 329
37 350
38 40
38 56
38 57
38 63
38 304
38 313
38 329
39 41
39 43
39 47
39 48
39 53
39 303
39 334
39 350
40 41
40 63
40 304
40 329
40 350
41 42
41 43
41 350
42 43
42 150
42 152
42 350
42 379
43 44
43 45
43 53
43 152
43 334
43 345
43 350
43 379
44 45
44 51
44 53
44 155
44 305
44 334
45 152
45 154
45 155
45 156
45 305
45 334
45 339
45 345
45 350
45 370
46 47
46 62
46 63
46 65
46 66
46 329
46 331
47 48
47 49
47 66
47 303
47 329
47 334
47 383
48 49
48 51
48 52
48 53
48 196
48 305
48 334
49 50
49 52
49 54
49 66
49 196
49 303
49 305
49 334
49 383
50 54
50 55
50 66
50 70
50 305
50 334
50 352
50 383
51 52
51 53
51 155
51 187
51 305
51 334
52 54
52 187
52 196
52 305
53 334
53 350
54 55
54 196
54 215
54 305
55 68
55 70
55 71
55 72
55 215
55 219
55 305
55 307
55 340
55 349
55 352
55 359
55 383
56 57
56 58
56 113
56 306
56 308
56 313
56 331
57 58
57 62
57 63
57 313
57 329
57 331
58 59
58 62
58 112
58 113
58 115
58 116
58 308
58 313
58 323
58 331
58 369
59 62
59 64
59 116
59 323
59 331
60 61
60 300
60 338
60 353
60 366
60 380
61 162
61 225
61 226
61 227
61 229
61 230
61 231
61 330
61 333
61 353
61 366
61 371
61 376
61 380
62 63
62 64
62 65
62 329
62 331
63 329
64 65
64 67
64 116
64 119
64 323
64 331
65 66
65 67
65 69
65 313
65 323
65 329
65 331
66 69
66 70
66 313
66 329
66 383
67 69
67 117
67 119
67 135
67 302
67 323
67 367
68 69
68 70
68 71
68 135
68 352
68 367
68 383
69 70
69 135
69 302
69 313
69 323
69 331
69 367
69 383
70 352
70 367
70 383
71 72
71 73
71 74
71 135
71 352
71 367
72 74
72 217
72 219
72 283
72 285
72 349
72 352
72 382
73 74
73 135
73 136
73 138
73 352
73 367
73 382
74 136
74 285
74 352
74 382
75 76
75 77
75 82
75 84
75 87
75 94
75 325
75 328
75 346
76 77
76 78
76 81
76 94
76 95
76 325
77 78
77 325
77 328
78 79
78 80
78 81
78 93
78 95
78 325
79 80
79 81
79 93
79 95
80 81
80 325
81 82
81 83
81 93
81 94
81 95
81 98
81 325
82 83
82 84
82 85
82 88
82 94
82 100
82 101
82 102
82 103
82 107
82 109
82 322
82 325
82 328
82 346
83 94
83 95
83 98
83 100
84 85
84 86
84 87
84 94
84 102
84 109
84 306
84 310
84 322
84 346
84 362
84 364
84 377
85 88
85 90
85 109
85 312
85 346
85 362
85 377
86 87
86 102
86 112
86 113
86 121
86 122
86 310
87 113
87 306
87 310
87 346
87 362
88 89
88 90
88 109
88 346
88 365
88 377
89 90
89 226
89 243
89 300
90 91
90 92
90 109
90 243
90 300
90 365
90 368
90 377
91 92
91 109
91 111
91 134
91 300
91 314
91 368
91 377
92 134
92 226
92 243
92 246
92 247
92 253
92 300
92 314
92 320
92 333
92 336
92 353
92 366
93 95
93 97
93 98
94 95
94 98
94 100
94 102
94 325
94 328
95 97
95 98
95 99
95 102
95 325
96 99
96 101
96 102
96 103
96 105
96 106
96 123
96 322
97 98
97 99
98 99
98 100
98 102
98 103
99 100
99 101
99 102
99 103
100 101
100 102
100 103
101 102
101 103
101 105
101 107
101 322
102 104
102 105
102 121
102 123
102 310
102 322
102 364
102 374
103 105
103 107
103 322
104 105
104 114
104 121
104 122
104 123
104 127
104 310
104 322
104 374
105 106
105 107
105 108
105 110
105 123
105 322
105 364
105 374
106 108
106 110
106 123
106 124
106 125
106 140
106 142
106 143
106 146
106 301
106 324
106 374
107 109
107 110
107 322
107 364
108 110
108 140
108 141
108 142
108 143
108 301
109 110
109 111
109 322
109 362
109 364
109 368
109 377
110 111
110 131
110 142
110 301
110 322
110 364
110 374
111 131
111 134
111 314
111 362
111 364
111 368
112 113
112 114
112 115
112 122
112 308
112 310
112 369
113 306
113 308
113 310
114 115
114 122
114 126
114 127
114 310
114 348
114 369
114 374
115 116
115 126
115 323
115 369
116 118
116 119
116 126
116 323
116 369
117 119
117 120
117 135
117 137
117 138
117 302
117 323
117 360
118 119
118 120
118 126
118 128
118 130
118 348
118 369
119 120
119 323
119 369
120 130
120 137
120 323
120 348
120 360
120 369
121 122
121 310
122 310
123 124
123 127
123 374
124 125
124 127
124 129
124 301
124 348
124 374
125 129
125 145
125 146
125 301
126 127
126 128
126 348
126 369
127 128
127 129
127 348
127 374
128 129
128 130
128 348
129 130
129 145
129 301
129 348
130 137
130 145
130 147
130 301
130 348
131 134
131 140
131 142
131 301
131 314
131 324
131 364
132 137
132 139
132 147
132 148
132 301
132 320
132 324
132 360
133 139
133 148
133 266
133 267
133 286
133 302
133 320
133 326
133 327
133 360
134 140
134 245
134 246
134 314
134 320
134 324
134 335
134 336
135 138
135 302
135 360
135 367
136 138
136 139
136 281
136 285
136 286
136 287
136 302
136 367
136 382
137 138
137 139
137 147
137 301
137 324
137 348
137 360
138 139
138 302
138 360
138 367
139 148
139 281
139 286
139 302
139 320
139 360
140 141
140 142
140 143
140 144
140 146
140 245
140 301
140 324
140 335
141 143
141 144
141 245
141 335
142 301
143 144
143 146
144 146
144 149
144 245
144 252
144 254
144 256
144 324
144 335
145 146
145 147
145 301
146 147
146 149
146 301
146 324
147 148
147 149
147 301
147 324
148 149
148 254
148 266
148 267
148 320
148 324
148 327
149 245
149 252
149 254
149 255
149 256
149 267
149 320
149 324
149 335
149 336
150 151
150 152
150 159
150 379
151 152
151 153
151 159
151 160
151 345
151 370
151 379
152 153
152 156
152 159
152 345
152 370
152 379
153 156
153 157
153 158
153 160
153 163
153 165
153 370
154 155
154 156
154 157
154 173
154 187
154 339
154 357
154 370
155 187
155 305
155 339
155 357
156 157
156 370
157 158
157 173
157 339
157 357
157 370
158 165
158 168
158 169
158 172
158 173
158 174
158 178
158 339
158 357
158 370
159 372
159 379
160 163
160 303
160 305
160 330
160 339
160 340
160 345
160 350
160 370
160 379
161 162
161 163
161 166
161 330
162 164
162 166
162 225
162 330
162 340
163 165
163 166
163 330
163 339
163 340
163 361
163 370
164 166
164 179
164 225
164 231
164 236
164 237
164 307
164 340
164 349
164 356
164 359
164 361
164 371
164 376
164 381
165 166
165 167
165 178
165 179
165 361
165 370
166 179
166 330
166 340
166 361
167 177
167 178
167 179
167 180
167 359
167 361
168 169
168 170
168 171
168 172
168 173
168 177
169 171
169 173
169 174
169 177
170 171
170 172
170 175
170 176
170 177
170 182
170 189
171 175
171 177
171 182
172 173
172 177
172 182
172 188
172 189
172 193
172 202
173 174
173 177
173 178
173 187
173 188
173 199
173 357
174 177
174 178
174 357
175 176
175 182
175 185
175 189
175 190
176 189
176 190
176 191
177 178
177 180
177 182
177 184
177 188
177 337
177 359
178 180
178 188
178 199
178 337
178 339
178 340
178 357
178 359
178 361
178 370
179 180
179 237
179 307
179 359
179 361
180 181
180 184
180 237
180 307
180 337
180 359
180 375
181 183
181 184
181 237
181 239
181 264
181 375
182 184
182 185
182 188
182 189
182 193
182 197
182 202
182 204
182 205
182 337
182 347
183 184
183 186
183 239
183 262
183 263
183 271
183 363
183 375
184 185
184 186
184 206
184 239
184 337
184 347
184 363
184 375
185 189
185 190
185 193
185 202
185 203
185 205
185 206
185 222
185 347
185 363
186 206
186 209
186 222
186 224
186 271
186 363
187 188
187 196
187 197
187 199
187 305
187 357
188 193
188 197
188 199
188 202
188 337
189 190
189 191
189 193
189 194
190 191
190 193
190 206
190 210
191 192
191 193
191 194
191 195
191 201
191 203
191 206
191 207
191 210
192 194
192 195
192 207
192 210
193 194
193 201
193 202
193 203
193 206
194 195
194 201
195 201
195 203
195 206
195 207
195 224
196 198
196 199
196 215
196 305
196 357
196 359
197 199
197 200
197 202
197 204
197 337
197 347
198 199
198 200
198 215
198 219
198 337
198 357
198 359
199 200
199 337
199 357
200 204
200 218
200 219
200 337
200 347
201 202
201 203
202 203
202 204
202 205
202 206
202 222
203 205
203 206
203 222
203 224
204 205
204 216
204 218
204 220
204 347
205 220
205 222
205 347
206 207
206 208
206 209
206 210
206 222
206 224
206 363
207 208
207 210
207 211
207 223
207 224
208 209
208 210
208 211
208 213
208 224
209 212
209 213
209 221
209 222
209 223
209 224
209 271
209 275
209 292
209 363
210 211
211 213
211 214
211 223
211 224
212 213
212 214
212 223
212 224
212 271
212 273
212 275
213 214
213 223
213 224
213 273
214 223
214 273
214 274
214 275
215 219
215 305
215 307
215 337
215 340
215 359
216 218
216 220
216 221
216 290
216 291
216 294
216 296
216 337
216 341
216 342
216 347
216 354
216 375
217 219
217 283
217 284
217 342
217 349
217 354
218 219
218 282
218 284
218 290
218 337
218 342
218 347
218 354
219 284
219 307
219 337
219 342
219 349
219 354
220 221
220 222
220 296
220 341
220 347
220 363
220 375
221 222
221 224
221 263
221 278
221 290
221 291
221 292
221 293
221 294
221 296
221 332
221 363
222 224
222 347
222 363
223 224
223 274
223 275
224 275
224 292
225 231
225 318
225 330
225 340
225 371
225 376
225 380
226 228
226 229
226 243
226 244
226 247
226 300
226 333
226 366
226 371
227 230
227 231
227 351
227 371
228 229
228 230
229 230
229 244
229 248
229 351
229 371
230 231
230 232
230 248
230 351
230 371
230 378
231 232
231 234
231 236
231 351
231 371
231 378
232 233
232 234
232 248
232 249
232 250
232 317
232 351
232 378
233 248
233 249
233 250
234 235
234 236
234 238
234 250
234 261
234 317
234 355
234 378
235 238
235 240
235 242
235 250
235 251
235 259
235 260
235 261
235 317
235 355
236 237
236 238
236 261
236 264
236 317
236 355
236 356
236 371
236 376
236 378
236 381
237 238
237 239
237 240
237 264
237 307
237 356
237 358
237 375
237 381
238 240
238 264
238 355
239 262
239 263
239 264
239 363
239 375
240 241
240 242
240 264
240 355
241 242
241 259
241 264
241 265
241 270
241 355
242 259
242 355
243 244
243 247
243 300
243 366
244 247
244 248
244 333
244 351
244 371
245 246
245 252
245 335
245 336
246 252
246 253
246 255
246 333
246 336
247 248
247 249
247 253
247 257
247 258
247 317
247 333
247 351
248 249
248 317
248 351
249 250
249 251
249 257
249 317
249 351
250 251
250 317
250 378
251 257
251 260
251 317
252 255
252 256
252 335
252 336
253 255
253 258
253 317
253 326
253 333
253 336
253 351
253 371
254 255
254 256
254 267
255 256
255 258
255 267
255 327
255 336
255 344
256 335
256 336
257 258
257 260
257 269
257 317
257 381
258 267
258 269
258 317
258 326
258 336
258 344
258 371
258 381
259 261
259 264
259 265
259 270
259 355
259 358
260 261
260 269
260 317
260 381
261 264
261 269
261 270
261 297
261 317
261 355
261 358
261 381
262 263
262 264
262 271
262 276
262 278
262 280
262 332
262 363
263 264
263 265
263 278
263 296
263 332
263 363
263 375
264 265
264 341
264 355
264 356
264 358
264 375
264 381
265 268
265 270
265 296
265 341
265 358
265 375
266 267
266 269
266 286
266 288
266 327
266 344
267 269
267 320
267 327
267 335
267 336
267 344
268 270
268 291
268 294
268 296
268 297
268 341
268 358
268 375
269 286
269 288
269 297
269 344
269 356
269 358
269 381
270 291
270 297
270 358
271 272
271 273
271 275
271 277
271 278
271 280
271 292
271 311
271 332
271 363
272 273
272 275
272 277
272 279
272 292
272 299
272 311
273 274
273 275
273 277
274 275
275 279
275 292
275 299
275 311
276 278
276 280
276 295
276 298
277 279
277 280
277 292
277 299
277 311
278 280
278 293
278 294
278 295
278 296
278 332
279 280
279 298
279 299
280 295
280 298
280 299
280 311
280 332
281 282
281 285
281 286
281 287
281 288
281 289
281 290
281 291
282 283
282 284
282 285
282 290
282 291
282 342
283 284
283 285
283 342
283 349
283 352
284 342
285 287
285 290
285 342
285 349
285 352
285 382
286 287
286 288
286 302
286 326
286 327
286 344
286 349
286 356
286 367
286 382
287 288
287 289
287 290
287 291
287 297
287 341
287 342
287 349
287 356
287 358
287 382
288 289
288 297
288 356
289 291
289 297
289 356
290 291
290 341
290 342
291 293
291 294
291 297
291 341
292 293
292 295
292 298
292 299
292 311
292 332
292 363
293 294
293 295
293 298
293 299
293 332
294 295
294 296
294 341
295 298
295 332
296 341
296 363
296 375
297 341
297 356
297 358
298 299
298 311
298 332
299 311
300 314
300 338
300 353
300 365
300 366
300 368
301 308
301 310
301 314
301 324
301 348
301 360
301 364
301 374
302 308
302 313
302 316
302 318
302 320
302 323
302 326
302 329
302 353
302 360
302 367
302 376
302 380
302 383
303 304
303 305
303 318
303 329
303 330
303 334
303 339
303 340
303 350
303 383
304 306
304 309
304 313
304 315
304 316
304 318
304 329
304 343
304 350
305 330
305 334
305 339
305 340
305 350
305 352
305 357
305 359
305 383
306 308
306 309
306 310
306 313
306 316
306 321
306 338
306 343
306 346
306 362
306 368
306 377
307 337
307 340
307 341
307 342
307 349
307 354
307 356
307 359
307 375
308 310
308 313
308 314
308 316
308 323
308 348
308 353
308 360
308 362
308 368
308 369
309 315
309 319
309 321
309 343
309 346
310 314
310 348
310 362
310 364
310 369
310 374
311 332
312 328
312 346
313 316
313 323
313 329
313 331
313 367
313 383
314 316
314 320
314 324
314 333
314 353
314 360
314 362
314 364
314 368
315 319
315 343
315 350
315 372
315 373
315 379
316 318
316 329
316 338
316 343
316 353
316 362
316 368
316 380
317 326
317 344
317 351
317 355
317 371
317 378
317 381
318 329
318 330
318 338
318 340
318 343
318 350
318 367
318 376
318 380
318 383
319 346
320 324
320 326
320 327
320 333
320 335
320 336
320 353
320 360
320 376
321 338
321 343
321 346
321 365
321 368
321 377
322 362
322 364
322 374
323 331
323 360
323 369
324 335
324 360
325 328
326 327
326 333
326 336
326 344
326 349
326 353
326 356
326 360
326 367
326 371
326 376
326 381
326 382
327 336
327 344
327 360
328 346
329 331
329 350
329 383
330 340
330 361
330 380
332 363
333 336
333 351
333 353
333 366
333 371
333 376
334 339
334 350
334 383
335 336
336 344
337 347
337 354
337 357
337 359
337 375
338 343
338 353
338 365
338 366
338 368
338 380
339 340
339 345
339 350
339 357
339 361
339 370
340 349
340 352
340 357
340 359
340 361
340 376
340 383
341 342
341 354
341 356
341 358
341 363
341 375
342 349
342 354
342 356
343 350
344 356
344 381
345 350
345 370
345 379
346 377
347 354
347 363
347 375
348 360
348 369
348 374
349 352
349 354
349 356
349 376
349 382
350 379
351 371
351 378
352 367
352 376
352 382
352 383
353 360
353 366
353 368
353 376
353 380
354 375
356 358
356 375
356 376
356 381
356 382
357 359
357 361
358 381
359 361
360 369
361 370
362 364
362 368
362 377
363 375
364 374
365 368
365 377
366 371
367 376
367 382
367 383
368 377
371 376
371 378
371 381
372 373
372 379
376 380
376 381
376 382
376 383
378 381
SURFACE_TRIANGLES
0 2 8
0 2 13
0 3 8
0 3 13
1 3 13
1 3 24
1 9 13
1 9 18
1 18 24
2 8 14
2 10 13
2 10 15
2 14 15
3 4 6
3 4 24
3 6 8
4 6 77
4 23 26
4 23 87
4 24 26
4 75 77
4 75 87
5 6 8
5 6 77
5 7 8
5 7 80
5 77 78
5 78 80
7 8 14
7 14 81
7 80 81
9 10 11
9 10 13
9 11 19
9 18 19
10 11 12
10 12 16
10 15 16
11 12 29
11 19 27
11 27 29
12 16 28
12 28 29
14 15 82
14 81 82
15 16 25
15 17 25
15 17 88
15 82 88
16 25 32
16 28 32
17 25 34
17 34 88
18 19 21
18 20 21
18 20 24
19 21 27
20 21 42
20 24 40
20 40 41
20 41 42
21 27 42
22 23 26
22 23 113
22 26 38
22 38 56
22 56 113
23 87 113
24 26 38
24 38 40
25 32 35
25 34 35
27 29 150
27 42 150
28 29 30
28 30 33
28 32 35
28 33 35
29 30 31
29 31 159
29 150 159
30 31 161
30 33 161
31 151 159
31 151 160
31 160 163
31 161 163
33 35 60
33 60 61
33 61 162
33 161 162
34 35 36
34 36 228
34 88 89
34 89 226
34 226 228
35 36 60
36 60 61
36 61 227
36 227 230
36 228 230
37 39 41
37 39 47
37 40 41
37 40 63
37 46 47
37 46 63
38 40 63
38 56 57
38 57 63
39 41 43
39 43 53
39 47 48
39 48 53
41 42 43
42 43 152
42 150 152
43 44 45
43 44 53
43 45 152
44 45 155
44 51 53
44 51 155
45 152 156
45 154 155
45 154 156
46 47 66
46 62 63
46 62 65
46 65 66
47 48 49
47 49 66
48 49 52
48 51 52
48 51 53
49 50 54
49 50 66
49 52 54
50 54 55
50 55 70
50 66 70
51 52 187
51 155 187
52 54 196
52 187 196
54 55 215
54 196 215
55 68 70
55 68 71
55 71 72
55 72 219
55 215 219
56 57 58
56 58 113
57 58 62
57 62 63
58 59 62
58 59 116
58 112 113
58 112 115
58 115 116
59 62 64
59 64 116
61 162 225
61 225 231
61 227 231
62 64 65
64 65 67
64 67 119
64 116 119
65 66 69
65 67 69
66 69 70
67 69 135
67 117 119
67 117 135
68 69 70
68 69 135
68 71 135
71 72 74
71 73 74
71 73 135
72 74 285
72 217 219
72 217 283
72 283 285
73 74 136
73 135 138
73 136 138
74 136 285
75 76 77
75 76 94
75 84 87
75 84 94
76 77 78
76 78 95
76 94 95
78 79 80
78 79 93
78 93 95
79 80 81
79 81 93
81 82 83
81 83 98
81 93 98
82 83 100
82 85 88
82 85 109
82 100 103
82 103 107
82 107 109
83 98 100
84 86 87
84 86 102
84 94 102
85 88 90
85 90 109
86 87 113
86 102 121
86 112 113
86 112 122
86 121 122
88 89 90
89 90 243
89 226 243
90 91 92
90 91 109
90 92 243
91 92 134
91 109 111
91 111 134
92 134 246
92 243 247
92 246 253
92 247 253
93 95 97
93 97 98
94 95 102
95 97 99
95 99 102
96 99 101
96 99 102
96 101 105
96 102 123
96 105 106
96 106 123
97 98 99
98 99 103
98 100 103
99 101 103
101 103 105
102 104 121
102 104 123
103 105 107
104 114 122
104 114 127
104 121 122
104 123 127
105 106 108
105 107 110
105 108 110
106 108 143
106 123 124
106 124 125
106 125 146
106 143 146
107 109 110
108 110 142
108 140 141
108 140 142
108 141 143
109 110 111
110 111 131
110 131 142
111 131 134
112 114 115
112 114 122
114 115 126
114 126 127
115 116 126
116 118 119
116 118 126
117 119 120
117 120 137
117 135 138
117 137 138
118 119 120
118 120 130
118 126 128
118 128 130
120 130 137
123 124 127
124 125 129
124 127 129
125 129 145
125 145 146
126 127 128
127 128 129
128 129 130
129 130 145
130 137 147
130 145 147
131 134 140
131 140 142
132 137 139
132 137 147
132 139 148
132 147 148
133 139 148
133 139 286
133 148 266
133 266 286
134 140 245
134 245 246
136 138 139
136 139 281
136 281 285
137 138 139
139 281 286
140 141 245
141 143 144
141 144 245
143 144 146
144 146 149
144 149 254
144 245 252
144 252 256
144 254 256
145 146 147
146 147 149
147 148 149
148 149 254
148 254 267
148 266 267
150 151 152
150 151 159
151 152 153
151 153 160
152 153 156
153 156 157
153 157 158
153 158 165
153 160 163
153 163 165
154 155 187
154 156 157
154 157 173
154 173 187
157 158 173
158 165 178
158 168 169
158 168 172
158 169 174
158 172 173
158 174 178
161 162 166
161 163 166
162 164 166
162 164 225
163 165 166
164 166 179
164 179 237
164 225 231
164 231 236
164 236 237
165 166 179
165 167 178
165 167 179
167 177 178
167 177 180
167 179 180
168 169 171
168 170 171
168 170 172
169 171 177
169 174 177
170 171 175
170 172 189
170 175 176
170 176 189
171 175 182
171 177 182
172 173 188
172 188 193
172 189 193
173 187 188
174 177 178
175 176 190
175 182 185
175 185 190
176 189 191
176 190 191
177 180 184
177 182 184
179 180 237
180 181 184
180 181 237
181 183 184
181 183 239
181 237 239
182 184 185
183 184 186
183 186 271
183 239 262
183 262 271
184 185 206
184 186 206
185 190 206
186 206 209
186 209 271
187 188 197
187 196 199
187 197 199
188 193 202
188 197 202
189 191 194
189 193 194
190 191 210
190 206 210
191 192 194
191 192 210
192 194 195
192 195 207
192 207 210
193 194 201
193 201 202
194 195 201
195 201 203
195 203 224
195 207 224
196 198 199
196 198 215
197 199 200
197 200 204
197 202 204
198 199 200
198 200 219
198 215 219
200 204 218
200 218 219
201 202 203
202 203 205
202 204 205
203 205 222
203 222 224
204 205 220
204 216 218
204 216 220
205 220 222
206 208 209
206 208 210
207 210 211
207 211 223
207 223 224
208 209 213
208 210 211
208 211 213
209 212 213
209 212 271
211 213 214
211 214 223
212 213 273
212 271 273
213 214 273
214 223 274
214 273 274
216 218 290
216 220 221
216 221 290
217 219 284
217 283 284
218 219 284
218 282 284
218 282 290
220 221 222
221 222 224
221 224 292
221 290 291
221 291 293
221 292 293
223 224 275
223 274 275
224 275 292
226 228 229
226 229 244
226 243 244
227 230 231
228 229 230
229 230 248
229 244 248
230 231 232
230 232 248
231 232 234
231 234 236
232 233 248
232 233 250
232 234 250
233 248 249
233 249 250
234 235 238
234 235 250
234 236 238
235 238 240
235 240 242
235 242 259
235 250 251
235 251 260
235 259 261
235 260 261
236 237 238
237 238 240
237 239 264
237 240 264
239 262 264
240 241 242
240 241 264
241 242 259
241 259 270
241 264 265
241 265 270
243 244 247
244 247 248
245 246 252
246 252 255
246 253 255
247 248 249
247 249 257
247 253 258
247 257 258
249 250 251
249 251 257
251 257 260
252 255 256
253 255 258
254 255 256
254 255 267
255 258 267
257 258 269
257 260 269
258 267 269
259 261 270
260 261 269
261 269 297
261 270 297
262 263 264
262 263 278
262 271 280
262 276 278
262 276 280
263 264 265
263 265 296
263 278 296
265 268 270
265 268 296
266 267 269
266 269 288
266 286 288
268 270 291
268 291 294
268 294 296
269 288 297
270 291 297
271 273 277
271 277 280
272 273 275
272 273 277
272 275 279
272 277 279
273 274 275
275 279 299
275 292 299
276 278 295
276 280 298
276 295 298
277 279 280
278 294 295
278 294 296
279 280 298
279 298 299
281 282 285
281 282 291
281 286 288
281 287 289
281 287 291
281 288 289
282 283 284
282 283 285
282 290 291
287 289 291
288 289 297
289 291 297
291 293 294
292 293 299
293 294 295
293 295 298
293 298 299
