VERTICES
-0.9226 0.293037 0.497767
-0.911308 0.283081 0.499841
-0.935685 0.3191 0.490223
-0.930915 0.305322 0.494487
-0.936602 0.333432 0.485268
-0.93358 0.347342 0.479956
-0.926847 0.359883 0.474653
-0.916848 0.370197 0.469717
-0.883046 0.272672 0.499894
-0.879908 0.324696 0.472886
-0.867999 0.272929 0.49787
-0.853695 0.276885 0.494632
-0.874912 0.381796 0.460223
-0.860143 0.378332 0.45955
-0.904263 0.377583 0.465486
-0.889968 0.38154 0.462249
-0.985809 0.318955 0.520726
-0.976584 0.292342 0.528966
-1.01381 0.286639 0.573967
-0.99109 0.253079 0.582933
-1.02687 0.324267 0.562306
-1.02937 0.363414 0.548754
-0.987575 0.346635 0.511143
-0.981754 0.373504 0.500878
-0.923405 0.206909 0.590579
-0.960258 0.225884 0.588598
-0.883038 0.197447 0.588742
-0.884114 0.229271 0.53941
-0.85504 0.229763 0.535501
-0.912653 0.23596 0.540709
-0.897826 0.276137 0.500566
-0.960522 0.26861 0.535302
-0.938715 0.249377 0.539308
-1.01223 0.247506 0.637412
-1.0225 0.252266 0.69502
-0.974466 0.214199 0.64435
-0.980367 0.21512 0.702762
-0.929328 0.190961 0.646776
-0.879889 0.179372 0.644525
-0.930021 0.1892 0.705468
-0.874884 0.176275 0.702959
-1.02121 0.267029 0.751827
-0.977567 0.228584 0.759857
-0.966274 0.253666 0.811732
-0.925452 0.201749 0.762659
-0.86836 0.188368 0.760059
-0.86073 0.214812 0.811913
-0.915895 0.227748 0.81444
-0.902027 0.265402 0.857249
-1.05606 0.334687 0.612142
-1.07141 0.349503 0.666828
-1.05912 0.382632 0.595545
-1.07184 0.367698 0.722643
-1.05356 0.298097 0.682759
-1.04006 0.2886 0.626425
-1.05337 0.314479 0.739133
-1.03949 0.33663 0.791712
-1.01288 0.363016 0.836933
-1.00843 0.290799 0.803973
-0.985025 0.321924 0.847915
-0.95257 0.358311 0.880592
-0.947216 0.28863 0.854841
-0.921699 0.331127 0.886247
-0.884803 0.31216 0.888214
-0.891472 0.378258 0.903829
-0.865379 0.364847 0.90522
-0.968744 0.397729 0.49063
-0.975407 0.46386 0.506267
-0.949424 0.417659 0.481098
-0.941035 0.484046 0.494717
-0.897477 0.439583 0.466675
-0.868403 0.440081 0.462757
-0.925115 0.431934 0.472931
-0.90195 0.494857 0.485885
-1.07482 0.402978 0.648316
-1.06357 0.454882 0.628486
-1.07539 0.423067 0.703481
-1.06374 0.476804 0.682951
-1.02114 0.401412 0.534237
-1.04903 0.429168 0.577765
-1.00273 0.435672 0.519745
-1.02649 0.471131 0.560018
-0.95093 0.530375 0.529365
-0.993026 0.505654 0.54351
-0.954126 0.567763 0.574526
-1.0011 0.540187 0.590284
-0.860821 0.495576 0.480336
-0.852684 0.544493 0.511763
-0.90306 0.543619 0.518547
-0.90073 0.582537 0.562459
-1.03843 0.501684 0.60869
-0.999066 0.565109 0.643408
-1.03772 0.525253 0.662455
-1.02438 0.540201 0.717666
-0.987045 0.578675 0.699273
-0.950427 0.59364 0.6271
-0.940053 0.606246 0.683491
-0.89513 0.608927 0.614596
-0.886629 0.621013 0.671412
-1.06076 0.441518 0.757274
-1.05734 0.388039 0.775783
-1.03195 0.457047 0.806065
-1.02889 0.409107 0.822654
-0.98839 0.429489 0.859987
-0.975317 0.391861 0.871635
-0.990893 0.468634 0.84644
-0.93863 0.447813 0.88526
-1.04952 0.493423 0.737447
-1.02187 0.503572 0.788298
-0.965827 0.580027 0.754012
-0.999311 0.545518 0.770534
-0.982654 0.506625 0.831918
-0.964234 0.540874 0.817411
-0.940397 0.475491 0.875681
-0.93689 0.569053 0.803931
-0.934573 0.502356 0.865413
-0.929391 0.421206 0.893498
-0.883931 0.477148 0.891818
-0.883008 0.462821 0.896776
-0.880907 0.491055 0.886508
-0.913306 0.397483 0.899831
-0.858597 0.426816 0.906388
-0.878229 0.449048 0.90104
-0.869903 0.436768 0.904318
-0.863389 0.600044 0.783537
-0.902499 0.589236 0.792379
-0.875807 0.617984 0.729033
-0.923707 0.604743 0.739864
-0.902215 0.546501 0.845634
-0.877887 0.560772 0.837464
-0.921552 0.526576 0.855163
-0.874168 0.503594 0.881208
-0.864159 0.513908 0.876276
-0.841115 0.284273 0.490401
-0.78379 0.271606 0.511537
-0.827408 0.237406 0.529246
-0.803107 0.251679 0.521072
-0.781669 0.193463 0.626919
-0.829527 0.180227 0.637752
-0.802842 0.208954 0.574366
-0.841918 0.198145 0.583212
-0.835363 0.361433 0.462349
-0.827048 0.349149 0.46563
-0.84665 0.371387 0.460275
-0.791999 0.400743 0.466865
-0.831115 0.294588 0.485465
-0.824378 0.307128 0.480161
-0.821362 0.321037 0.47485
-0.822273 0.33537 0.469894
-0.768473 0.229136 0.562807
-0.770775 0.295831 0.50129
-0.741157 0.257318 0.549322
-0.722743 0.291576 0.534826
-0.706078 0.252684 0.596215
-0.739564 0.218177 0.612752
-0.683511 0.294638 0.578443
-0.655848 0.304797 0.629228
-0.766709 0.350392 0.481451
-0.764948 0.322703 0.49103
-0.775936 0.377011 0.473207
-0.730048 0.406379 0.495106
-0.716994 0.36873 0.506757
-0.7145 0.329568 0.520307
-0.676504 0.389122 0.544071
-0.67345 0.34116 0.560667
-0.64461 0.356701 0.609391
-0.818712 0.177228 0.695404
-0.810177 0.189342 0.752218
-0.765308 0.191983 0.683303
-0.754877 0.204617 0.739677
-0.718325 0.219543 0.667483
-0.680974 0.258031 0.649032
-0.706233 0.23315 0.723294
-0.667565 0.272997 0.704191
-0.804523 0.215756 0.80433
-0.754248 0.267897 0.837327
-0.852535 0.25382 0.854977
-0.802136 0.25467 0.848183
-0.704118 0.258071 0.776384
-0.751104 0.230511 0.79221
-0.666767 0.296559 0.757933
-0.712122 0.292608 0.823139
-0.678634 0.327115 0.806596
-0.702382 0.362564 0.846863
-0.656175 0.368999 0.788866
-0.684025 0.396776 0.832387
-0.641589 0.321389 0.683702
-0.629936 0.375129 0.663176
-0.641696 0.343294 0.738146
-0.630439 0.395195 0.71833
-0.844392 0.302704 0.886359
-0.803231 0.303404 0.880809
-0.836809 0.358162 0.903908
-0.807705 0.358656 0.899984
-0.764119 0.314211 0.871941
-0.780047 0.366297 0.893714
-0.729721 0.334389 0.860361
-0.736391 0.400491 0.875991
-0.755725 0.380567 0.885525
-0.839865 0.433391 0.461456
-0.820461 0.486116 0.478494
-0.813804 0.419973 0.462857
-0.783605 0.467143 0.480475
-0.752768 0.439947 0.486143
-0.720322 0.476348 0.518831
-0.696888 0.507482 0.562729
-0.692492 0.435232 0.529802
-0.665847 0.461625 0.574965
-0.651926 0.483758 0.627526
-0.665135 0.509608 0.740221
-0.651681 0.500122 0.683896
-0.648017 0.410195 0.590881
-0.633461 0.430511 0.644014
-0.633845 0.448689 0.699822
-0.649143 0.463495 0.7545
-0.803248 0.532917 0.509501
-0.78938 0.570579 0.552322
-0.844547 0.583496 0.554876
-0.836956 0.609913 0.606743
-0.758099 0.509666 0.511907
-0.739023 0.544646 0.555005
-0.779827 0.596551 0.604083
-0.727686 0.569707 0.606856
-0.830421 0.621972 0.663824
-0.775239 0.609065 0.661255
-0.825396 0.618845 0.722239
-0.775922 0.607273 0.719936
-0.724864 0.583146 0.663923
-0.730746 0.584043 0.722319
-0.684065 0.531235 0.614851
-0.682729 0.545983 0.671646
-0.692969 0.550726 0.729243
-0.766468 0.54882 0.82737
-0.744645 0.529595 0.831356
-0.792555 0.562228 0.825997
-0.85023 0.568416 0.831211
-0.821126 0.568913 0.8273
-0.822224 0.600747 0.778005
-0.744936 0.572336 0.778067
-0.781828 0.591296 0.776127
-0.723363 0.424714 0.865753
-0.717572 0.451554 0.855505
-0.64609 0.415533 0.771094
-0.675816 0.434754 0.817876
-0.714086 0.545135 0.783717
-0.691364 0.511565 0.792675
-0.728577 0.505858 0.83769
-0.67831 0.473916 0.804326
-0.719347 0.479236 0.845928
-0.825311 0.473492 0.893768
-0.815241 0.41667 0.904397
-0.845099 0.419875 0.907108
-0.830303 0.416414 0.906429
-0.85156 0.521294 0.872047
-0.837249 0.525251 0.86881
-0.807388 0.522049 0.866111
-0.822175 0.52551 0.866784
-0.800923 0.420625 0.901152
-0.788329 0.428013 0.896922
-0.77832 0.438327 0.891989
-0.771576 0.450866 0.886689
-0.769471 0.479102 0.876433
-0.768558 0.464772 0.881384
-0.79388 0.515107 0.866832
-0.782579 0.505158 0.8689
-0.774253 0.492877 0.872175
-0.853066 0.399155 0.68294
-0.967441 0.327249 0.579211
-0.966091 0.318811 0.669649
-0.986226 0.396127 0.599532
-0.867558 0.375559 0.571056
-0.949349 0.355926 0.515192
-0.882595 0.325964 0.535605
-0.763748 0.381417 0.615743
-0.796543 0.400691 0.546094
-0.803923 0.484507 0.592575
-0.916369 0.478589 0.633066
-0.921369 0.296872 0.565383
-0.814678 0.377513 0.505294
-0.764125 0.327922 0.71355
-0.815371 0.321088 0.546362
-0.89646 0.443613 0.54497
-0.883386 0.274788 0.650354
-0.753842 0.286433 0.648093
-0.776333 0.332902 0.79377
-0.95824 0.44565 0.566889
-0.823687 0.521319 0.687364
-0.842507 0.279828 0.742918
-0.79315 0.406938 0.819672
-0.849969 0.345681 0.507161
-0.84825 0.558873 0.734986
-0.801597 0.511314 0.814578
-0.977794 0.470821 0.693982
-0.828657 0.388769 0.858303
-0.929436 0.505875 0.751113
-0.886926 0.470834 0.809247
-0.984793 0.387089 0.723906
-0.765102 0.454215 0.827045
-0.938687 0.403647 0.794659
-0.915084 0.516627 0.802269
-0.740521 0.463377 0.664388
-0.872451 0.514241 0.825143
-0.923292 0.326955 0.528801
-0.694687 0.402597 0.782314
-0.892804 0.413571 0.839997
-0.970299 0.402436 0.541796
-0.761157 0.494683 0.810434
-0.8081 0.454754 0.745341
-0.894823 0.407125 0.507569
-0.922395 0.34703 0.50723
-0.833818 0.281654 0.53478
-0.725195 0.462123 0.744782
-0.903646 0.455501 0.856081
-0.938147 0.317025 0.754842
-0.88321 0.356586 0.849969
-0.916509 0.373451 0.55221
-0.942543 0.333216 0.509031
-0.786389 0.484689 0.837075
-0.73849 0.395926 0.820454
-0.734377 0.334704 0.581769
-0.813457 0.460273 0.535365
-0.957327 0.332647 0.543498
-0.870349 0.549515 0.78808
-0.969101 0.462446 0.783324
-0.909434 0.274005 0.537033
-0.799412 0.340173 0.502871
-0.877886 0.459119 0.504673
-0.880511 0.407664 0.878171
-0.862062 0.299824 0.521327
-0.855102 0.274318 0.520911
-0.942083 0.418107 0.845456
-0.857819 0.376692 0.768017
-0.808113 0.258042 0.569972
-0.795984 0.426859 0.506399
-0.775834 0.409238 0.859614
-0.934603 0.443422 0.517508
-0.890866 0.254807 0.590941
-0.824793 0.350399 0.494214
-0.947027 0.279521 0.622061
-0.780906 0.54309 0.731861
-0.771583 0.376179 0.517911
-0.720854 0.450049 0.806802
-0.799914 0.345609 0.849658
-0.865465 0.528984 0.60498
-0.822309 0.323671 0.502935
-0.841028 0.40166 0.486442
-0.87726 0.372911 0.498624
-0.910489 0.300604 0.523826
-0.835039 0.529131 0.82864
-0.898321 0.494575 0.850926
-0.769964 0.299053 0.551962
-0.94047 0.472022 0.824633
-0.931744 0.388639 0.501449
-0.879653 0.398278 0.484047
-0.905062 0.379856 0.494358
-0.853494 0.377394 0.485995
-0.834745 0.300173 0.513159
-0.806274 0.505119 0.842553
-0.832679 0.466319 0.814483
-0.775695 0.462578 0.853051
-0.953253 0.504422 0.804672
-0.880358 0.473383 0.862265
-0.849732 0.390044 0.527036
-0.812928 0.548796 0.779225
-0.832205 0.510064 0.847287
-0.769774 0.266829 0.575088
-0.935672 0.364849 0.496947
-0.864754 0.43981 0.86742
-0.886449 0.286925 0.523357
-0.860063 0.507141 0.849328
-0.780596 0.436839 0.8638
-0.805216 0.310468 0.611977
-0.918666 0.369518 0.631366
-0.882443 0.432041 0.883245
-0.867919 0.288397 0.566836
-0.818383 0.425965 0.866242
-0.853724 0.416941 0.880189
-0.796483 0.414128 0.875708
-0.957161 0.382086 0.510372
TETRAHEDRA
187 211 165 273
317 249 358 375
22 2 316 16
3 2 302 309
24 37 336 338
113 117 106 312
283 273 319 371
5 4 309 366
225 98 290 126
237 126 290 124
183 197 185 318
100 52 99 296
46 176 174 287
113 119 349 115
25 29 32 336
201 13 143 345
267 21 305 321
173 172 279 283
240 185 318 341
290 237 322 363
70 86 326 71
298 295 323 351
94 92 91 292
238 233 306 244
158 148 147 325
189 279 303 311
26 28 27 336
82 276 281 343
223 218 224 286
15 346 353 354
235 125 322 129
175 194 181 284
286 307 339 363
177 174 176 287
276 266 292 372
139 135 140 332
256 254 348 364
33 54 53 268
51 21 79 269
358 288 359 370
276 82 281 285
270 266 273 275
234 232 291 363
266 279 287 371
249 361 364 367
117 118 106 312
299 128 301 322
304 298 330 351
72 308 335 352
303 247 311 341
161 162 319 340
1 32 30 324
135 28 310 329
191 194 175 342
16 20 17 267
271 352 366 378
18 19 31 267
68 69 335 72
206 163 273 274
101 105 102 323
17 277 302 321
134 280 310 350
148 142 289 337
25 32 19 277
309 271 352 366
36 268 282 338
127 94 294 109
229 210 300 208
242 184 185 303
201 144 333 345
220 219 205 275
122 123 120 373
112 111 108 360
216 215 275 343
309 352 354 366
266 270 371 372
282 270 371 374
231 230 300 339
237 234 363 239
26 24 37 336
223 218 286 343
210 209 300 311
133 145 328 356
180 188 279 303
284 279 287 331
357 291 358 364
111 130 360 112
15 71 353 12
275 276 286 343
226 239 290 339
20 49 267 269
196 198 318 342
128 129 301 322
293 192 314 342
136 134 310 332
297 248 306 359
101 111 105 323
241 240 297 341
103 104 57 330
226 223 224 286
17 16 267 321
227 286 300 339
128 114 129 322
47 43 61 313
295 349 361 369
278 274 280 340
6 5 309 366
124 125 290 322
85 90 276 292
1 0 324 347
254 348 364 369
163 161 319 340
142 141 289 337
288 297 307 358
279 300 307 311
212 211 187 273
171 153 170 283
68 67 66 335
69 68 335 67
303 279 307 311
8 30 324 368
36 41 42 313
90 269 285 292
169 179 279 287
98 225 290 223
9 147 148 289
39 44 287 313
328 272 347 368
296 266 298 331
189 184 303 188
214 210 311 209
310 280 332 350
108 107 292 323
119 131 249 361
65 192 293 376
214 213 242 311
239 237 290 363
266 275 276 286
146 9 145 289
11 135 133 329
145 344 134 146
235 301 322 348
193 192 293 342
219 200 320 215
325 158 340 350
264 233 317 357
42 43 44 313
36 39 37 282
158 162 340 350
225 223 226 286
199 13 201 345
183 185 303 318
152 151 153 319
13 12 346 355
161 164 163 319
279 283 287 371
247 209 214 311
315 308 346 354
100 55 52 296
260 249 262 359
284 288 307 331
282 166 283 287
242 213 189 311
244 231 245 311
188 189 279 303
199 200 320 333
271 302 309 315
221 216 275 343
25 24 336 338
185 303 318 341
137 283 332 371
299 294 351 360
274 278 333 340
267 268 338 372
309 4 316 366
260 249 359 370
34 55 41 268
302 277 315 321
276 275 281 343
33 53 34 268
280 150 325 350
282 137 332 371
4 271 316 366
323 111 351 360
225 223 286 290
74 51 75 269
76 74 292 296
68 72 335 352
278 141 337 355
277 32 324 336
7 9 346 354
78 79 21 269
312 113 349 351
29 27 324 336
80 83 285 67
10 11 9 328
276 94 292 294
212 207 300 208
270 272 315 346
344 145 134 356
159 333 278 340
302 3 309 347
348 291 357 364
144 278 333 345
62 120 64 314
286 226 290 339
312 304 330 351
239 290 339 363
300 307 311 339
166 137 138 283
276 286 290 294
28 140 332 336
357 256 249 255
187 273 279 300
290 294 307 322
176 190 177 342
277 25 336 338
125 235 322 124
296 266 313 372
307 318 341 288
17 3 302 347
81 78 80 285
179 178 279 284
21 78 269 305
56 55 296 313
223 98 286 290
86 70 326 73
9 309 346 354
292 99 296 323
309 315 346 354
307 291 339 363
236 234 348 363
7 9 14 346
176 48 63 314
6 309 354 366
124 236 322 237
215 220 275 219
280 272 289 328
66 5 366 23
189 213 300 311
186 180 188 279
180 186 173 279
201 203 333 144
284 182 303 318
204 207 275 206
319 280 350 371
79 90 269 81
161 159 340 160
294 295 299 351
166 168 137 283
241 248 297 359
118 312 361 373
182 184 188 303
156 155 283 319
172 171 170 283
272 270 280 289
53 55 268 296
104 60 298 330
295 312 349 351
224 218 221 286
153 283 319 365
23 78 22 305
69 73 281 326
160 274 333 340
92 75 292 77
154 137 168 283
162 155 319 152
29 27 8 324
182 279 284 303
175 178 179 284
204 202 320 219
61 62 48 314
187 212 273 300
270 266 276 372
127 96 290 294
262 248 241 359
32 31 277 324
173 172 178 279
33 25 19 338
277 324 347 368
280 310 328 356
22 16 316 321
267 305 315 321
266 270 273 371
221 227 286 222
12 199 353 13
83 80 285 81
16 20 267 321
116 118 122 373
88 69 281 82
279 303 307 318
3 2 16 316
218 221 286 343
9 146 147 289
85 83 276 285
269 78 285 305
182 183 303 318
71 15 353 70
273 206 274 275
200 219 320 202
80 23 66 305
120 304 314 330
9 272 289 346
110 108 107 292
72 14 70 353
268 282 338 372
134 310 332 350
35 37 24 338
176 63 190 314
272 9 328 347
15 9 12 346
191 190 192 342
100 102 56 296
249 265 317 357
116 120 60 330
40 45 166 287
94 93 292 294
45 47 46 287
105 103 323 330
303 311 318 341
189 187 279 300
57 56 296 298
116 122 120 373
5 9 6 309
84 95 276 343
160 144 333 203
3 9 309 347
109 125 294 127
288 297 358 359
98 95 97 343
10 11 328 329
96 126 290 98
82 89 343 88
231 230 209 300
157 159 325 340
39 38 37 282
65 63 64 314
69 82 285 335
238 239 339 363
291 348 358 364
186 187 273 279
122 118 367 373
272 277 302 347
101 102 100 296
208 205 207 300
332 283 365 371
278 280 325 340
33 19 54 338
106 103 113 330
114 128 299 322
31 17 267 277
258 197 198 334
102 103 57 330
204 203 274 333
310 133 329 356
294 295 307 322
194 196 284 342
22 4 271 316
279 179 284 287
177 176 284 287
274 270 280 371
132 130 349 131
144 143 141 345
4 5 23 271
27 29 24 336
281 285 305 315
4 2 309 316
314 287 331 342
207 206 273 275
172 170 169 283
255 256 348 357
284 288 331 342
244 246 306 245
209 230 210 300
272 277 368 374
200 202 320 333
299 295 349 351
174 177 284 287
282 268 313 372
240 297 318 334
295 294 298 323
91 96 276 95
104 116 60 330
110 114 294 109
40 166 282 287
217 88 87 343
290 127 294 322
141 289 337 355
94 127 294 96
155 162 319 164
117 118 312 361
113 330 312 106
126 96 290 127
248 245 247 341
288 284 318 342
118 361 367 373
145 136 356 133
220 229 275 205
14 15 353 354
282 277 336 338
266 273 279 371
61 48 313 314
28 26 140 336
295 298 304 351
254 129 235 348
137 138 282 332
128 130 299 301
291 307 358 363
266 282 313 372
286 290 294 307
58 59 43 313
307 322 358 363
58 43 42 313
247 245 311 341
77 76 74 292
89 88 217 343
246 265 317 359
297 306 307 358
170 153 154 283
0 9 3 347
9 13 12 346
21 22 305 321
6 68 66 352
156 164 155 319
159 160 333 340
361 312 367 373
269 267 305 315
119 113 349 117
333 159 278 144
38 138 140 336
172 173 171 283
8 10 328 368
87 216 343 215
141 278 345 355
13 345 353 355
128 112 299 130
64 65 314 327
131 249 361 369
145 9 328 356
95 96 276 343
19 18 54 338
308 71 326 353
146 147 289 344
275 87 320 343
176 177 284 342
131 115 349 119
86 200 320 326
193 194 191 342
130 132 349 128
272 270 277 374
120 123 64 327
267 49 268 269
297 240 318 341
298 295 304 331
36 37 35 282
90 79 269 75
297 306 317 359
206 204 274 275
318 307 341 311
77 93 107 292
293 288 334 342
302 271 309 316
291 234 348 357
328 10 329 368
235 256 348 236
36 39 282 313
267 277 315 372
288 297 318 341
350 332 365 371
207 206 211 273
72 14 353 354
206 163 274 340
222 216 275 221
273 156 283 319
106 116 104 330
270 281 308 315
175 194 284 342
234 237 363 236
44 43 47 313
136 134 332 365
177 179 174 284
279 189 300 311
182 196 183 284
272 309 315 346
112 128 299 114
262 249 261 359
147 148 289 337
108 101 99 323
119 117 349 361
173 156 283 186
271 22 305 378
130 111 360 115
106 104 103 330
37 38 26 336
99 107 108 323
190 191 177 342
102 105 103 323
245 209 247 311
134 344 150 146
157 148 158 325
84 97 95 343
129 114 125 322
96 95 98 343
280 274 319 340
280 289 337 344
74 50 269 296
230 222 229 300
211 165 273 319
27 24 26 336
291 317 357 358
57 59 58 313
152 162 158 350
304 116 327 373
72 7 14 352
227 222 230 300
57 58 56 313
245 231 209 311
3 17 0 347
229 220 275 222
189 212 300 213
136 133 310 356
234 263 255 357
138 139 140 332
358 295 361 369
320 87 326 343
54 267 268 338
49 54 267 268
325 280 337 344
36 35 268 338
330 113 312 351
13 9 143 355
24 29 25 336
26 38 140 336
89 218 97 343
346 12 353 355
134 151 150 350
89 97 84 343
9 141 143 355
276 269 285 372
44 39 42 313
248 241 297 341
135 139 136 332
137 139 138 332
11 28 135 329
349 131 361 369
243 242 185 303
246 244 306 233
5 23 271 366
70 71 308 353
94 93 92 292
149 136 139 332
91 85 276 292
337 147 325 344
168 169 170 283
50 74 76 296
295 266 307 331
165 163 319 211
289 280 328 356
317 249 357 358
319 280 340 350
9 8 328 368
9 328 347 368
10 8 329 368
58 41 56 313
120 123 327 373
229 205 208 300
275 270 281 320
266 296 313 331
41 58 42 313
281 276 285 372
246 248 261 359
295 294 323 351
21 16 22 321
23 66 305 378
108 111 101 323
162 152 319 350
49 20 51 269
38 40 138 282
177 175 284 342
48 47 61 313
269 276 292 372
199 201 333 345
50 268 269 296
3 17 302 316
2 22 316 4
195 196 342 198
280 134 310 356
110 108 292 323
288 293 304 331
304 293 358 367
276 90 285 292
231 300 311 339
305 281 315 335
55 41 268 313
269 276 285 292
294 114 299 322
53 50 52 296
35 36 282 338
133 11 329 356
124 127 126 290
82 84 276 343
98 96 286 290
282 277 338 372
292 266 296 372
207 205 275 300
250 193 252 293
310 28 332 374
256 235 348 254
301 128 349 369
288 284 307 318
14 7 346 354
306 246 317 359
63 48 62 314
19 25 277 338
234 255 348 357
115 131 349 130
9 272 309 347
4 9 5 309
294 110 323 360
227 221 286 224
184 189 303 242
39 40 282 287
332 134 350 365
222 227 286 300
272 9 309 346
118 106 312 373
297 307 311 341
31 32 1 324
72 68 7 352
160 163 340 161
35 33 268 338
36 42 39 313
196 183 284 318
183 196 198 318
304 298 314 330
55 100 56 296
120 64 314 327
241 247 341 248
190 176 314 342
82 84 83 276
186 187 165 273
134 150 280 350
281 69 326 335
324 1 347 368
196 195 342 194
193 192 252 293
159 142 325 337
307 303 311 318
284 279 307 318
328 272 368 374
41 36 34 313
37 35 282 338
41 55 56 313
142 157 159 325
315 309 352 354
125 114 294 322
287 266 313 331
233 232 291 357
49 51 74 269
46 47 48 287
147 146 325 344
212 211 273 300
203 206 274 160
103 102 298 330
246 261 265 359
31 17 277 302
273 280 319 371
21 22 78 305
69 72 73 326
233 291 306 317
113 115 349 351
51 20 21 269
293 304 314 327
272 9 289 328
277 272 302 315
17 267 277 321
262 261 248 359
240 185 197 318
125 127 290 322
20 18 17 267
110 93 109 294
99 101 100 296
286 266 300 307
51 79 75 269
63 65 190 314
75 74 269 292
9 2 3 309
271 315 352 378
20 21 267 321
16 17 316 321
9 15 14 346
247 214 303 311
105 113 330 351
159 144 141 278
252 250 293 375
31 277 324 347
74 75 77 292
301 295 322 358
173 178 180 279
279 273 283 371
136 135 310 329
259 240 370 260
169 179 172 279
129 301 348 369
147 150 325 146
281 308 315 335
278 280 289 337
214 243 303 242
116 106 118 373
165 156 186 273
276 266 286 294
228 244 339 231
270 273 274 275
166 138 40 282
270 272 280 374
121 251 327 376
295 299 301 322
214 242 303 311
235 129 301 348
48 176 287 314
203 160 274 333
298 60 314 330
102 57 56 296
0 31 324 347
295 304 331 358
265 249 317 359
135 136 310 332
69 88 281 73
107 93 110 292
287 313 314 331
298 323 330 351
236 255 348 234
77 92 93 292
267 21 269 305
288 334 370 375
367 123 373 376
169 168 167 287
282 39 287 313
285 269 305 315
192 190 314 342
167 168 166 287
274 273 280 319
279 284 307 331
181 196 182 284
163 165 319 164
108 111 323 360
87 215 275 320
273 266 279 300
275 270 276 281
291 306 339 363
177 175 179 284
73 72 70 326
178 175 181 284
243 214 303 247
72 308 326 335
99 101 296 323
155 171 283 153
2 302 309 316
110 292 294 323
30 8 9 368
183 182 284 318
359 358 370 375
18 31 17 267
102 103 298 323
239 225 226 290
300 286 307 339
21 20 16 321
319 274 163 340
295 294 299 322
298 304 314 331
207 204 275 205
266 286 294 307
22 4 23 271
254 253 348 369
274 319 163 273
328 310 329 356
238 244 306 339
370 258 375 377
43 59 61 313
292 266 294 298
184 183 185 303
74 269 292 296
143 141 345 355
266 294 295 307
107 99 292 323
130 299 351 360
249 265 261 359
159 161 340 157
176 46 48 287
297 288 307 341
87 88 326 343
44 45 40 287
236 124 322 235
45 46 167 287
49 50 268 269
293 288 375 377
10 27 28 329
233 291 317 357
90 85 276 285
232 233 291 306
286 290 307 363
28 135 310 332
266 292 296 298
146 150 325 344
320 199 333 345
96 276 286 290
61 59 60 314
237 236 322 363
216 222 275 220
207 212 300 211
211 207 273 300
304 327 367 373
120 62 60 314
192 65 293 314
271 305 315 378
125 127 124 290
352 7 354 366
238 226 339 239
249 367 375 376
208 213 300 212
142 148 325 337
123 121 327 373
270 266 275 276
217 221 343 216
117 312 349 361
9 142 141 289
97 223 343 218
220 215 275 216
163 160 340 206
28 11 10 329
81 85 90 285
19 31 267 277
215 87 275 343
167 166 45 287
180 182 279 284
101 102 296 323
34 36 268 313
82 67 69 285
57 104 59 298
308 326 345 353
224 228 339 227
33 35 25 338
162 157 340 161
128 130 301 349
288 334 375 377
21 20 267 269
231 227 339 228
348 301 364 369
70 72 308 326
237 225 239 290
37 282 336 338
370 258 334 259
289 278 337 355
327 367 373 376
228 224 339 226
265 249 264 357
205 229 275 300
50 53 268 296
66 6 352 366
323 105 330 351
31 0 17 347
195 293 334 342
288 318 334 342
280 310 332 374
41 34 268 313
18 19 267 338
141 142 278 337
18 20 49 267
71 199 345 353
130 112 299 360
306 297 317 358
216 87 343 217
45 44 47 287
54 18 267 338
18 49 54 267
96 98 286 343
91 85 95 276
10 8 27 329
308 315 335 352
234 291 348 363
179 178 172 279
269 267 315 372
65 293 314 327
200 71 326 86
294 295 298 331
199 12 353 71
215 86 320 87
140 282 332 336
66 80 305 335
206 203 274 204
57 104 298 330
211 206 163 273
188 187 186 279
249 121 367 376
120 116 304 330
30 32 29 324
326 71 345 353
44 47 287 313
152 158 150 350
288 293 331 342
257 250 375 377
47 48 287 313
142 159 278 337
306 297 307 311
92 90 91 292
309 271 315 352
153 154 283 365
116 106 312 330
106 116 312 373
80 78 23 305
202 199 333 200
247 241 341 243
245 306 311 341
185 243 303 341
190 65 192 314
55 53 52 296
123 122 367 373
284 196 318 342
293 358 367 375
15 14 346 354
246 233 306 317
73 87 88 326
297 288 334 370
226 238 339 228
149 136 332 365
86 87 73 326
282 266 371 372
266 282 287 313
163 211 273 319
180 181 182 284
88 281 326 343
266 279 307 331
9 4 2 309
83 67 82 285
265 264 233 317
293 288 358 375
315 305 335 352
57 56 298 313
114 112 294 360
296 298 313 331
258 257 375 377
56 296 298 313
304 293 314 331
82 281 285 335
186 173 279 283
128 132 349 369
93 110 292 294
249 253 364 369
259 197 258 334
159 278 325 340
273 207 275 300
66 67 80 335
358 361 364 369
253 129 348 369
91 90 85 292
272 302 309 347
250 293 375 377
114 294 299 360
332 336 371 374
272 277 347 368
265 264 317 357
150 158 325 350
212 189 300 187
9 289 328 356
182 180 279 303
138 140 282 332
308 346 353 362
279 266 287 331
13 143 345 355
84 95 85 276
171 155 283 156
85 83 84 276
221 217 343 218
9 13 346 355
130 299 349 351
134 151 350 365
142 148 157 325
217 218 89 343
306 291 307 358
65 121 251 327
288 307 331 358
139 149 332 365
270 281 320 362
1 9 347 368
301 358 364 369
96 276 290 294
245 246 306 341
215 219 275 320
294 292 298 323
22 271 305 321
306 238 339 363
116 120 304 327
38 37 282 336
198 258 334 377
229 222 275 300
295 301 349 369
7 6 354 366
132 131 349 369
9 145 289 356
270 282 371 372
264 232 233 357
246 245 248 341
113 117 312 349
243 240 241 341
98 223 286 343
145 146 289 344
346 308 353 354
130 299 301 349
301 322 348 358
283 282 287 371
361 249 364 369
256 348 357 364
105 113 103 330
140 138 282 336
9 11 133 328
32 29 324 336
145 9 133 328
60 120 314 330
178 181 180 284
9 7 6 309
296 102 298 323
293 314 331 342
17 302 316 321
267 19 277 338
266 294 298 331
285 269 315 372
150 147 325 158
200 199 320 326
294 266 295 331
189 187 188 279
297 317 358 359
30 1 324 368
76 99 52 296
110 108 323 360
227 224 286 339
1 30 9 368
179 174 284 287
237 124 290 322
226 225 286 290
35 24 25 338
156 173 283 171
236 235 322 348
336 282 371 374
299 295 301 349
158 157 325 340
33 54 268 338
59 57 298 313
1 9 0 347
135 136 133 329
162 164 161 319
306 297 311 341
152 150 151 350
136 145 356 134
281 320 326 343
358 288 370 375
202 204 320 203
312 295 349 361
301 295 358 369
268 267 269 372
103 298 323 330
8 10 9 328
111 105 323 351
72 70 308 353
322 236 348 363
121 123 367 376
64 121 65 327
39 44 40 287
224 226 286 339
315 270 346 362
12 13 353 355
144 201 143 345
327 304 367 376
308 315 346 362
144 141 278 345
115 105 111 351
6 7 68 352
134 344 280 150
111 115 351 360
240 243 185 341
295 307 322 358
14 72 352 354
253 129 254 348
304 116 312 330
165 156 273 319
195 194 193 342
69 72 326 335
6 7 352 366
135 28 140 332
82 69 281 335
292 296 298 323
271 309 316 366
243 247 303 341
317 358 359 375
70 14 15 353
288 297 359 370
153 155 152 319
191 175 177 342
294 323 351 360
162 319 340 350
246 265 233 317
283 137 332 365
298 59 313 314
306 244 311 339
156 165 164 319
102 57 298 330
123 121 64 327
176 284 287 342
280 325 340 350
138 38 282 336
305 66 335 378
282 266 287 371
23 22 271 378
176 287 314 342
315 305 352 378
63 62 64 314
191 192 193 342
25 32 277 336
105 115 113 351
255 236 348 256
307 295 331 358
304 288 331 358
7 14 352 354
264 249 263 357
344 134 280 356
232 263 234 357
308 72 353 354
72 308 352 354
263 249 255 357
134 136 310 356
358 249 367 375
264 263 232 357
121 327 373 376
280 289 344 356
280 272 328 374
249 357 358 364
9 7 309 354
27 8 324 368
289 145 344 356
155 153 283 319
89 82 343 84
75 92 292 90
253 254 364 369
266 276 292 294
308 281 326 335
219 204 275 320
116 304 312 373
288 293 334 377
277 31 302 347
277 267 315 321
117 119 249 361
248 297 306 341
99 76 292 296
251 249 375 376
227 231 339 230
244 228 339 238
11 133 328 356
157 162 340 158
159 141 142 278
281 275 320 343
199 13 345 353
102 57 296 298
210 229 300 230
198 197 318 334
39 40 38 282
232 234 291 357
147 337 325 148
169 279 283 287
302 271 316 321
50 76 52 296
5 66 366 6
202 203 320 333
272 270 289 362
1 0 31 324
127 125 294 322
205 219 204 275
87 86 320 326
133 136 310 329
144 160 333 159
114 110 294 112
268 269 296 372
31 17 302 347
76 77 107 292
73 88 281 326
289 147 337 344
154 137 283 365
278 159 325 337
138 137 282 283
244 231 311 339
273 186 279 283
35 33 34 268
195 193 293 342
71 70 308 326
48 287 313 314
307 306 311 339
129 235 301 322
295 304 312 351
293 252 375 376
59 61 313 314
313 298 314 331
36 35 34 268
199 320 326 345
305 271 315 321
304 120 314 327
142 9 148 289
266 275 286 300
270 276 281 372
242 189 303 311
150 280 325 344
221 275 286 343
293 288 304 358
151 153 319 365
7 6 309 354
123 121 373 376
270 272 277 315
30 29 8 324
277 270 315 372
223 97 343 98
289 9 346 355
81 269 78 285
280 278 325 337
248 246 306 359
115 130 351 360
209 231 300 311
49 74 50 269
172 169 279 283
78 80 285 305
213 208 300 210
96 94 276 294
71 199 326 345
166 138 282 283
11 328 329 356
291 306 307 339
268 296 313 372
62 61 60 314
55 268 296 313
178 180 279 284
112 110 294 360
203 204 320 333
291 306 317 358
269 81 78 79
352 66 366 378
116 120 327 373
279 284 303 318
67 69 285 335
285 281 305 335
246 248 306 341
125 109 294 114
198 195 334 342
90 75 269 292
222 221 275 286
204 274 320 333
22 23 305 378
59 104 60 298
50 54 49 268
276 96 286 343
269 292 296 372
361 358 364 367
196 181 194 284
184 182 183 303
137 282 283 371
249 359 370 375
213 210 300 311
210 214 311 213
244 245 306 311
204 274 275 320
112 114 299 360
86 215 320 200
80 67 285 335
287 284 331 342
318 198 334 342
266 279 300 307
198 197 183 318
280 332 371 374
169 174 179 287
266 273 275 300
274 270 275 320
88 82 281 343
249 253 254 364
2 3 302 316
160 206 274 340
53 55 34 268
199 202 333 201
3 16 17 316
180 182 188 303
83 85 81 285
81 90 269 285
8 27 329 368
80 285 305 335
203 201 333 202
275 222 286 300
167 174 169 287
96 91 276 94
302 272 309 315
141 9 289 355
46 174 167 287
19 32 31 277
71 200 326 199
307 290 322 363
168 169 283 287
76 107 99 292
126 237 290 225
312 304 367 373
308 315 352 354
230 227 300 339
131 119 349 361
94 91 276 292
166 168 283 287
60 59 298 314
268 36 282 313
112 108 110 360
271 22 316 321
297 288 318 334
12 15 346 353
53 54 50 268
271 302 315 321
156 186 273 283
348 301 358 364
168 170 154 283
290 286 339 363
115 130 349 351
83 82 276 285
109 93 94 294
197 240 318 334
240 297 334 370
233 238 306 232
274 270 320 362
137 139 332 365
270 274 280 362
274 278 280 362
281 270 308 362
278 274 333 362
278 333 345 362
353 346 355 362
320 326 345 362
345 353 355 362
326 308 345 362
274 320 333 362
280 278 289 362
345 308 353 362
320 281 326 362
272 289 346 362
308 270 315 362
346 289 355 362
278 345 355 362
281 308 326 362
333 320 345 362
270 280 289 362
270 272 346 362
289 278 355 362
348 291 358 363
322 348 358 363
291 232 306 363
232 238 306 363
232 239 238 363
232 234 239 363
249 254 256 364
256 357 249 364
152 319 350 365
151 152 350 365
152 151 319 365
134 149 151 365
149 154 151 365
137 154 149 365
136 149 134 365
153 151 154 365
137 149 139 365
4 5 271 366
358 249 364 367
295 358 361 367
295 304 358 367
270 280 371 374
310 280 328 374
252 251 375 376
273 274 280 371
280 332 350 371
304 295 312 367
312 295 361 367
277 282 336 374
332 28 336 374
192 252 293 376
273 270 274 371
117 118 361 367
249 117 361 367
121 123 249 367
293 195 334 377
123 122 249 367
304 293 367 376
122 118 249 367
65 293 327 376
282 332 336 371
118 117 249 367
129 128 301 369
249 132 253 369
131 132 249 369
132 128 253 369
253 128 129 369
259 197 334 370
240 241 297 370
297 241 359 370
197 240 334 370
240 259 370 197
359 260 241 262
293 304 327 376
367 293 375 376
251 65 327 376
260 259 249 370
260 241 240 370
260 359 241 370
319 350 365 371
283 319 365 371
334 370 375 377
305 335 352 378
195 198 334 377
249 317 359 375
258 259 370 375
259 249 370 375
258 370 334 377
281 285 315 372
270 281 315 372
277 267 338 372
277 324 368 374
324 277 336 374
28 310 329 374
310 328 329 374
329 328 368 374
282 277 372 374
270 282 372 374
277 270 372 374
324 27 368 374
27 324 336 374
28 27 336 374
27 28 329 374
27 329 368 374
257 250 249 375
250 252 249 375
258 257 249 375
252 251 249 375
259 258 249 375
251 121 249 376
192 251 252 376
192 65 251 376
193 195 293 377
250 193 293 377
198 257 258 377
257 195 250 377
195 257 198 377
250 195 193 377
23 271 366 378
66 23 366 378
68 66 352 378
66 68 335 378
335 68 352 378
EDGES
0 1
0 3
0 9
0 17
0 31
0 324
0 347
1 9
1 30
1 31
1 32
1 324
1 347
1 368
2 3
2 4
2 9
2 16
2 22
2 302
2 309
2 316
3 9
3 16
3 17
3 302
3 309
3 316
3 347
4 5
4 9
4 22
4 23
4 271
4 309
4 316
4 366
5 6
5 9
5 23
5 66
5 271
5 309
5 366
6 7
6 9
6 66
6 68
6 309
6 352
6 354
6 366
7 9
7 14
7 68
7 72
7 309
7 346
7 352
7 354
7 366
8 9
8 10
8 27
8 29
8 30
8 324
8 328
8 329
8 368
9 10
9 11
9 12
9 13
9 14
9 15
9 30
9 133
9 141
9 142
9 143
9 145
9 146
9 147
9 148
9 272
9 289
9 309
9 328
9 346
9 347
9 354
9 355
9 356
9 368
10 11
10 27
10 28
10 328
10 329
10 368
11 28
11 133
11 135
11 328
11 329
11 356
12 13
12 15
12 71
12 199
12 346
12 353
12 355
13 143
13 199
13 201
13 345
13 346
13 353
13 355
14 15
14 70
14 72
14 346
14 352
14 353
14 354
15 70
15 71
15 346
15 353
15 354
16 17
16 20
16 21
16 22
16 267
16 316
16 321
17 18
17 20
17 31
17 267
17 277
17 302
17 316
17 321
17 347
18 19
18 20
18 31
18 49
18 54
18 267
18 338
19 25
19 31
19 32
19 33
19 54
19 267
19 277
19 338
20 21
20 49
20 51
20 267
20 269
20 321
21 22
21 51
21 78
21 79
21 267
21 269
21 305
21 321
22 23
22 78
22 271
22 305
22 316
22 321
22 378
23 66
23 78
23 80
23 271
23 305
23 366
23 378
24 25
24 26
24 27
24 29
24 35
24 37
24 336
24 338
25 29
25 32
25 33
25 35
25 277
25 336
25 338
26 27
26 28
26 37
26 38
26 140
26 336
27 28
27 29
27 324
27 329
27 336
27 368
27 374
28 135
28 140
28 310
28 329
28 332
28 336
28 374
29 30
29 32
29 324
29 336
30 32
30 324
30 368
31 32
31 267
31 277
31 302
31 324
31 347
32 277
32 324
32 336
33 34
33 35
33 53
33 54
33 268
33 338
34 35
34 36
34 41
34 53
34 55
34 268
34 313
35 36
35 37
35 268
35 282
35 338
36 37
36 39
36 41
36 42
36 268
36 282
36 313
36 338
37 38
37 39
37 282
37 336
37 338
38 39
38 40
38 138
38 140
38 282
38 336
39 40
39 42
39 44
39 282
39 287
39 313
40 44
40 45
40 138
40 166
40 282
40 287
41 42
41 55
41 56
41 58
41 268
41 313
42 43
42 44
42 58
42 313
43 44
43 47
43 58
43 59
43 61
43 313
44 45
44 47
44 287
44 313
45 46
45 47
45 166
45 167
45 287
46 47
46 48
46 167
46 174
46 176
46 287
47 48
47 61
47 287
47 313
48 61
48 62
48 63
48 176
48 287
48 313
48 314
49 50
49 51
49 54
49 74
49 267
49 268
49 269
50 52
50 53
50 54
50 74
50 76
50 268
50 269
50 296
51 74
51 75
51 79
51 269
52 53
52 55
52 76
52 99
52 100
52 296
53 54
53 55
53 268
53 296
54 267
54 268
54 338
55 56
55 100
55 268
55 296
55 313
56 57
56 58
56 100
56 102
56 296
56 298
56 313
57 58
57 59
57 102
57 103
57 104
57 296
57 298
57 313
57 330
58 59
58 313
59 60
59 61
59 104
59 298
59 313
59 314
60 61
60 62
60 104
60 116
60 120
60 298
60 314
60 330
61 62
61 313
61 314
62 63
62 64
62 120
62 314
63 64
63 65
63 176
63 190
63 314
64 65
64 120
64 121
64 123
64 314
64 327
65 121
65 190
65 192
65 251
65 293
65 314
65 327
65 376
66 67
66 68
66 80
66 305
66 335
66 352
66 366
66 378
67 68
67 69
67 80
67 82
67 83
67 285
67 335
68 69
68 72
68 335
68 352
68 378
69 72
69 73
69 82
69 88
69 281
69 285
69 326
69 335
70 71
70 72
70 73
70 86
70 308
70 326
70 353
71 86
71 199
71 200
71 308
71 326
71 345
71 353
72 73
72 308
72 326
72 335
72 352
72 353
72 354
73 86
73 87
73 88
73 281
73 326
74 75
74 76
74 77
74 269
74 292
74 296
75 77
75 79
75 90
75 92
75 269
75 292
76 77
76 99
76 107
76 292
76 296
77 92
77 93
77 107
77 292
78 79
78 80
78 81
78 269
78 285
78 305
79 81
79 90
79 269
80 81
80 83
80 285
80 305
80 335
81 83
81 85
81 90
81 269
81 285
82 83
82 84
82 88
82 89
82 276
82 281
82 285
82 335
82 343
83 84
83 85
83 276
83 285
84 85
84 89
84 95
84 97
84 276
84 343
85 90
85 91
85 95
85 276
85 285
85 292
86 87
86 200
86 215
86 320
86 326
87 88
87 215
87 216
87 217
87 275
87 320
87 326
87 343
88 89
88 217
88 281
88 326
88 343
89 97
89 217
89 218
89 343
90 91
90 92
90 269
90 276
90 285
90 292
91 92
91 94
91 95
91 96
91 276
91 292
92 93
92 94
92 292
93 94
93 107
93 109
93 110
93 292
93 294
94 96
94 109
94 127
94 276
94 292
94 294
95 96
95 97
95 98
95 276
95 343
96 98
96 126
96 127
96 276
96 286
96 290
96 294
96 343
97 98
97 218
97 223
97 343
98 126
98 223
98 225
98 286
98 290
98 343
99 100
99 101
99 107
99 108
99 292
99 296
99 323
100 101
100 102
100 296
101 102
101 105
101 108
101 111
101 296
101 323
102 103
102 105
102 296
102 298
102 323
102 330
103 104
103 105
103 106
103 113
103 298
103 323
103 330
104 106
104 116
104 298
104 330
105 111
105 113
105 115
105 323
105 330
105 351
106 113
106 116
106 117
106 118
106 312
106 330
106 373
107 108
107 110
107 292
107 323
108 110
108 111
108 112
108 292
108 323
108 360
109 110
109 114
109 125
109 127
109 294
110 112
110 114
110 292
110 294
110 323
110 360
111 112
111 115
111 130
111 323
111 351
111 360
112 114
112 128
112 130
112 294
112 299
112 360
113 115
113 117
113 119
113 312
113 330
113 349
113 351
114 125
114 128
114 129
114 294
114 299
114 322
114 360
115 119
115 130
115 131
115 349
115 351
115 360
116 118
116 120
116 122
116 304
116 312
116 327
116 330
116 373
117 118
117 119
117 249
117 312
117 349
117 361
117 367
118 122
118 249
118 312
118 361
118 367
118 373
119 131
119 249
119 349
119 361
120 122
120 123
120 304
120 314
120 327
120 330
120 373
121 123
121 249
121 251
121 327
121 367
121 373
121 376
122 123
122 249
122 367
122 373
123 249
123 327
123 367
123 373
123 376
124 125
124 126
124 127
124 235
124 236
124 237
124 290
124 322
125 127
125 129
125 235
125 290
125 294
125 322
126 127
126 225
126 237
126 290
127 290
127 294
127 322
128 129
128 130
128 132
128 253
128 299
128 301
128 322
128 349
128 369
129 235
129 253
129 254
129 301
129 322
129 348
129 369
130 131
130 132
130 299
130 301
130 349
130 351
130 360
131 132
131 249
131 349
131 361
131 369
132 249
132 253
132 349
132 369
133 135
133 136
133 145
133 310
133 328
133 329
133 356
134 136
134 145
134 146
134 149
134 150
134 151
134 280
134 310
134 332
134 344
134 350
134 356
134 365
135 136
135 139
135 140
135 310
135 329
135 332
136 139
136 145
136 149
136 310
136 329
136 332
136 356
136 365
137 138
137 139
137 149
137 154
137 166
137 168
137 282
137 283
137 332
137 365
137 371
138 139
138 140
138 166
138 282
138 283
138 332
138 336
139 140
139 149
139 332
139 365
140 282
140 332
140 336
141 142
141 143
141 144
141 159
141 278
141 289
141 337
141 345
141 355
142 148
142 157
142 159
142 278
142 289
142 325
142 337
143 144
143 201
143 345
143 355
144 159
144 160
144 201
144 203
144 278
144 333
144 345
145 146
145 289
145 328
145 344
145 356
146 147
146 150
146 289
146 325
146 344
147 148
147 150
147 158
147 289
147 325
147 337
147 344
148 157
148 158
148 289
148 325
148 337
149 151
149 154
149 332
149 365
150 151
150 152
150 158
150 280
150 325
150 344
150 350
151 152
151 153
151 154
151 319
151 350
151 365
152 153
152 155
152 158
152 162
152 319
152 350
152 365
153 154
153 155
153 170
153 171
153 283
153 319
153 365
154 168
154 170
154 283
154 365
155 156
155 162
155 164
155 171
155 283
155 319
156 164
156 165
156 171
156 173
156 186
156 273
156 283
156 319
157 158
157 159
157 161
157 162
157 325
157 340
158 162
158 325
158 340
158 350
159 160
159 161
159 278
159 325
159 333
159 337
159 340
160 161
160 163
160 203
160 206
160 274
160 333
160 340
161 162
161 163
161 164
161 319
161 340
162 164
162 319
162 340
162 350
163 164
163 165
163 206
163 211
163 273
163 274
163 319
163 340
164 165
164 319
165 186
165 187
165 211
165 273
165 319
166 167
166 168
166 282
166 283
166 287
167 168
167 169
167 174
167 287
168 169
168 170
168 283
168 287
169 170
169 172
169 174
169 179
169 279
169 283
169 287
170 171
170 172
170 283
171 172
171 173
171 283
172 173
172 178
172 179
172 279
172 283
173 178
173 180
173 186
173 279
173 283
174 176
174 177
174 179
174 284
174 287
175 177
175 178
175 179
175 181
175 191
175 194
175 284
175 342
176 177
176 190
176 284
176 287
176 314
176 342
177 179
177 190
177 191
177 284
177 287
177 342
178 179
178 180
178 181
178 279
178 284
179 279
179 284
179 287
180 181
180 182
180 186
180 188
180 279
180 284
180 303
181 182
181 194
181 196
181 284
182 183
182 184
182 188
182 196
182 279
182 284
182 303
182 318
183 184
183 185
183 196
183 197
183 198
183 284
183 303
183 318
184 185
184 188
184 189
184 242
184 303
185 197
185 240
185 242
185 243
185 303
185 318
185 341
186 187
186 188
186 273
186 279
186 283
187 188
187 189
187 211
187 212
187 273
187 279
187 300
188 189
188 279
188 303
189 212
189 213
189 242
189 279
189 300
189 303
189 311
190 191
190 192
190 314
190 342
191 192
191 193
191 194
191 342
192 193
192 251
192 252
192 293
192 314
192 342
192 376
193 194
193 195
193 250
193 252
193 293
193 342
193 377
194 195
194 196
194 284
194 342
195 196
195 198
195 250
195 257
195 293
195 334
195 342
195 377
196 198
196 284
196 318
196 342
197 198
197 240
197 258
197 259
197 318
197 334
197 370
198 257
198 258
198 318
198 334
198 342
198 377
199 200
199 201
199 202
199 320
199 326
199 333
199 345
199 353
200 202
200 215
200 219
200 320
200 326
200 333
201 202
201 203
201 333
201 345
202 203
202 204
202 219
202 320
202 333
203 204
203 206
203 274
203 320
203 333
204 205
204 206
204 207
204 219
204 274
204 275
204 320
204 333
205 207
205 208
205 219
205 220
205 229
205 275
205 300
206 207
206 211
206 273
206 274
206 275
206 340
207 208
207 211
207 212
207 273
207 275
207 300
208 210
208 212
208 213
208 229
208 300
209 210
209 214
209 230
209 231
209 245
209 247
209 300
209 311
210 213
210 214
210 229
210 230
210 300
210 311
211 212
211 273
211 300
211 319
212 213
212 273
212 300
213 214
213 242
213 300
213 311
214 242
214 243
214 247
214 303
214 311
215 216
215 219
215 220
215 275
215 320
215 343
216 217
216 220
216 221
216 222
216 275
216 343
217 218
217 221
217 343
218 221
218 223
218 224
218 286
218 343
219 220
219 275
219 320
220 222
220 229
220 275
221 222
221 224
221 227
221 275
221 286
221 343
222 227
222 229
222 230
222 275
222 286
222 300
223 224
223 225
223 226
223 286
223 290
223 343
224 226
224 227
224 228
224 286
224 339
225 226
225 237
225 239
225 286
225 290
226 228
226 238
226 239
226 286
226 290
226 339
227 228
227 230
227 231
227 286
227 300
227 339
228 231
228 238
228 244
228 339
229 230
229 275
229 300
230 231
230 300
230 339
231 244
231 245
231 300
231 311
231 339
232 233
232 234
232 238
232 239
232 263
232 264
232 291
232 306
232 357
232 363
233 238
233 244
233 246
233 264
233 265
233 291
233 306
233 317
233 357
234 236
234 237
234 239
234 255
234 263
234 291
234 348
234 357
234 363
235 236
235 254
235 256
235 301
235 322
235 348
236 237
236 255
236 256
236 322
236 348
236 363
237 239
237 290
237 322
237 363
238 239
238 244
238 306
238 339
238 363
239 290
239 339
239 363
240 241
240 243
240 259
240 260
240 297
240 318
240 334
240 341
240 370
241 243
241 247
241 248
241 260
241 262
241 297
241 341
241 359
241 370
242 243
242 303
242 311
243 247
243 303
243 341
244 245
244 246
244 306
244 311
244 339
245 246
245 247
245 248
245 306
245 311
245 341
246 248
246 261
246 265
246 306
246 317
246 341
246 359
247 248
247 303
247 311
247 341
248 261
248 262
248 297
248 306
248 341
248 359
249 250
249 251
249 252
249 253
249 254
249 255
249 256
249 257
249 258
249 259
249 260
249 261
249 262
249 263
249 264
249 265
249 317
249 357
249 358
249 359
249 361
249 364
249 367
249 369
249 370
249 375
249 376
250 252
250 257
250 293
250 375
250 377
251 252
251 327
251 375
251 376
252 293
252 375
252 376
253 254
253 348
253 364
253 369
254 256
254 348
254 364
254 369
255 256
255 263
255 348
255 357
256 348
256 357
256 364
257 258
257 375
257 377
258 259
258 334
258 370
258 375
258 377
259 260
259 334
259 370
259 375
260 262
260 359
260 370
261 262
261 265
261 359
262 359
263 264
263 357
264 265
264 317
264 357
265 317
265 357
265 359
266 270
266 273
266 275
266 276
266 279
266 282
266 286
266 287
266 292
266 294
266 295
266 296
266 298
266 300
266 307
266 313
266 331
266 371
266 372
267 268
267 269
267 277
267 305
267 315
267 321
267 338
267 372
268 269
268 282
268 296
268 313
268 338
268 372
269 276
269 285
269 292
269 296
269 305
269 315
269 372
270 272
270 273
270 274
270 275
270 276
270 277
270 280
270 281
270 282
270 289
270 308
270 315
270 320
270 346
270 362
270 371
270 372
270 374
271 302
271 305
271 309
271 315
271 316
271 321
271 352
271 366
271 378
272 277
272 280
272 289
272 302
272 309
272 315
272 328
272 346
272 347
272 362
272 368
272 374
273 274
273 275
273 279
273 280
273 283
273 300
273 319
273 371
274 275
274 278
274 280
274 319
274 320
274 333
274 340
274 362
274 371
275 276
275 281
275 286
275 300
275 320
275 343
276 281
276 285
276 286
276 290
276 292
276 294
276 343
276 372
277 282
277 302
277 315
277 321
277 324
277 336
277 338
277 347
277 368
277 372
277 374
278 280
278 289
278 325
278 333
278 337
278 340
278 345
278 355
278 362
279 283
279 284
279 287
279 300
279 303
279 307
279 311
279 318
279 331
279 371
280 289
280 310
280 319
280 325
280 328
280 332
280 337
280 340
280 344
280 350
280 356
280 362
280 371
280 374
281 285
281 305
281 308
281 315
281 320
281 326
281 335
281 343
281 362
281 372
282 283
282 287
282 313
282 332
282 336
282 338
282 371
282 372
282 374
283 287
283 319
283 332
283 365
283 371
284 287
284 288
284 303
284 307
284 318
284 331
284 342
285 292
285 305
285 315
285 335
285 372
286 290
286 294
286 300
286 307
286 339
286 343
286 363
287 313
287 314
287 331
287 342
287 371
288 293
288 297
288 304
288 307
288 318
288 331
288 334
288 341
288 342
288 358
288 359
288 370
288 375
288 377
289 328
289 337
289 344
289 346
289 355
289 356
289 362
290 294
290 307
290 322
290 339
290 363
291 306
291 307
291 317
291 339
291 348
291 357
291 358
291 363
291 364
292 294
292 296
292 298
292 323
292 372
293 304
293 314
293 327
293 331
293 334
293 342
293 358
293 367
293 375
293 376
293 377
294 295
294 298
294 299
294 307
294 322
294 323
294 331
294 351
294 360
295 298
295 299
295 301
295 304
295 307
295 312
295 322
295 323
295 331
295 349
295 351
295 358
295 361
295 367
295 369
296 298
296 313
296 323
296 331
296 372
297 306
297 307
297 311
297 317
297 318
297 334
297 341
297 358
297 359
297 370
298 304
298 313
298 314
298 323
298 330
298 331
298 351
299 301
299 322
299 349
299 351
299 360
300 307
300 311
300 339
301 322
301 348
301 349
301 358
301 364
301 369
302 309
302 315
302 316
302 321
302 347
303 307
303 311
303 318
303 341
304 312
304 314
304 327
304 330
304 331
304 351
304 358
304 367
304 373
304 376
305 315
305 321
305 335
305 352
305 378
306 307
306 311
306 317
306 339
306 341
306 358
306 359
306 363
307 311
307 318
307 322
307 331
307 339
307 341
307 358
307 363
308 315
308 326
308 335
308 345
308 346
308 352
308 353
308 354
308 362
309 315
309 316
309 346
309 347
309 352
309 354
309 366
310 328
310 329
310 332
310 350
310 356
310 374
311 318
311 339
311 341
312 330
312 349
312 351
312 361
312 367
312 373
313 314
313 331
313 372
314 327
314 330
314 331
314 342
315 321
315 335
315 346
315 352
315 354
315 362
315 372
315 378
316 321
316 366
317 357
317 358
317 359
317 375
318 334
318 341
318 342
319 340
319 350
319 365
319 371
320 326
320 333
320 343
320 345
320 362
322 348
322 358
322 363
323 330
323 351
323 360
324 336
324 347
324 368
324 374
325 337
325 340
325 344
325 350
326 335
326 343
326 345
326 353
326 362
327 367
327 373
327 376
328 329
328 347
328 356
328 368
328 374
329 356
329 368
329 374
330 351
331 342
331 358
332 336
332 350
332 365
332 371
332 374
333 340
333 345
333 362
334 342
334 370
334 375
334 377
335 352
335 378
336 338
336 371
336 374
337 344
337 355
338 372
339 363
340 350
344 356
345 353
345 355
345 362
346 353
346 354
346 355
346 362
347 368
348 357
348 358
348 363
348 364
348 369
349 351
349 361
349 369
350 365
350 371
351 360
352 354
352 366
352 378
353 354
353 355
353 362
354 366
355 362
357 358
357 364
358 359
358 361
358 363
358 364
358 367
358 369
358 370
358 375
359 370
359 375
361 364
361 367
361 369
361 373
364 367
364 369
365 371
366 378
367 373
367 375
367 376
368 374
370 375
370 377
371 372
371 374
372 374
373 376
375 376
375 377
SURFACE_TRIANGLES
0 1 9
0 1 31
0 3 9
0 3 17
0 17 31
1 9 30
1 30 32
1 31 32
2 3 9
2 3 16
2 4 9
2 4 22
2 16 22
3 16 17
4 5 9
4 5 23
4 22 23
5 6 9
5 6 66
5 23 66
6 7 9
6 7 68
6 66 68
7 9 14
7 14 72
7 68 72
8 9 10
8 9 30
8 10 27
8 27 29
8 29 30
9 10 11
9 11 133
9 12 13
9 12 15
9 13 143
9 14 15
9 133 145
9 141 142
9 141 143
9 142 148
9 145 146
9 146 147
9 147 148
10 11 28
10 27 28
11 28 135
11 133 135
12 13 199
12 15 71
12 71 199
13 143 201
13 199 201
14 15 70
14 70 72
15 70 71
16 17 20
16 20 21
16 21 22
17 18 20
17 18 31
18 19 31
18 19 54
18 20 49
18 49 54
19 25 32
19 25 33
19 31 32
19 33 54
20 21 51
20 49 51
21 22 78
21 51 79
21 78 79
22 23 78
23 66 80
23 78 80
24 25 29
24 25 35
24 26 27
24 26 37
24 27 29
24 35 37
25 29 32
25 33 35
26 27 28
26 28 140
26 37 38
26 38 140
28 135 140
29 30 32
33 34 35
33 34 53
33 53 54
34 35 36
34 36 41
34 41 55
34 53 55
35 36 37
36 37 39
36 39 42
36 41 42
37 38 39
38 39 40
38 40 138
38 138 140
39 40 44
39 42 44
40 44 45
40 45 166
40 138 166
41 42 58
41 55 56
41 56 58
42 43 44
42 43 58
43 44 47
43 47 61
43 58 59
43 59 61
44 45 47
45 46 47
45 46 167
45 166 167
46 47 48
46 48 176
46 167 174
46 174 176
47 48 61
48 61 62
48 62 63
48 63 176
49 50 54
49 50 74
49 51 74
50 52 53
50 52 76
50 53 54
50 74 76
51 74 75
51 75 79
52 53 55
52 55 100
52 76 99
52 99 100
55 56 100
56 57 58
56 57 102
56 100 102
57 58 59
57 59 104
57 102 103
57 103 104
59 60 61
59 60 104
60 61 62
60 62 120
60 104 116
60 116 120
62 63 64
62 64 120
63 64 65
63 65 190
63 176 190
64 65 121
64 120 123
64 121 123
65 121 251
65 190 192
65 192 251
66 67 68
66 67 80
67 68 69
67 69 82
67 80 83
67 82 83
68 69 72
69 72 73
69 73 88
69 82 88
70 71 86
70 72 73
70 73 86
71 86 200
71 199 200
73 86 87
73 87 88
74 75 77
74 76 77
75 77 92
75 79 90
75 90 92
76 77 107
76 99 107
77 92 93
77 93 107
78 79 81
78 80 81
79 81 90
80 81 83
81 83 85
81 85 90
82 83 84
82 84 89
82 88 89
83 84 85
84 85 95
84 89 97
84 95 97
85 90 91
85 91 95
86 87 215
86 200 215
87 88 217
87 215 216
87 216 217
88 89 217
89 97 218
89 217 218
90 91 92
91 92 94
91 94 96
91 95 96
92 93 94
93 94 109
93 107 110
93 109 110
94 96 127
94 109 127
95 96 98
95 97 98
96 98 126
96 126 127
97 98 223
97 218 223
98 126 225
98 223 225
99 100 101
99 101 108
99 107 108
100 101 102
101 102 105
101 105 111
101 108 111
102 103 105
103 104 106
103 105 113
103 106 113
104 106 116
105 111 115
105 113 115
106 113 117
106 116 118
106 117 118
107 108 110
108 110 112
108 111 112
109 110 114
109 114 125
109 125 127
110 112 114
111 112 130
111 115 130
112 114 128
112 128 130
113 115 119
113 117 119
114 125 129
114 128 129
115 119 131
115 130 131
116 118 122
116 120 122
117 118 249
117 119 249
118 122 249
119 131 249
120 122 123
121 123 249
121 249 251
122 123 249
124 125 127
124 125 235
124 126 127
124 126 237
124 235 236
124 236 237
125 129 235
126 225 237
128 129 253
128 130 132
128 132 253
129 235 254
129 253 254
130 131 132
131 132 249
132 249 253
133 135 136
133 136 145
134 136 145
134 136 149
134 145 146
134 146 150
134 149 151
134 150 151
135 136 139
135 139 140
136 139 149
137 138 139
137 138 166
137 139 149
137 149 154
137 154 168
137 166 168
138 139 140
141 142 159
141 143 144
141 144 159
142 148 157
142 157 159
143 144 201
144 159 160
144 160 203
144 201 203
146 147 150
147 148 158
147 150 158
148 157 158
149 151 154
150 151 152
150 152 158
151 152 153
151 153 154
152 153 155
152 155 162
152 158 162
153 154 170
153 155 171
153 170 171
154 168 170
155 156 164
155 156 171
155 162 164
156 164 165
156 165 186
156 171 173
156 173 186
157 158 162
157 159 161
157 161 162
159 160 161
160 161 163
160 163 206
160 203 206
161 162 164
161 163 164
163 164 165
163 165 211
163 206 211
165 186 187
165 187 211
166 167 168
167 168 169
167 169 174
168 169 170
169 170 172
169 172 179
169 174 179
170 171 172
171 172 173
172 173 178
172 178 179
173 178 180
173 180 186
174 176 177
174 177 179
175 177 179
175 177 191
175 178 179
175 178 181
175 181 194
175 191 194
176 177 190
177 190 191
178 180 181
180 181 182
180 182 188
180 186 188
181 182 196
181 194 196
182 183 184
182 183 196
182 184 188
183 184 185
183 185 197
183 196 198
183 197 198
184 185 242
184 188 189
184 189 242
185 197 240
185 240 243
185 242 243
186 187 188
187 188 189
187 189 212
187 211 212
189 212 213
189 213 242
190 191 192
191 192 193
191 193 194
192 193 252
192 251 252
193 194 195
193 195 250
193 250 252
194 195 196
195 196 198
195 198 257
195 250 257
197 198 258
197 240 259
197 258 259
198 257 258
199 200 202
199 201 202
200 202 219
200 215 219
201 202 203
202 203 204
202 204 219
203 204 206
204 205 207
204 205 219
204 206 207
205 207 208
205 208 229
205 219 220
205 220 229
206 207 211
207 208 212
207 211 212
208 210 213
208 210 229
208 212 213
209 210 214
209 210 230
209 214 247
209 230 231
209 231 245
209 245 247
210 213 214
210 229 230
213 214 242
214 242 243
214 243 247
215 216 220
215 219 220
216 217 221
216 220 222
216 221 222
217 218 221
218 221 224
218 223 224
220 222 229
221 222 227
221 224 227
222 227 230
222 229 230
223 224 226
223 225 226
224 226 228
224 227 228
225 226 239
225 237 239
226 228 238
226 238 239
227 228 231
227 230 231
228 231 244
228 238 244
231 244 245
232 233 238
232 233 264
232 234 239
232 234 263
232 238 239
232 263 264
233 238 244
233 244 246
233 246 265
233 264 265
234 236 237
234 236 255
234 237 239
234 255 263
235 236 256
235 254 256
236 255 256
240 241 243
240 241 260
240 259 260
241 243 247
241 247 248
241 248 262
241 260 262
244 245 246
245 246 248
245 247 248
246 248 261
246 261 265
248 261 262
249 250 252
249 250 257
249 251 252
249 253 254
249 254 256
249 255 256
249 255 263
249 257 258
249 258 259
249 259 260
249 260 262
249 261 262
249 261 265
249 263 264
249 264 265
