# Direct voxel-based tetrahedral mesh (5 tets per cube)
# Grid: 10×10×10
# Voxels processed: 179
# Cubes: 179
# Vertices: 426
# Tetrahedra: 895

VERTICES
-1.914309 -0.374455 -0.882710
-1.914309 -0.374455 -0.481524
-1.914309 -0.374455 -0.080338
-1.914309 0.026731 -1.685083
-1.914309 0.026731 -1.283896
-1.914309 0.026731 -0.882710
-1.914309 0.026731 -0.481524
-1.914309 0.026731 -0.080338
-1.914309 0.427917 -1.685083
-1.914309 0.427917 -1.283896
-1.914309 0.427917 -0.882710
-1.914309 0.427917 -0.481524
-1.914309 0.427917 -0.080338
-1.914309 0.427917 0.320848
-1.914309 0.829104 -0.080338
-1.914309 0.829104 0.320848
-1.914309 1.230290 -0.080338
-1.914309 1.230290 0.320848
-1.513122 -0.775641 -1.283896
-1.513122 -0.775641 -0.882710
-1.513122 -0.775641 -0.481524
-1.513122 -0.775641 -0.080338
-1.513122 -0.775641 0.320848
-1.513122 -0.374455 -2.086269
-1.513122 -0.374455 -1.685083
-1.513122 -0.374455 -1.283896
-1.513122 -0.374455 -0.882710
-1.513122 -0.374455 -0.481524
-1.513122 -0.374455 -0.080338
-1.513122 -0.374455 0.320848
-1.513122 -0.374455 0.722035
-1.513122 0.026731 -2.086269
-1.513122 0.026731 -1.685083
-1.513122 0.026731 -1.283896
-1.513122 0.026731 -0.882710
-1.513122 0.026731 -0.481524
-1.513122 0.026731 -0.080338
-1.513122 0.026731 0.320848
-1.513122 0.026731 0.722035
-1.513122 0.026731 1.123221
-1.513122 0.427917 -2.487455
-1.513122 0.427917 -2.086269
-1.513122 0.427917 -1.685083
-1.513122 0.427917 -1.283896
-1.513122 0.427917 -0.882710
-1.513122 0.427917 -0.481524
-1.513122 0.427917 -0.080338
-1.513122 0.427917 0.320848
-1.513122 0.427917 0.722035
-1.513122 0.427917 1.123221
-1.513122 0.829104 -2.487455
-1.513122 0.829104 -2.086269
-1.513122 0.829104 -1.685083
-1.513122 0.829104 -1.283896
-1.513122 0.829104 -0.882710
-1.513122 0.829104 -0.481524
-1.513122 0.829104 -0.080338
-1.513122 0.829104 0.320848
-1.513122 1.230290 -1.685083
-1.513122 1.230290 -1.283896
-1.513122 1.230290 -0.882710
-1.513122 1.230290 -0.481524
-1.513122 1.230290 -0.080338
-1.513122 1.230290 0.320848
-1.513122 1.631476 -0.080338
-1.513122 1.631476 0.320848
-1.111936 -1.176828 0.320848
-1.111936 -1.176828 0.722035
-1.111936 -0.775641 -1.283896
-1.111936 -0.775641 -0.882710
-1.111936 -0.775641 -0.481524
-1.111936 -0.775641 -0.080338
-1.111936 -0.775641 0.320848
-1.111936 -0.775641 0.722035
-1.111936 -0.374455 -2.086269
-1.111936 -0.374455 -1.685083
-1.111936 -0.374455 -1.283896
-1.111936 -0.374455 -0.882710
-1.111936 -0.374455 -0.481524
-1.111936 -0.374455 -0.080338
-1.111936 -0.374455 0.320848
-1.111936 -0.374455 0.722035
-1.111936 0.026731 -2.086269
-1.111936 0.026731 -1.685083
-1.111936 0.026731 -1.283896
-1.111936 0.026731 -0.882710
-1.111936 0.026731 -0.481524
-1.111936 0.026731 -0.080338
-1.111936 0.026731 0.320848
-1.111936 0.026731 0.722035
-1.111936 0.026731 1.123221
-1.111936 0.427917 -2.487455
-1.111936 0.427917 -2.086269
-1.111936 0.427917 -1.685083
-1.111936 0.427917 -1.283896
-1.111936 0.427917 -0.882710
-1.111936 0.427917 -0.481524
-1.111936 0.427917 -0.080338
-1.111936 0.427917 0.320848
-1.111936 0.427917 0.722035
-1.111936 0.427917 1.123221
-1.111936 0.829104 -2.487455
-1.111936 0.829104 -2.086269
-1.111936 0.829104 -1.685083
-1.111936 0.829104 -1.283896
-1.111936 0.829104 -0.882710
-1.111936 0.829104 -0.481524
-1.111936 0.829104 -0.080338
-1.111936 0.829104 0.320848
-1.111936 0.829104 0.722035
-1.111936 0.829104 1.123221
-1.111936 1.230290 -1.685083
-1.111936 1.230290 -1.283896
-1.111936 1.230290 -0.882710
-1.111936 1.230290 -0.481524
-1.111936 1.230290 -0.080338
-1.111936 1.230290 0.320848
-1.111936 1.230290 0.722035
-1.111936 1.230290 1.123221
-1.111936 1.631476 -0.080338
-1.111936 1.631476 0.320848
-1.111936 1.631476 0.722035
-0.710750 -1.578014 -0.882710
-0.710750 -1.578014 -0.481524
-0.710750 -1.578014 -0.080338
-0.710750 -1.578014 0.320848
-0.710750 -1.578014 0.722035
-0.710750 -1.578014 1.123221
-0.710750 -1.176828 -0.882710
-0.710750 -1.176828 -0.481524
-0.710750 -1.176828 -0.080338
-0.710750 -1.176828 0.320848
-0.710750 -1.176828 0.722035
-0.710750 -1.176828 1.123221
-0.710750 -0.775641 -1.283896
-0.710750 -0.775641 -0.882710
-0.710750 -0.775641 -0.481524
-0.710750 -0.775641 -0.080338
-0.710750 -0.775641 0.320848
-0.710750 -0.775641 0.722035
-0.710750 -0.775641 1.123221
-0.710750 -0.374455 -1.685083
-0.710750 -0.374455 -1.283896
-0.710750 -0.374455 -0.882710
-0.710750 -0.374455 -0.481524
-0.710750 -0.374455 -0.080338
-0.710750 -0.374455 0.320848
-0.710750 -0.374455 0.722035
-0.710750 -0.374455 1.123221
-0.710750 -0.374455 1.524407
-0.710750 0.026731 -2.086269
-0.710750 0.026731 -1.685083
-0.710750 0.026731 -1.283896
-0.710750 0.026731 -0.882710
-0.710750 0.026731 -0.481524
-0.710750 0.026731 -0.080338
-0.710750 0.026731 0.320848
-0.710750 0.026731 0.722035
-0.710750 0.026731 1.123221
-0.710750 0.026731 1.524407
-0.710750 0.427917 -2.086269
-0.710750 0.427917 -1.685083
-0.710750 0.427917 -1.283896
-0.710750 0.427917 -0.882710
-0.710750 0.427917 -0.481524
-0.710750 0.427917 -0.080338
-0.710750 0.427917 0.320848
-0.710750 0.427917 0.722035
-0.710750 0.427917 1.123221
-0.710750 0.427917 1.524407
-0.710750 0.829104 -2.086269
-0.710750 0.829104 -1.685083
-0.710750 0.829104 -1.283896
-0.710750 0.829104 -0.882710
-0.710750 0.829104 -0.481524
-0.710750 0.829104 -0.080338
-0.710750 0.829104 0.320848
-0.710750 0.829104 0.722035
-0.710750 0.829104 1.123221
-0.710750 0.829104 1.524407
-0.710750 1.230290 -1.685083
-0.710750 1.230290 -1.283896
-0.710750 1.230290 -0.882710
-0.710750 1.230290 -0.481524
-0.710750 1.230290 -0.080338
-0.710750 1.230290 0.320848
-0.710750 1.230290 0.722035
-0.710750 1.230290 1.123221
-0.710750 1.631476 0.320848
-0.710750 1.631476 0.722035
-0.710750 2.032662 0.320848
-0.710750 2.032662 0.722035
-0.309564 -1.979200 -0.080338
-0.309564 -1.979200 0.320848
-0.309564 -1.979200 0.722035
-0.309564 -1.578014 -0.882710
-0.309564 -1.578014 -0.481524
-0.309564 -1.578014 -0.080338
-0.309564 -1.578014 0.320848
-0.309564 -1.578014 0.722035
-0.309564 -1.578014 1.123221
-0.309564 -1.176828 -0.882710
-0.309564 -1.176828 -0.481524
-0.309564 -1.176828 -0.080338
-0.309564 -1.176828 0.320848
-0.309564 -1.176828 0.722035
-0.309564 -1.176828 1.123221
-0.309564 -0.775641 -0.882710
-0.309564 -0.775641 -0.481524
-0.309564 -0.775641 -0.080338
-0.309564 -0.775641 0.320848
-0.309564 -0.775641 0.722035
-0.309564 -0.775641 1.123221
-0.309564 -0.775641 1.524407
-0.309564 -0.374455 -0.882710
-0.309564 -0.374455 -0.481524
-0.309564 -0.374455 -0.080338
-0.309564 -0.374455 0.320848
-0.309564 -0.374455 0.722035
-0.309564 -0.374455 1.123221
-0.309564 -0.374455 1.524407
-0.309564 0.026731 -0.882710
-0.309564 0.026731 -0.481524
-0.309564 0.026731 -0.080338
-0.309564 0.026731 0.320848
-0.309564 0.026731 0.722035
-0.309564 0.026731 1.123221
-0.309564 0.026731 1.524407
-0.309564 0.427917 -0.882710
-0.309564 0.427917 -0.481524
-0.309564 0.427917 -0.080338
-0.309564 0.427917 0.320848
-0.309564 0.427917 0.722035
-0.309564 0.427917 1.123221
-0.309564 0.427917 1.524407
-0.309564 0.829104 -0.882710
-0.309564 0.829104 -0.481524
-0.309564 0.829104 -0.080338
-0.309564 0.829104 0.320848
-0.309564 0.829104 0.722035
-0.309564 0.829104 1.123221
-0.309564 0.829104 1.524407
-0.309564 1.230290 -0.882710
-0.309564 1.230290 -0.481524
-0.309564 1.230290 -0.080338
-0.309564 1.230290 0.320848
-0.309564 1.230290 0.722035
-0.309564 1.631476 -0.080338
-0.309564 1.631476 0.320848
-0.309564 1.631476 0.722035
-0.309564 2.032662 0.320848
-0.309564 2.032662 0.722035
0.091622 -1.979200 -0.080338
0.091622 -1.979200 0.320848
0.091622 -1.979200 0.722035
0.091622 -1.578014 -0.481524
0.091622 -1.578014 -0.080338
0.091622 -1.578014 0.320848
0.091622 -1.578014 0.722035
0.091622 -1.176828 -0.882710
0.091622 -1.176828 -0.481524
0.091622 -1.176828 -0.080338
0.091622 -1.176828 0.320848
0.091622 -1.176828 0.722035
0.091622 -1.176828 1.123221
0.091622 -1.176828 1.524407
0.091622 -0.775641 -0.882710
0.091622 -0.775641 -0.481524
0.091622 -0.775641 -0.080338
0.091622 -0.775641 0.320848
0.091622 -0.775641 0.722035
0.091622 -0.775641 1.123221
0.091622 -0.775641 1.524407
0.091622 -0.374455 -0.481524
0.091622 -0.374455 -0.080338
0.091622 -0.374455 0.320848
0.091622 -0.374455 0.722035
0.091622 -0.374455 1.123221
0.091622 -0.374455 1.524407
0.091622 0.026731 -0.481524
0.091622 0.026731 -0.080338
0.091622 0.026731 0.320848
0.091622 0.026731 0.722035
0.091622 0.026731 1.123221
0.091622 0.026731 1.524407
0.091622 0.427917 -0.882710
0.091622 0.427917 -0.481524
0.091622 0.427917 -0.080338
0.091622 0.427917 0.320848
0.091622 0.427917 0.722035
0.091622 0.427917 1.123221
0.091622 0.427917 1.524407
0.091622 0.829104 -0.882710
0.091622 0.829104 -0.481524
0.091622 0.829104 -0.080338
0.091622 0.829104 0.320848
0.091622 0.829104 0.722035
0.091622 1.230290 -0.080338
0.091622 1.230290 0.320848
0.091622 1.230290 0.722035
0.091622 1.631476 -0.080338
0.091622 1.631476 0.320848
0.091622 1.631476 0.722035
0.091622 2.032662 0.320848
0.091622 2.032662 0.722035
0.492808 -1.578014 -0.481524
0.492808 -1.578014 -0.080338
0.492808 -1.578014 0.320848
0.492808 -1.578014 0.722035
0.492808 -1.578014 1.123221
0.492808 -1.176828 -0.481524
0.492808 -1.176828 -0.080338
0.492808 -1.176828 0.320848
0.492808 -1.176828 0.722035
0.492808 -1.176828 1.123221
0.492808 -1.176828 1.524407
0.492808 -0.775641 -0.080338
0.492808 -0.775641 0.320848
0.492808 -0.775641 0.722035
0.492808 -0.775641 1.123221
0.492808 -0.775641 1.524407
0.492808 -0.374455 -0.481524
0.492808 -0.374455 -0.080338
0.492808 -0.374455 0.320848
0.492808 -0.374455 0.722035
0.492808 0.026731 -0.481524
0.492808 0.026731 -0.080338
0.492808 0.026731 0.320848
0.492808 0.026731 0.722035
0.492808 0.427917 -0.481524
0.492808 0.427917 -0.080338
0.492808 0.427917 0.320848
0.492808 0.427917 0.722035
0.492808 0.829104 -0.481524
0.492808 0.829104 -0.080338
0.492808 0.829104 0.320848
0.492808 0.829104 0.722035
0.492808 1.230290 -0.080338
0.492808 1.230290 0.320848
0.492808 1.230290 0.722035
0.893995 -1.578014 -0.080338
0.893995 -1.578014 0.320848
0.893995 -1.578014 0.722035
0.893995 -1.578014 1.123221
0.893995 -1.176828 -0.080338
0.893995 -1.176828 0.320848
0.893995 -1.176828 0.722035
0.893995 -1.176828 1.123221
0.893995 -0.775641 -0.080338
0.893995 -0.775641 0.320848
0.893995 -0.775641 0.722035
0.893995 -0.775641 1.123221
0.893995 -0.374455 -0.481524
0.893995 -0.374455 -0.080338
0.893995 -0.374455 0.320848
0.893995 -0.374455 0.722035
0.893995 -0.374455 1.123221
0.893995 0.026731 -0.481524
0.893995 0.026731 -0.080338
0.893995 0.026731 0.320848
0.893995 0.026731 0.722035
0.893995 0.026731 1.123221
0.893995 0.427917 -0.481524
0.893995 0.427917 -0.080338
0.893995 0.427917 0.320848
0.893995 0.427917 0.722035
1.295181 -1.578014 0.320848
1.295181 -1.578014 0.722035
1.295181 -1.176828 0.320848
1.295181 -1.176828 0.722035
1.295181 -1.176828 1.123221
1.295181 -1.176828 1.524407
1.295181 -0.775641 0.320848
1.295181 -0.775641 0.722035
1.295181 -0.775641 1.123221
1.295181 -0.775641 1.524407
1.295181 -0.374455 -0.481524
1.295181 -0.374455 -0.080338
1.295181 -0.374455 0.320848
1.295181 -0.374455 0.722035
1.295181 -0.374455 1.123221
1.295181 0.026731 -0.481524
1.295181 0.026731 -0.080338
1.295181 0.026731 0.320848
1.295181 0.026731 0.722035
1.295181 0.026731 1.123221
1.295181 0.427917 -0.481524
1.295181 0.427917 -0.080338
1.295181 0.427917 0.320848
1.696367 -1.578014 0.320848
1.696367 -1.578014 0.722035
1.696367 -1.176828 0.320848
1.696367 -1.176828 0.722035
1.696367 -1.176828 1.123221
1.696367 -1.176828 1.524407
1.696367 -0.775641 0.320848
1.696367 -0.775641 0.722035
1.696367 -0.775641 1.123221
1.696367 -0.775641 1.524407
1.696367 -0.374455 -0.481524
1.696367 -0.374455 -0.080338
1.696367 -0.374455 0.320848
1.696367 -0.374455 0.722035
1.696367 -0.374455 1.123221
1.696367 -0.374455 1.524407
1.696367 0.026731 -0.481524
1.696367 0.026731 -0.080338
1.696367 0.026731 0.320848
1.696367 0.026731 0.722035
1.696367 0.026731 1.123221
1.696367 0.427917 -0.481524
1.696367 0.427917 -0.080338
1.696367 0.427917 0.320848
2.097553 -1.578014 0.320848
2.097553 -1.578014 0.722035
2.097553 -1.176828 0.320848
2.097553 -1.176828 0.722035
2.097553 -1.176828 1.123221
2.097553 -1.176828 1.524407
2.097553 -0.775641 1.123221
2.097553 -0.775641 1.524407
2.097553 -0.374455 0.722035
2.097553 -0.374455 1.123221
2.097553 -0.374455 1.524407
2.097553 0.026731 0.722035
2.097553 0.026731 1.123221

TETRAHEDRA
0 26 5 1
26 34 5 35
26 5 1 35
26 1 27 35
5 1 35 6
1 27 35 28
1 35 6 7
1 2 28 7
35 28 36 7
1 28 35 7
3 32 42 33
3 42 8 9
3 4 33 9
42 33 43 9
3 33 42 9
5 34 44 35
5 44 10 11
5 6 35 11
44 35 45 11
5 35 44 11
12 46 14 13
46 56 14 57
46 14 13 57
46 13 47 57
14 13 57 15
14 56 62 57
14 62 16 17
14 15 57 17
62 57 63 17
14 57 62 17
18 68 76 69
18 76 25 26
18 19 69 26
76 69 77 26
18 69 76 26
19 69 26 20
69 77 26 78
69 26 20 78
69 20 70 78
26 20 78 27
21 71 28 22
71 79 28 80
71 28 22 80
71 22 72 80
28 22 80 29
23 74 31 24
74 82 31 83
74 31 24 83
74 24 75 83
31 24 83 32
24 75 83 76
24 83 32 33
24 25 76 33
83 76 84 33
24 76 83 33
27 78 35 28
78 86 35 87
78 35 28 87
78 28 79 87
35 28 87 36
28 79 87 80
28 87 36 37
28 29 80 37
87 80 88 37
28 80 87 37
29 80 37 30
80 88 37 89
80 37 30 89
80 30 81 89
37 30 89 38
31 82 92 83
31 92 41 42
31 32 83 42
92 83 93 42
31 83 92 42
32 83 42 33
83 93 42 94
83 42 33 94
83 33 84 94
42 33 94 43
33 84 94 85
33 94 43 44
33 34 85 44
94 85 95 44
33 85 94 44
34 85 44 35
85 95 44 96
85 44 35 96
85 35 86 96
44 35 96 45
35 86 96 87
35 96 45 46
35 36 87 46
96 87 97 46
35 87 96 46
37 88 98 89
37 98 47 48
37 38 89 48
98 89 99 48
37 89 98 48
38 89 48 39
89 99 48 100
89 48 39 100
89 39 90 100
48 39 100 49
40 91 101 92
40 101 50 51
40 41 92 51
101 92 102 51
40 92 101 51
41 92 51 42
92 102 51 103
92 51 42 103
92 42 93 103
51 42 103 52
42 93 103 94
42 103 52 53
42 43 94 53
103 94 104 53
42 94 103 53
44 95 105 96
44 105 54 55
44 45 96 55
105 96 106 55
44 96 105 55
45 96 55 46
96 106 55 107
96 55 46 107
96 46 97 107
55 46 107 56
46 97 107 98
46 107 56 57
46 47 98 57
107 98 108 57
46 98 107 57
52 103 58 53
103 111 58 112
103 58 53 112
103 53 104 112
58 53 112 59
53 104 112 105
53 112 59 60
53 54 105 60
112 105 113 60
53 105 112 60
54 105 60 55
105 113 60 114
105 60 55 114
105 55 106 114
60 55 114 61
55 106 114 107
55 114 61 62
55 56 107 62
114 107 115 62
55 107 114 62
56 107 62 57
107 115 62 116
107 62 57 116
107 57 108 116
62 57 116 63
62 115 119 116
62 119 64 65
62 63 116 65
119 116 120 65
62 116 119 65
66 131 138 132
66 138 72 73
66 67 132 73
138 132 139 73
66 132 138 73
68 134 76 69
134 142 76 143
134 76 69 143
134 69 135 143
76 69 143 77
69 135 143 136
69 143 77 78
69 70 136 78
143 136 144 78
69 136 143 78
71 137 145 138
71 145 79 80
71 72 138 80
145 138 146 80
71 138 145 80
72 138 80 73
138 146 80 147
138 80 73 147
138 73 139 147
80 73 147 81
75 141 83 76
141 151 83 152
141 83 76 152
141 76 142 152
83 76 152 84
77 143 85 78
143 153 85 154
143 85 78 154
143 78 144 154
85 78 154 86
78 144 154 145
78 154 86 87
78 79 145 87
154 145 155 87
78 145 154 87
79 145 87 80
145 155 87 156
145 87 80 156
145 80 146 156
87 80 156 88
80 146 156 147
80 156 88 89
80 81 147 89
156 147 157 89
80 147 156 89
82 150 92 83
150 160 92 161
150 92 83 161
150 83 151 161
92 83 161 93
83 151 161 152
83 161 93 94
83 84 152 94
161 152 162 94
83 152 161 94
84 152 94 85
152 162 94 163
152 94 85 163
152 85 153 163
94 85 163 95
85 153 163 154
85 163 95 96
85 86 154 96
163 154 164 96
85 154 163 96
86 154 96 87
154 164 96 165
154 96 87 165
154 87 155 165
96 87 165 97
87 155 165 156
87 165 97 98
87 88 156 98
165 156 166 98
87 156 165 98
88 156 98 89
156 166 98 167
156 98 89 167
156 89 157 167
98 89 167 99
89 157 167 158
89 167 99 100
89 90 158 100
167 158 168 100
89 158 167 100
92 160 170 161
92 170 102 103
92 93 161 103
170 161 171 103
92 161 170 103
93 161 103 94
161 171 103 172
161 103 94 172
161 94 162 172
103 94 172 104
95 163 105 96
163 173 105 174
163 105 96 174
163 96 164 174
105 96 174 106
96 164 174 165
96 174 106 107
96 97 165 107
174 165 175 107
96 165 174 107
97 165 107 98
165 175 107 176
165 107 98 176
165 98 166 176
107 98 176 108
98 166 176 167
98 176 108 109
98 99 167 109
176 167 177 109
98 167 176 109
103 171 180 172
103 180 111 112
103 104 172 112
180 172 181 112
103 172 180 112
104 172 112 105
172 181 112 182
172 112 105 182
172 105 173 182
112 105 182 113
105 173 182 174
105 182 113 114
105 106 174 114
182 174 183 114
105 174 182 114
107 175 184 176
107 184 115 116
107 108 176 116
184 176 185 116
107 176 184 116
108 176 116 109
176 185 116 186
176 116 109 186
176 109 177 186
116 109 186 117
109 177 186 178
109 186 117 118
109 110 178 118
186 178 187 118
109 178 186 118
116 185 188 186
116 188 120 121
116 117 186 121
188 186 189 121
116 186 188 121
122 195 128 123
195 201 128 202
195 128 123 202
195 123 196 202
128 123 202 129
123 196 202 197
123 202 129 130
123 124 197 130
202 197 203 130
123 197 202 130
124 197 130 125
197 203 130 204
197 130 125 204
197 125 198 204
130 125 204 131
125 198 204 199
125 204 131 132
125 126 199 132
204 199 205 132
125 199 204 132
126 199 132 127
199 205 132 206
199 132 127 206
199 127 200 206
132 127 206 133
128 201 207 202
128 207 135 136
128 129 202 136
207 202 208 136
128 202 207 136
129 202 136 130
202 208 136 209
202 136 130 209
202 130 203 209
136 130 209 137
131 204 138 132
204 210 138 211
204 138 132 211
204 132 205 211
138 132 211 139
132 205 211 206
132 211 139 140
132 133 206 140
211 206 212 140
132 206 211 140
138 210 217 211
138 217 146 147
138 139 211 147
217 211 218 147
138 211 217 147
139 211 147 140
211 218 147 219
211 147 140 219
211 140 212 219
147 140 219 148
143 214 221 215
143 221 153 154
143 144 215 154
221 215 222 154
143 215 221 154
144 215 154 145
215 222 154 223
215 154 145 223
215 145 216 223
154 145 223 155
145 216 223 217
145 223 155 156
145 146 217 156
223 217 224 156
145 217 223 156
146 217 156 147
217 224 156 225
217 156 147 225
217 147 218 225
156 147 225 157
147 218 225 219
147 225 157 158
147 148 219 158
225 219 226 158
147 219 225 158
148 219 158 149
219 226 158 227
219 158 149 227
219 149 220 227
158 149 227 159
153 221 163 154
221 228 163 229
221 163 154 229
221 154 222 229
163 154 229 164
154 222 229 223
154 229 164 165
154 155 223 165
229 223 230 165
154 223 229 165
155 223 165 156
223 230 165 231
223 165 156 231
223 156 224 231
165 156 231 166
156 224 231 225
156 231 166 167
156 157 225 167
231 225 232 167
156 225 231 167
157 225 167 158
225 232 167 233
225 167 158 233
225 158 226 233
167 158 233 168
163 228 235 229
163 235 173 174
163 164 229 174
235 229 236 174
163 229 235 174
164 229 174 165
229 236 174 237
229 174 165 237
229 165 230 237
174 165 237 175
165 230 237 231
165 237 175 176
165 166 231 176
237 231 238 176
165 231 237 176
166 231 176 167
231 238 176 239
231 176 167 239
231 167 232 239
176 167 239 177
167 232 239 233
167 239 177 178
167 168 233 178
239 233 240 178
167 233 239 178
168 233 178 169
233 240 178 241
233 178 169 241
233 169 234 241
178 169 241 179
173 235 182 174
235 242 182 243
235 182 174 243
235 174 236 243
182 174 243 183
174 236 243 237
174 243 183 184
174 175 237 184
243 237 244 184
174 237 243 184
185 245 188 186
245 248 188 249
245 188 186 249
245 186 246 249
188 186 249 189
188 248 250 249
188 250 190 191
188 189 249 191
250 249 251 191
188 249 250 191
192 252 197 193
252 256 197 257
252 197 193 257
252 193 253 257
197 193 257 198
193 253 257 254
193 257 198 199
193 194 254 199
257 254 258 199
193 254 257 199
196 255 202 197
255 260 202 261
255 202 197 261
255 197 256 261
202 197 261 203
197 256 261 257
197 261 203 204
197 198 257 204
261 257 262 204
197 257 261 204
198 257 204 199
257 262 204 263
257 204 199 263
257 199 258 263
204 199 263 205
201 259 207 202
259 266 207 267
259 207 202 267
259 202 260 267
207 202 267 208
202 260 267 261
202 267 208 209
202 203 261 209
267 261 268 209
202 261 267 209
203 261 209 204
261 268 209 269
261 209 204 269
261 204 262 269
209 204 269 210
211 270 276 271
211 276 218 219
211 212 271 219
276 271 277 219
211 271 276 219
212 271 219 213
271 277 219 278
271 219 213 278
271 213 272 278
219 213 278 220
215 273 279 274
215 279 222 223
215 216 274 223
279 274 280 223
215 274 279 223
216 274 223 217
274 280 223 281
274 223 217 281
274 217 275 281
223 217 281 224
218 276 225 219
276 282 225 283
276 225 219 283
276 219 277 283
225 219 283 226
219 277 283 278
219 283 226 227
219 220 278 227
283 278 284 227
219 278 283 227
222 279 229 223
279 286 229 287
279 229 223 287
279 223 280 287
229 223 287 230
223 280 287 281
223 287 230 231
223 224 281 231
287 281 288 231
223 281 287 231
225 282 289 283
225 289 232 233
225 226 283 233
289 283 290 233
225 283 289 233
226 283 233 227
283 290 233 291
283 233 227 291
283 227 284 291
233 227 291 234
228 285 235 229
285 292 235 293
285 235 229 293
285 229 286 293
235 229 293 236
229 286 293 287
229 293 236 237
229 230 287 237
293 287 294 237
229 287 293 237
230 287 237 231
287 294 237 295
287 237 231 295
287 231 288 295
237 231 295 238
231 288 295 289
231 295 238 239
231 232 289 239
295 289 296 239
231 289 295 239
237 294 297 295
237 297 244 245
237 238 295 245
297 295 298 245
237 295 297 245
238 295 245 239
295 298 245 299
295 245 239 299
295 239 296 299
245 239 299 246
244 297 247 245
297 300 247 301
297 247 245 301
297 245 298 301
247 245 301 248
245 298 301 299
245 301 248 249
245 246 299 249
301 299 302 249
245 299 301 249
248 301 250 249
301 303 250 304
301 250 249 304
301 249 302 304
250 249 304 251
255 305 310 306
255 310 260 261
255 256 306 261
310 306 311 261
255 306 310 261
256 306 261 257
306 311 261 312
306 261 257 312
306 257 307 312
261 257 312 262
257 307 312 308
257 312 262 263
257 258 308 263
312 308 313 263
257 308 312 263
261 311 316 312
261 316 268 269
261 262 312 269
316 312 317 269
261 312 316 269
262 312 269 263
312 317 269 318
312 269 263 318
312 263 313 318
269 263 318 270
263 313 318 314
263 318 270 271
263 264 314 271
318 314 319 271
263 314 318 271
264 314 271 265
314 319 271 320
314 271 265 320
314 265 315 320
271 265 320 272
273 321 279 274
321 325 279 326
321 279 274 326
321 274 322 326
279 274 326 280
274 322 326 323
274 326 280 281
274 275 323 281
326 323 327 281
274 323 326 281
279 325 329 326
279 329 286 287
279 280 326 287
329 326 330 287
279 326 329 287
280 326 287 281
326 330 287 331
326 287 281 331
326 281 327 331
287 281 331 288
286 329 293 287
329 333 293 334
329 293 287 334
329 287 330 334
293 287 334 294
287 330 334 331
287 334 294 295
287 288 331 295
334 331 335 295
287 331 334 295
288 331 295 289
331 335 295 336
331 295 289 336
331 289 332 336
295 289 336 296
294 334 297 295
334 337 297 338
334 297 295 338
334 295 335 338
297 295 338 298
295 335 338 336
295 338 298 299
295 296 336 299
338 336 339 299
295 336 338 299
306 340 344 341
306 344 311 312
306 307 341 312
344 341 345 312
306 341 344 312
307 341 312 308
341 345 312 346
341 312 308 346
341 308 342 346
312 308 346 313
308 342 346 343
308 346 313 314
308 309 343 314
346 343 347 314
308 343 346 314
311 344 316 312
344 348 316 349
344 316 312 349
344 312 345 349
316 312 349 317
312 345 349 346
312 349 317 318
312 313 346 318
349 346 350 318
312 346 349 318
313 346 318 314
346 350 318 351
346 318 314 351
346 314 347 351
318 314 351 319
317 349 323 318
349 354 323 355
349 323 318 355
349 318 350 355
323 318 355 324
321 352 357 353
321 357 325 326
321 322 353 326
357 353 358 326
321 353 357 326
322 353 326 323
353 358 326 359
353 326 323 359
353 323 354 359
326 323 359 327
323 354 359 355
323 359 327 328
323 324 355 328
359 355 360 328
323 355 359 328
325 357 329 326
357 362 329 363
357 329 326 363
357 326 358 363
329 326 363 330
326 358 363 359
326 363 330 331
326 327 359 331
363 359 364 331
326 359 363 331
327 359 331 328
359 364 331 365
359 331 328 365
359 328 360 365
331 328 365 332
341 366 368 367
341 368 345 346
341 342 367 346
368 367 369 346
341 367 368 346
345 368 349 346
368 372 349 373
368 349 346 373
368 346 369 373
349 346 373 350
346 369 373 370
346 373 350 351
346 347 370 351
373 370 374 351
346 370 373 351
349 372 378 373
349 378 354 355
349 350 373 355
378 373 379 355
349 373 378 355
350 373 355 351
373 379 355 380
373 355 351 380
373 351 374 380
355 351 380 356
352 376 357 353
376 381 357 382
376 357 353 382
376 353 377 382
357 353 382 358
353 377 382 378
353 382 358 359
353 354 378 359
382 378 383 359
353 378 382 359
354 378 359 355
378 383 359 384
378 359 355 384
378 355 379 384
359 355 384 360
355 379 384 380
355 384 360 361
355 356 380 361
384 380 385 361
355 380 384 361
357 381 386 382
357 386 362 363
357 358 382 363
386 382 387 363
357 382 386 363
358 382 363 359
382 387 363 388
382 363 359 388
382 359 383 388
363 359 388 364
366 389 368 367
389 391 368 392
389 368 367 392
389 367 390 392
368 367 392 369
368 391 395 392
368 395 372 373
368 369 392 373
395 392 396 373
368 392 395 373
369 392 373 370
392 396 373 397
392 373 370 397
392 370 393 397
373 370 397 374
370 393 397 394
370 397 374 375
370 371 394 375
397 394 398 375
370 394 397 375
372 395 378 373
395 401 378 402
395 378 373 402
395 373 396 402
378 373 402 379
373 396 402 397
373 402 379 380
373 374 397 380
402 397 403 380
373 397 402 380
376 399 405 400
376 405 381 382
376 377 400 382
405 400 406 382
376 400 405 382
377 400 382 378
400 406 382 407
400 382 378 407
400 378 401 407
382 378 407 383
378 401 407 402
378 407 383 384
378 379 402 384
407 402 408 384
378 402 407 384
379 402 384 380
402 408 384 409
402 384 380 409
402 380 403 409
384 380 409 385
381 405 386 382
405 410 386 411
405 386 382 411
405 382 406 411
386 382 411 387
382 406 411 407
382 411 387 388
382 383 407 388
411 407 412 388
382 407 411 388
389 413 415 414
389 415 391 392
389 390 414 392
415 414 416 392
389 414 415 392
393 417 397 394
417 419 397 420
417 397 394 420
417 394 418 420
397 394 420 398
397 419 422 420
397 422 403 404
397 398 420 404
422 420 423 404
397 420 422 404
402 421 424 422
402 424 408 409
402 403 422 409
424 422 425 409
402 422 424 409

EDGES
0 1
0 5
0 26
1 2
1 5
1 6
1 7
1 26
1 27
1 28
1 35
2 7
2 28
3 4
3 8
3 9
3 32
3 33
3 42
4 9
4 33
5 6
5 10
5 11
5 26
5 34
5 35
5 44
6 7
6 11
6 35
7 28
7 35
7 36
8 9
8 42
9 33
9 42
9 43
10 11
10 44
11 35
11 44
11 45
12 13
12 14
12 46
13 14
13 15
13 46
13 47
13 57
14 15
14 16
14 17
14 46
14 56
14 57
14 62
15 17
15 57
16 17
16 62
17 57
17 62
17 63
18 19
18 25
18 26
18 68
18 69
18 76
19 20
19 26
19 69
20 26
20 27
20 69
20 70
20 78
21 22
21 28
21 71
22 28
22 29
22 71
22 72
22 80
23 24
23 31
23 74
24 25
24 31
24 32
24 33
24 74
24 75
24 76
24 83
25 26
25 33
25 76
26 27
26 34
26 35
26 69
26 76
26 77
26 78
27 28
27 35
27 78
28 29
28 35
28 36
28 37
28 71
28 78
28 79
28 80
28 87
29 30
29 37
29 80
30 37
30 38
30 80
30 81
30 89
31 32
31 41
31 42
31 74
31 82
31 83
31 92
32 33
32 42
32 83
33 34
33 42
33 43
33 44
33 76
33 83
33 84
33 85
33 94
34 35
34 44
34 85
35 36
35 44
35 45
35 46
35 78
35 85
35 86
35 87
35 96
36 37
36 46
36 87
37 38
37 47
37 48
37 80
37 87
37 88
37 89
37 98
38 39
38 48
38 89
39 48
39 49
39 89
39 90
39 100
40 41
40 50
40 51
40 91
40 92
40 101
41 42
41 51
41 92
42 43
42 51
42 52
42 53
42 83
42 92
42 93
42 94
42 103
43 44
43 53
43 94
44 45
44 54
44 55
44 85
44 94
44 95
44 96
44 105
45 46
45 55
45 96
46 47
46 55
46 56
46 57
46 87
46 96
46 97
46 98
46 107
47 48
47 57
47 98
48 49
48 89
48 98
48 99
48 100
49 100
50 51
50 101
51 52
51 92
51 101
51 102
51 103
52 53
52 58
52 103
53 54
53 58
53 59
53 60
53 94
53 103
53 104
53 105
53 112
54 55
54 60
54 105
55 56
55 60
55 61
55 62
55 96
55 105
55 106
55 107
55 114
56 57
56 62
56 107
57 62
57 63
57 98
57 107
57 108
57 116
58 59
58 103
58 111
58 112
59 60
59 112
60 61
60 105
60 112
60 113
60 114
61 62
61 114
62 63
62 64
62 65
62 107
62 114
62 115
62 116
62 119
63 65
63 116
64 65
64 119
65 116
65 119
65 120
66 67
66 72
66 73
66 131
66 132
66 138
67 73
67 132
68 69
68 76
68 134
69 70
69 76
69 77
69 78
69 134
69 135
69 136
69 143
70 78
70 136
71 72
71 79
71 80
71 137
71 138
71 145
72 73
72 80
72 138
73 80
73 81
73 132
73 138
73 139
73 147
74 75
74 82
74 83
75 76
75 83
75 141
76 77
76 83
76 84
76 134
76 141
76 142
76 143
76 152
77 78
77 85
77 143
78 79
78 85
78 86
78 87
78 136
78 143
78 144
78 145
78 154
79 80
79 87
79 145
80 81
80 87
80 88
80 89
80 138
80 145
80 146
80 147
80 156
81 89
81 147
82 83
82 92
82 150
83 84
83 92
83 93
83 94
83 141
83 150
83 151
83 152
83 161
84 85
84 94
84 152
85 86
85 94
85 95
85 96
85 143
85 152
85 153
85 154
85 163
86 87
86 96
86 154
87 88
87 96
87 97
87 98
87 145
87 154
87 155
87 156
87 165
88 89
88 98
88 156
89 90
89 98
89 99
89 100
89 147
89 156
89 157
89 158
89 167
90 100
90 158
91 92
91 101
92 93
92 101
92 102
92 103
92 150
92 160
92 161
92 170
93 94
93 103
93 161
94 95
94 103
94 104
94 152
94 161
94 162
94 163
94 172
95 96
95 105
95 163
96 97
96 105
96 106
96 107
96 154
96 163
96 164
96 165
96 174
97 98
97 107
97 165
98 99
98 107
98 108
98 109
98 156
98 165
98 166
98 167
98 176
99 100
99 109
99 167
100 158
100 167
100 168
101 102
102 103
102 170
103 104
103 111
103 112
103 161
103 170
103 171
103 172
103 180
104 105
104 112
104 172
105 106
105 112
105 113
105 114
105 163
105 172
105 173
105 174
105 182
106 107
106 114
106 174
107 108
107 114
107 115
107 116
107 165
107 174
107 175
107 176
107 184
108 109
108 116
108 176
109 110
109 116
109 117
109 118
109 167
109 176
109 177
109 178
109 186
110 118
110 178
111 112
111 180
112 113
112 172
112 180
112 181
112 182
113 114
113 182
114 115
114 174
114 182
114 183
115 116
115 119
115 184
116 117
116 119
116 120
116 121
116 176
116 184
116 185
116 186
116 188
117 118
117 121
117 186
118 178
118 186
118 187
119 120
120 121
120 188
121 186
121 188
121 189
122 123
122 128
122 195
123 124
123 128
123 129
123 130
123 195
123 196
123 197
123 202
124 125
124 130
124 197
125 126
125 130
125 131
125 132
125 197
125 198
125 199
125 204
126 127
126 132
126 199
127 132
127 133
127 199
127 200
127 206
128 129
128 135
128 136
128 195
128 201
128 202
128 207
129 130
129 136
129 202
130 131
130 136
130 137
130 197
130 202
130 203
130 204
130 209
131 132
131 138
131 204
132 133
132 138
132 139
132 140
132 199
132 204
132 205
132 206
132 211
133 140
133 206
134 135
134 142
134 143
135 136
135 143
135 207
136 137
136 143
136 144
136 202
136 207
136 208
136 209
137 138
137 145
137 209
138 139
138 145
138 146
138 147
138 204
138 210
138 211
138 217
139 140
139 147
139 211
140 147
140 148
140 206
140 211
140 212
140 219
141 142
141 151
141 152
142 143
142 152
143 144
143 153
143 154
143 214
143 215
143 221
144 145
144 154
144 215
145 146
145 154
145 155
145 156
145 215
145 216
145 217
145 223
146 147
146 156
146 217
147 148
147 156
147 157
147 158
147 211
147 217
147 218
147 219
147 225
148 149
148 158
148 219
149 158
149 159
149 219
149 220
149 227
150 151
150 160
150 161
151 152
151 161
152 153
152 161
152 162
152 163
153 154
153 163
153 221
154 155
154 163
154 164
154 165
154 215
154 221
154 222
154 223
154 229
155 156
155 165
155 223
156 157
156 165
156 166
156 167
156 217
156 223
156 224
156 225
156 231
157 158
157 167
157 225
158 159
158 167
158 168
158 219
158 225
158 226
158 227
158 233
159 227
160 161
160 170
161 162
161 170
161 171
161 172
162 163
162 172
163 164
163 173
163 174
163 221
163 228
163 229
163 235
164 165
164 174
164 229
165 166
165 174
165 175
165 176
165 223
165 229
165 230
165 231
165 237
166 167
166 176
166 231
167 168
167 176
167 177
167 178
167 225
167 231
167 232
167 233
167 239
168 169
168 178
168 233
169 178
169 179
169 233
169 234
169 241
170 171
171 172
171 180
172 173
172 180
172 181
172 182
173 174
173 182
173 235
174 175
174 182
174 183
174 184
174 229
174 235
174 236
174 237
174 243
175 176
175 184
175 237
176 177
176 184
176 185
176 186
176 231
176 237
176 238
176 239
177 178
177 186
177 239
178 179
178 186
178 187
178 233
178 239
178 240
178 241
179 241
180 181
181 182
182 183
182 235
182 242
182 243
183 184
183 243
184 185
184 237
184 243
184 244
185 186
185 188
185 245
186 187
186 188
186 189
186 245
186 246
186 249
188 189
188 190
188 191
188 245
188 248
188 249
188 250
189 191
189 249
190 191
190 250
191 249
191 250
191 251
192 193
192 197
192 252
193 194
193 197
193 198
193 199
193 252
193 253
193 254
193 257
194 199
194 254
195 196
195 201
195 202
196 197
196 202
196 255
197 198
197 202
197 203
197 204
197 252
197 255
197 256
197 257
197 261
198 199
198 204
198 257
199 200
199 204
199 205
199 206
199 254
199 257
199 258
199 263
200 206
201 202
201 207
201 259
202 203
202 207
202 208
202 209
202 255
202 259
202 260
202 261
202 267
203 204
203 209
203 261
204 205
204 209
204 210
204 211
204 257
204 261
204 262
204 263
204 269
205 206
205 211
205 263
206 211
206 212
207 208
207 259
207 266
207 267
208 209
208 267
209 210
209 261
209 267
209 268
209 269
210 211
210 217
210 269
211 212
211 217
211 218
211 219
211 270
211 271
211 276
212 213
212 219
212 271
213 219
213 220
213 271
213 272
213 278
214 215
214 221
215 216
215 221
215 222
215 223
215 273
215 274
215 279
216 217
216 223
216 274
217 218
217 223
217 224
217 225
217 274
217 275
217 281
218 219
218 225
218 276
219 220
219 225
219 226
219 227
219 271
219 276
219 277
219 278
219 283
220 227
220 278
221 222
221 228
221 229
222 223
222 229
222 279
223 224
223 229
223 230
223 231
223 274
223 279
223 280
223 281
223 287
224 225
224 231
224 281
225 226
225 231
225 232
225 233
225 276
225 282
225 283
225 289
226 227
226 233
226 283
227 233
227 234
227 278
227 283
227 284
227 291
228 229
228 235
228 285
229 230
229 235
229 236
229 237
229 279
229 285
229 286
229 287
229 293
230 231
230 237
230 287
231 232
231 237
231 238
231 239
231 281
231 287
231 288
231 289
231 295
232 233
232 239
232 289
233 234
233 239
233 240
233 241
233 283
233 289
233 290
233 291
234 241
234 291
235 236
235 242
235 243
235 285
235 292
235 293
236 237
236 243
236 293
237 238
237 243
237 244
237 245
237 287
237 293
237 294
237 295
237 297
238 239
238 245
238 295
239 240
239 245
239 246
239 289
239 295
239 296
239 299
240 241
242 243
243 244
244 245
244 247
244 297
245 246
245 247
245 248
245 249
245 295
245 297
245 298
245 299
245 301
246 249
246 299
247 248
247 297
247 300
247 301
248 249
248 250
248 301
249 250
249 251
249 299
249 301
249 302
249 304
250 251
250 301
250 303
250 304
251 304
252 253
252 256
252 257
253 254
253 257
254 257
254 258
255 256
255 260
255 261
255 305
255 306
255 310
256 257
256 261
256 306
257 258
257 261
257 262
257 263
257 306
257 307
257 308
257 312
258 263
258 308
259 260
259 266
259 267
260 261
260 267
260 310
261 262
261 267
261 268
261 269
261 306
261 310
261 311
261 312
261 316
262 263
262 269
262 312
263 264
263 269
263 270
263 271
263 308
263 312
263 313
263 314
263 318
264 265
264 271
264 314
265 271
265 272
265 314
265 315
265 320
266 267
267 268
268 269
268 316
269 270
269 312
269 316
269 317
269 318
270 271
270 276
270 318
271 272
271 276
271 277
271 278
271 314
271 318
271 319
271 320
272 278
272 320
273 274
273 279
273 321
274 275
274 279
274 280
274 281
274 321
274 322
274 323
274 326
275 281
275 323
276 277
276 282
276 283
277 278
277 283
278 283
278 284
279 280
279 286
279 287
279 321
279 325
279 326
279 329
280 281
280 287
280 326
281 287
281 288
281 323
281 326
281 327
281 331
282 283
282 289
283 284
283 289
283 290
283 291
284 291
285 286
285 292
285 293
286 287
286 293
286 329
287 288
287 293
287 294
287 295
287 326
287 329
287 330
287 331
287 334
288 289
288 295
288 331
289 290
289 295
289 296
289 331
289 332
289 336
290 291
292 293
293 294
293 329
293 333
293 334
294 295
294 297
294 334
295 296
295 297
295 298
295 299
295 331
295 334
295 335
295 336
295 338
296 299
296 336
297 298
297 300
297 301
297 334
297 337
297 338
298 299
298 301
298 338
299 301
299 302
299 336
299 338
299 339
300 301
301 302
301 303
301 304
302 304
303 304
305 306
305 310
306 307
306 310
306 311
306 312
306 340
306 341
306 344
307 308
307 312
307 341
308 309
308 312
308 313
308 314
308 341
308 342
308 343
308 346
309 314
309 343
310 311
311 312
311 316
311 344
312 313
312 316
312 317
312 318
312 341
312 344
312 345
312 346
312 349
313 314
313 318
313 346
314 315
314 318
314 319
314 320
314 343
314 346
314 347
314 351
315 320
316 317
316 344
316 348
316 349
317 318
317 323
317 349
318 319
318 323
318 324
318 346
318 349
318 350
318 351
318 355
319 320
319 351
321 322
321 325
321 326
321 352
321 353
321 357
322 323
322 326
322 353
323 324
323 326
323 327
323 328
323 349
323 353
323 354
323 355
323 359
324 328
324 355
325 326
325 329
325 357
326 327
326 329
326 330
326 331
326 353
326 357
326 358
326 359
326 363
327 328
327 331
327 359
328 331
328 332
328 355
328 359
328 360
328 365
329 330
329 333
329 334
329 357
329 362
329 363
330 331
330 334
330 363
331 332
331 334
331 335
331 336
331 359
331 363
331 364
331 365
332 336
332 365
333 334
334 335
334 337
334 338
335 336
335 338
336 338
336 339
337 338
338 339
340 341
340 344
341 342
341 344
341 345
341 346
341 366
341 367
341 368
342 343
342 346
342 367
343 346
343 347
344 345
344 348
344 349
345 346
345 349
345 368
346 347
346 349
346 350
346 351
346 367
346 368
346 369
346 370
346 373
347 351
347 370
348 349
349 350
349 354
349 355
349 368
349 372
349 373
349 378
350 351
350 355
350 373
351 355
351 356
351 370
351 373
351 374
351 380
352 353
352 357
352 376
353 354
353 357
353 358
353 359
353 376
353 377
353 378
353 382
354 355
354 359
354 378
355 356
355 359
355 360
355 361
355 373
355 378
355 379
355 380
355 384
356 361
356 380
357 358
357 362
357 363
357 376
357 381
357 382
357 386
358 359
358 363
358 382
359 360
359 363
359 364
359 365
359 378
359 382
359 383
359 384
359 388
360 361
360 365
360 384
361 380
361 384
361 385
362 363
362 386
363 364
363 382
363 386
363 387
363 388
364 365
364 388
366 367
366 368
366 389
367 368
367 369
367 389
367 390
367 392
368 369
368 372
368 373
368 389
368 391
368 392
368 395
369 370
369 373
369 392
370 371
370 373
370 374
370 375
370 392
370 393
370 394
370 397
371 375
371 394
372 373
372 378
372 395
373 374
373 378
373 379
373 380
373 392
373 395
373 396
373 397
373 402
374 375
374 380
374 397
375 394
375 397
375 398
376 377
376 381
376 382
376 399
376 400
376 405
377 378
377 382
377 400
378 379
378 382
378 383
378 384
378 395
378 400
378 401
378 402
378 407
379 380
379 384
379 402
380 384
380 385
380 397
380 402
380 403
380 409
381 382
381 386
381 405
382 383
382 386
382 387
382 388
382 400
382 405
382 406
382 407
382 411
383 384
383 388
383 407
384 385
384 402
384 407
384 408
384 409
385 409
386 387
386 405
386 410
386 411
387 388
387 411
388 407
388 411
388 412
389 390
389 391
389 392
389 413
389 414
389 415
390 392
390 414
391 392
391 395
391 415
392 393
392 395
392 396
392 397
392 414
392 415
392 416
393 394
393 397
393 417
394 397
394 398
394 417
394 418
394 420
395 396
395 401
395 402
396 397
396 402
397 398
397 402
397 403
397 404
397 417
397 419
397 420
397 422
398 404
398 420
399 400
399 405
400 401
400 405
400 406
400 407
401 402
401 407
402 403
402 407
402 408
402 409
402 421
402 422
402 424
403 404
403 409
403 422
404 420
404 422
404 423
405 406
405 410
405 411
406 407
406 411
407 408
407 411
407 412
408 409
408 424
409 422
409 424
409 425
410 411
411 412
413 414
413 415
414 415
414 416
415 416
417 418
417 419
417 420
418 420
419 420
419 422
420 422
420 423
421 422
421 424
422 423
422 424
422 425
424 425

SURFACE_TRIANGLES
0 1 5
0 1 26
0 5 26
1 2 7
1 2 28
1 5 6
1 6 7
1 26 27
1 27 28
2 7 28
3 4 9
3 4 33
3 8 9
3 8 42
3 32 33
3 32 42
4 9 33
5 6 11
5 10 11
5 10 44
5 26 34
5 34 44
6 7 35
6 11 35
7 28 36
7 35 36
8 9 42
9 33 43
9 42 43
10 11 44
11 35 45
11 44 45
12 13 14
12 13 46
12 14 46
13 14 15
13 15 57
13 46 47
13 47 57
14 15 17
14 16 17
14 16 62
14 46 56
14 56 62
15 17 57
16 17 62
17 57 63
17 62 63
18 19 26
18 19 69
18 25 26
18 25 76
18 68 69
18 68 76
19 20 26
19 20 69
20 26 27
20 27 78
20 69 70
20 70 78
21 22 28
21 22 71
21 28 71
22 28 29
22 29 80
22 71 72
22 72 80
23 24 31
23 24 74
23 31 74
24 25 33
24 25 76
24 31 32
24 32 33
24 74 75
24 75 76
25 26 76
25 33 76
26 27 35
26 27 78
26 34 35
26 76 77
26 77 78
27 28 78
27 35 78
28 29 37
28 36 37
28 71 79
28 78 79
29 30 37
29 30 80
30 37 38
30 38 89
30 80 81
30 81 89
31 32 42
31 41 42
31 41 92
31 74 82
31 82 92
33 34 44
33 34 85
33 43 44
33 76 84
33 84 85
34 35 85
35 36 46
35 45 46
35 78 86
35 85 86
36 37 87
36 46 87
37 38 48
37 47 48
37 47 98
37 87 88
37 88 98
38 39 48
38 39 89
39 48 49
39 49 100
39 89 90
39 90 100
40 41 51
40 41 92
40 50 51
40 50 101
40 91 92
40 91 101
41 42 51
42 43 53
42 51 52
42 52 53
43 44 94
43 53 94
44 45 55
44 54 55
44 54 105
44 94 95
44 95 105
45 46 55
46 47 98
46 55 56
46 87 97
46 97 98
47 48 98
47 57 98
48 49 100
48 98 99
48 99 100
50 51 101
51 52 103
51 101 102
51 102 103
52 53 58
52 58 103
53 54 60
53 54 105
53 58 59
53 59 60
53 94 104
53 104 105
54 55 60
55 56 62
55 60 61
55 61 62
57 63 116
57 98 108
57 108 116
58 59 112
58 103 111
58 111 112
59 60 112
60 61 114
60 112 113
60 113 114
61 62 114
62 63 65
62 64 65
62 64 119
62 114 115
62 115 119
63 65 116
64 65 119
65 116 120
65 119 120
66 67 73
66 67 132
66 72 73
66 72 138
66 131 132
66 131 138
67 73 132
68 69 134
68 76 134
69 70 136
69 134 135
69 135 136
70 78 136
71 72 138
71 79 145
71 137 138
71 137 145
72 73 80
73 80 81
73 81 147
73 132 139
73 139 147
74 75 83
74 82 83
75 76 141
75 83 141
76 77 143
76 84 152
76 134 142
76 141 142
76 142 143
76 142 152
77 78 85
77 85 143
78 79 145
78 85 86
78 136 144
78 144 145
81 89 147
82 83 150
82 92 150
83 141 151
83 150 151
84 85 152
85 143 153
85 152 153
87 88 98
87 97 98
89 90 158
89 147 157
89 157 158
90 100 158
91 92 101
92 101 102
92 102 170
92 150 160
92 160 170
94 95 163
94 104 172
94 162 163
94 162 172
95 105 163
98 99 109
98 108 109
99 100 167
99 109 167
100 158 168
100 167 168
102 103 170
103 111 180
103 170 171
103 171 180
104 105 172
105 163 173
105 172 173
106 107 114
106 107 174
106 114 174
107 114 115
107 115 184
107 174 175
107 175 184
108 109 116
109 110 118
109 110 178
109 116 117
109 117 118
109 167 177
109 177 178
110 118 178
111 112 180
112 113 182
112 180 181
112 181 182
113 114 182
114 174 183
114 182 183
115 116 119
115 116 184
116 117 121
116 119 120
116 120 121
116 120 188
116 184 185
116 185 188
117 118 186
117 121 186
118 178 187
118 186 187
120 121 188
121 186 189
121 188 189
122 123 128
122 123 195
122 128 195
123 124 130
123 124 197
123 128 129
123 129 130
123 195 196
123 196 197
124 125 130
124 125 197
125 126 132
125 126 199
125 130 131
125 131 132
125 197 198
125 198 199
126 127 132
126 127 199
127 132 133
127 133 206
127 199 200
127 200 206
128 129 136
128 135 136
128 135 207
128 195 201
128 201 207
129 130 136
130 131 204
130 136 137
130 137 209
130 203 204
130 203 209
131 138 204
132 133 140
132 139 140
133 140 206
134 135 143
134 142 143
135 136 143
135 136 207
136 137 209
136 143 144
136 207 208
136 208 209
137 138 145
138 145 146
138 146 217
138 204 210
138 210 217
139 140 147
140 147 148
140 148 219
140 206 212
140 212 219
141 142 152
141 151 152
143 144 215
143 153 221
143 214 215
143 214 221
144 145 215
145 146 217
145 215 216
145 216 217
147 148 158
147 157 158
148 149 158
148 149 219
149 158 159
149 159 227
149 219 220
149 220 227
150 151 161
150 160 161
151 152 161
152 153 163
152 161 162
152 162 163
153 163 221
158 159 227
158 168 233
158 226 227
158 226 233
160 161 170
161 162 172
161 170 171
161 171 172
163 173 235
163 221 228
163 228 235
167 168 178
167 177 178
168 169 178
168 169 233
169 178 179
169 179 241
169 233 234
169 234 241
171 172 180
172 173 182
172 180 181
172 181 182
173 182 235
174 175 184
174 183 184
175 176 184
175 176 237
175 184 237
176 177 186
176 177 239
176 184 185
176 185 186
176 237 238
176 238 239
177 178 186
177 178 239
178 179 241
178 186 187
178 239 240
178 240 241
182 183 243
182 235 242
182 242 243
183 184 243
184 237 244
184 243 244
185 186 245
185 188 245
186 189 249
186 245 246
186 246 249
188 189 191
188 190 191
188 190 250
188 245 248
188 248 250
189 191 249
190 191 250
191 249 251
191 250 251
192 193 197
192 193 252
192 197 252
193 194 199
193 194 254
193 197 198
193 198 199
193 252 253
193 253 254
194 199 254
195 196 202
195 201 202
196 197 255
196 202 255
197 252 256
197 255 256
199 200 206
199 205 206
199 205 263
199 254 258
199 258 263
201 202 259
201 207 259
202 255 260
202 259 260
203 204 209
204 205 211
204 205 263
204 209 210
204 210 211
204 210 269
204 262 263
204 262 269
205 206 211
206 211 212
207 208 267
207 259 266
207 266 267
208 209 267
209 210 269
209 267 268
209 268 269
210 211 217
211 212 271
211 217 218
211 218 276
211 270 271
211 270 276
212 213 219
212 213 271
213 219 220
213 220 278
213 271 272
213 272 278
214 215 221
215 216 274
215 221 222
215 222 279
215 273 274
215 273 279
216 217 274
217 218 225
217 224 225
217 224 281
217 274 275
217 275 281
218 225 276
220 227 278
221 222 229
221 228 229
222 229 279
224 225 231
224 231 281
225 231 232
225 232 289
225 276 282
225 282 289
226 227 233
227 233 234
227 234 291
227 278 284
227 284 291
228 229 285
228 235 285
229 279 286
229 285 286
231 232 289
231 281 288
231 288 289
232 233 239
232 233 289
232 239 289
233 234 241
233 234 291
233 239 240
233 240 241
233 289 290
233 290 291
235 236 243
235 236 293
235 242 243
235 285 292
235 292 293
236 237 243
236 237 293
237 238 245
237 243 244
237 244 245
237 244 297
237 293 294
237 294 297
238 239 245
239 245 246
239 246 299
239 289 296
239 296 299
244 245 247
244 247 297
245 247 248
246 249 299
247 248 301
247 297 300
247 300 301
248 250 301
249 251 304
249 299 302
249 302 304
250 251 304
250 301 303
250 303 304
252 253 257
252 256 257
253 254 257
254 257 258
255 256 306
255 260 310
255 305 306
255 305 310
256 257 306
257 258 308
257 306 307
257 307 308
258 263 308
259 260 267
259 266 267
260 261 267
260 261 310
261 267 268
261 268 316
261 310 311
261 311 316
262 263 269
263 264 271
263 264 314
263 269 270
263 270 271
263 308 313
263 313 314
264 265 271
264 265 314
265 271 272
265 272 320
265 314 315
265 315 320
268 269 316
269 270 318
269 316 317
269 317 318
270 271 276
270 271 318
271 272 278
271 272 320
271 276 277
271 277 278
271 318 319
271 319 320
273 274 321
273 279 321
274 275 323
274 321 322
274 322 323
275 281 323
276 277 283
276 282 283
277 278 283
278 283 284
279 286 329
279 321 325
279 325 329
281 288 331
281 323 327
281 327 331
282 283 289
283 284 291
283 289 290
283 290 291
285 286 293
285 292 293
286 293 329
288 289 331
289 296 336
289 331 332
289 332 336
293 294 334
293 329 333
293 333 334
294 297 334
296 299 336
297 298 301
297 298 338
297 300 301
297 334 337
297 337 338
298 299 301
298 299 338
299 301 302
299 336 339
299 338 339
301 302 304
301 303 304
305 306 310
306 307 341
306 310 311
306 311 344
306 340 341
306 340 344
307 308 341
308 309 314
308 309 343
308 313 314
308 341 342
308 342 343
309 314 343
311 316 344
314 315 320
314 319 320
314 319 351
314 343 347
314 347 351
316 317 349
316 344 348
316 348 349
317 318 323
317 323 349
318 319 351
318 323 324
318 324 355
318 350 351
318 350 355
321 322 353
321 325 357
321 352 353
321 352 357
322 323 353
323 324 328
323 327 328
323 349 354
323 353 354
324 328 355
325 329 357
327 328 331
328 331 332
328 332 365
328 355 360
328 360 365
329 330 334
329 330 363
329 333 334
329 357 362
329 362 363
330 331 334
330 331 363
331 332 336
331 332 365
331 334 335
331 335 336
331 363 364
331 364 365
334 335 338
334 337 338
335 336 338
336 338 339
340 341 344
341 342 367
341 344 345
341 345 368
341 366 367
341 366 368
342 343 346
342 346 367
343 346 347
344 345 349
344 348 349
345 349 368
346 347 370
346 367 369
346 369 370
347 351 370
349 354 378
349 368 372
349 372 378
350 351 355
351 355 356
351 356 380
351 370 374
351 374 380
352 353 376
352 357 376
353 354 378
353 376 377
353 377 378
355 356 361
355 360 361
356 361 380
357 362 386
357 376 381
357 381 386
359 360 365
359 360 384
359 364 365
359 364 388
359 383 384
359 383 388
360 361 384
361 380 385
361 384 385
362 363 386
363 364 388
363 386 387
363 387 388
366 367 389
366 368 389
367 369 392
367 389 390
367 390 392
368 372 395
368 389 391
368 391 395
369 370 392
370 371 375
370 371 394
370 374 375
370 392 393
370 393 394
371 375 394
372 378 395
374 375 397
374 380 397
375 394 398
375 397 398
376 377 400
376 381 405
376 399 400
376 399 405
377 378 400
378 395 401
378 400 401
380 385 409
380 397 403
380 403 409
381 386 405
383 384 407
383 388 407
384 385 409
384 407 408
384 408 409
386 387 411
386 405 410
386 410 411
387 388 411
388 407 412
388 411 412
389 390 414
389 391 415
389 413 414
389 413 415
390 392 414
391 392 395
391 392 415
392 393 397
392 395 396
392 396 397
392 414 416
392 415 416
393 394 417
393 397 417
394 398 420
394 417 418
394 418 420
395 396 402
395 401 402
396 397 402
397 398 404
397 402 403
397 403 404
397 403 422
397 417 419
397 419 422
398 404 420
399 400 405
400 401 407
400 405 406
400 406 407
401 402 407
402 403 422
402 407 408
402 408 424
402 421 422
402 421 424
403 404 422
403 409 422
404 420 423
404 422 423
405 406 411
405 410 411
406 407 411
407 411 412
408 409 424
409 422 425
409 424 425
413 414 415
414 415 416
417 418 420
417 419 420
419 420 422
420 422 423
421 422 424
422 424 425
