VERTICES
-1.05023 -0.547158 -1.50325
-1.08253 -0.711519 -1.02935
-0.794119 -0.823897 -1.32109
-0.939617 -0.269289 -2.06592
-0.982017 -0.368003 -1.96277
-0.783743 -0.285074 -1.94332
-1.29562 -0.0564182 -1.9346
-1.32174 0.191094 -2.18046
-1.47564 0.151439 -1.46277
-1.08779 -0.0924816 -2.15716
-1.04341 -0.0293325 -2.16692
-0.824974 0.107411 -1.93414
-0.431103 -1.04391 -1.02331
-0.668283 -0.778645 -1.50472
-0.481177 -0.714943 -1.48686
-0.224331 -1.02639 -1.03998
-0.419235 -0.958293 -1.24698
-0.338885 -0.72614 -1.06119
-0.647064 -0.601705 -1.71763
-0.527949 -0.30338 -1.50713
-0.59235 0.145407 -1.55372
-0.384123 0.00360097 -1.20671
-0.414283 0.212119 -1.26548
-0.382668 -0.426872 -1.03149
-0.152129 0.159026 -1.03704
-0.835085 -0.961194 -0.852447
-0.335382 -1.21376 -0.602858
-0.679915 -0.973597 -1.01608
-1.20691 -0.926285 -0.378656
-0.914229 -1.17933 -0.379501
-0.670649 -1.11192 -0.57145
-1.54048 -0.424276 -0.574554
-1.74434 0.206046 -0.590185
-1.66245 -0.205804 -0.530161
-1.22391 -0.690157 -0.825696
-1.40387 -0.328163 -1.01733
-0.302783 -0.423325 -0.783381
-0.0134411 -1.03365 -0.816257
-0.252353 -0.640671 -0.800668
0.0575797 -0.721298 -0.554785
0.135587 -1.24634 -0.739077
0.0589049 -1.18186 -0.780078
0.226104 -1.01182 -0.523749
-0.177287 -0.252167 -0.564445
-0.186933 -0.118482 -0.560546
-0.0057034 -0.420488 -0.513517
-0.0940274 0.263165 -1.02232
0.118926 0.180614 -0.752896
-0.0539778 -0.00976119 -0.329646
0.0557983 0.0585022 -0.356796
-1.24808 -0.964992 -0.054041
-1.46325 -0.684425 -0.0890948
-1.42171 -0.766488 0.213087
-0.687778 -1.39655 0.21706
-0.979562 -1.16835 -0.296591
-0.951102 -1.23018 0.174759
-0.562704 -1.38582 -0.281494
-0.246112 -1.50037 -0.0966086
0.110645 -1.39763 -0.325523
-0.198337 -1.53429 0.414428
0.191253 -1.57244 0.239066
-0.0698286 -1.52099 -0.0796385
-1.32927 -0.705555 0.460559
-0.660841 -1.38 0.443547
-1.0504 -1.04932 0.459291
-1.00134 -0.784086 0.739384
-0.838103 -1.23852 0.468013
-0.518753 -1.15886 0.779452
-0.224759 -1.51882 0.498882
-0.36697 -1.31586 0.718814
0.0865982 -1.40203 0.743439
-0.275081 -1.03684 0.976408
0.154988 -1.15902 0.96838
-0.0907986 -1.1256 0.986655
0.109874 -0.717556 1.24848
-1.7374 -0.122289 -0.325574
-1.71452 -0.18113 -0.0600559
-1.62471 -0.0848736 0.435248
-1.82221 0.237429 -0.320576
-1.82902 0.113682 -0.0511668
-1.66696 0.201103 0.439253
-1.59005 -0.430715 -0.0663866
0.0412783 -0.090865 -0.308536
0.000398724 0.03136 -0.309369
-1.58317 -0.48809 0.1778
-1.15583 -0.682161 0.689843
-1.53136 -0.385737 0.429844
-1.40141 -0.214399 0.700008
-0.690838 -0.68188 0.962292
-1.33415 -0.179985 0.782404
-1.14285 0.239723 0.963092
-0.934286 -0.347659 0.984028
-1.1167 0.0492095 0.974556
-0.569851 -0.613568 1.05088
-0.417399 0.110526 1.2232
-0.418146 -0.111087 1.23633
-0.110243 -0.568832 1.22868
0.212481 -0.210599 1.35613
-0.116194 -0.155855 1.30685
0.166828 -0.0353948 1.33733
-1.3115 0.435947 -2.3318
-1.30898 0.894617 -2.17551
-1.41273 0.573575 -2.15918
-1.25485 0.336118 -2.29646
-1.19713 0.577321 -2.36113
-1.22919 0.808468 -2.35273
-1.17406 0.811358 -2.34432
-1.13824 0.365261 -2.27317
-1.12226 0.903935 -2.29663
-1.06465 0.994761 -2.16583
-1.00004 0.500118 -2.15565
-0.986982 0.866819 -2.15777
-1.53435 0.373157 -1.42679
-0.873322 0.618235 -1.96486
-0.739142 0.795733 -1.4973
-1.81547 0.79401 -0.538085
-1.57783 0.695878 -1.26957
-1.7754 0.917644 -0.571391
-0.440895 0.492261 -1.24619
-0.179796 0.416001 -1.04655
0.165409 0.402927 -0.792989
-0.66658 0.888245 -1.05268
-0.649879 0.621114 -1.5238
-0.452498 0.794964 -0.809754
-0.226973 0.510656 -1.01325
-1.15233 1.04093 -2.10904
-1.56754 1.02386 -1.05746
-1.46601 1.02139 -1.34236
-1.27413 1.19455 -1.6543
-1.22766 1.60653 -0.837636
-1.17045 1.341 -1.48089
-1.12895 1.24145 -1.7079
-1.04275 1.23938 -1.68148
-0.960297 1.27478 -1.47601
-0.941831 1.53234 -0.99177
-0.809312 1.04329 -1.26212
-0.899712 1.44943 -1.03273
-1.50759 1.46765 -0.566495
-0.904314 1.70231 -0.772912
-0.98855 1.70271 -0.801721
-1.79209 1.04138 -0.360734
-1.11092 1.80413 -0.547424
-1.08347 1.83663 -0.352846
-0.717333 1.36273 -0.781238
-0.752276 1.83201 -0.571422
-0.891842 1.87113 -0.546544
-0.466561 1.18206 -0.564128
-0.596964 1.68084 -0.55168
-0.680446 1.76037 -0.573598
-0.601856 1.8606 -0.369768
-1.87195 0.529638 -0.071041
-1.76298 0.838191 0.172525
-1.82006 0.949194 -0.0836911
-1.80072 0.430042 0.182523
-1.78159 0.671852 0.222552
-1.64383 0.70921 0.444683
-1.42301 0.549799 0.70748
-1.39832 0.269176 0.745137
-0.834311 0.364628 1.07959
-1.61927 0.675771 0.494765
-1.26459 0.847364 0.705097
-0.906069 0.674927 0.9601
-1.65817 1.2795 -0.112794
-1.75964 1.10763 -0.057353
-1.37146 1.57571 -0.0457507
-1.38001 1.65831 -0.348996
-1.29277 1.72658 -0.308051
-1.09247 1.80258 -0.0758958
-1.42338 1.10612 0.461576
-1.63263 1.17188 0.129988
-1.36397 1.17883 0.45525
-1.03879 1.43311 0.443082
-0.928732 1.14591 0.709122
-0.967928 1.81668 0.0454671
-0.994257 1.70567 0.182088
-0.307917 1.23392 0.720074
-0.230305 1.29184 -0.324438
-0.694079 1.28344 0.676448
0.014972 1.01588 -0.318543
-0.159914 1.12411 -0.347076
-0.0379041 1.19627 0.704864
-0.186587 0.538697 1.11117
-0.666434 0.316511 1.14281
0.0274357 0.290249 1.22378
-0.658909 0.802833 0.965261
-0.268826 0.813104 0.97733
0.0380038 0.770338 0.967716
-0.248293 1.53457 -0.335208
-0.0981407 1.67731 -0.202875
0.143514 1.48489 -0.0925918
-0.35502 1.74321 -0.319754
-0.671652 1.87323 -0.0819858
-0.120036 1.72631 0.158909
-0.423109 1.79412 0.204181
0.244139 1.43541 0.227476
0.0669323 1.61655 0.190854
-0.797267 1.55549 0.42942
-0.490786 1.59462 0.425813
0.0171295 1.47896 0.48081
-0.112144 1.53726 0.453427
0.330681 -1.28159 -0.574768
0.579358 -1.32578 -0.368903
0.354769 -1.15988 -0.54479
0.505331 -1.3578 -0.36163
0.69449 -1.21748 -0.236588
0.724053 -1.19939 0.0916682
0.550723 -1.47175 0.180854
0.72023 -1.44565 0.468736
0.77353 -1.35679 0.201261
0.875644 -1.28693 0.160298
0.794846 -1.1001 0.202397
0.933212 -1.31362 0.203181
0.365244 -0.879989 -0.332996
0.49864 -1.07998 -0.332943
0.724001 -0.97627 -0.0802702
0.335391 -0.373269 -0.344192
0.370588 -0.49646 -0.338871
0.547456 -0.306179 -0.071215
0.698996 -1.02237 0.218126
0.721534 -0.728261 -0.0295111
0.697016 -0.22273 0.190484
0.786801 -0.764923 0.166923
0.831127 -0.723114 0.175488
0.865883 -0.534344 0.2051
0.748442 -0.311603 0.232535
1.20314 -1.19156 0.0284949
1.29656 -1.15214 0.0338307
0.978001 -1.17575 0.0564465
1.67419 -1.2545 0.0952734
1.4127 -1.24802 0.0364059
1.29704 -1.05509 0.17134
1.85939 -1.34535 0.191229
1.19915 -1.35295 0.447453
2.05426 -1.3444 0.224046
1.98084 -1.22865 0.201183
2.05918 -1.29442 0.206804
2.32199 -1.25285 0.461058
1.07987 -0.995411 0.190259
0.965395 -0.953999 0.207882
1.29262 -0.984267 0.254584
0.979237 -0.617649 0.184914
1.00598 -0.541048 0.202428
1.28384 -0.481323 0.270482
1.73005 -0.381471 0.350196
1.82505 -0.711043 0.428826
1.86313 -0.209214 0.361555
1.80643 -0.911518 0.441661
2.08434 -0.670022 0.434088
2.209 -0.623017 0.451297
2.1822 -0.246499 0.453798
0.322579 -1.54052 0.511919
0.767823 -1.40862 0.693493
0.5904 -1.41407 0.698674
2.31054 -1.38148 0.547027
2.05585 -1.06972 0.502926
1.35132 -1.37679 0.69166
2.3351 -1.35548 0.474692
2.71887 -1.08439 0.594374
2.6817 -1.04841 0.560308
2.52628 -1.31471 0.71794
2.57048 -1.27007 0.596118
2.66909 -1.14091 0.717728
0.493553 -1.10395 0.976781
0.531318 -1.34958 0.77238
0.721918 -1.17758 0.963735
1.23121 -1.28626 0.993882
1.67787 -1.32396 0.988064
1.30444 -0.982058 1.23803
2.07536 -1.37518 0.727675
1.76886 -1.27043 1.07974
2.48115 -1.2774 0.782504
2.01578 -1.23451 0.977565
2.6239 -1.01349 0.774486
1.76458 -1.16307 1.14096
2.11083 -1.12351 0.982656
2.34729 -0.757785 0.492374
2.56453 -0.837428 0.519631
2.70544 -0.860498 0.694552
2.56428 -0.601901 0.523446
2.22873 -0.741791 0.95895
2.65407 -0.496767 0.799365
2.73125 -0.762404 0.550474
2.74696 -0.585688 0.560231
2.89578 -0.267407 0.61223
2.73815 -0.570538 0.719757
2.828 -0.446895 0.689599
2.89186 -0.234159 0.694019
0.362537 -0.787621 1.23906
0.895086 -0.838087 1.22304
0.712084 -0.687079 1.25345
0.510409 -0.503251 1.34517
0.946317 -0.774361 1.27551
0.775223 -0.241727 1.44298
1.24208 -0.729026 1.26614
1.53589 -0.696315 1.22936
1.3285 -0.519065 1.28133
2.11978 -0.717825 1.01677
2.22272 -0.438665 1.01696
2.32214 -0.281905 0.970527
1.58474 -0.316799 1.23185
0.338018 -0.103016 -0.0908411
0.35985 0.166064 -0.566964
0.438693 0.308672 -0.557433
0.458696 -0.177532 -0.0140773
0.52827 0.241666 -0.481389
0.514954 0.072899 -0.0834006
0.665659 0.159738 -0.0789134
0.8263 0.215022 -0.0743939
0.690945 0.317064 -0.330398
0.901033 -0.016637 0.172943
1.21149 0.170715 0.0371483
1.00242 0.221077 -0.0658746
0.82709 -0.0630479 0.188521
1.29551 0.0928184 0.18132
1.33437 0.289001 0.195572
1.0107 -0.0796453 0.255658
1.01231 -0.171656 0.315995
1.3212 -0.0821184 0.343408
1.39365 -0.190421 0.29741
1.75576 -0.0436482 0.443462
2.03243 -0.0519472 0.465926
1.38399 0.213972 0.202669
1.43389 0.163466 0.32018
1.36144 0.0893031 0.468173
1.40868 0.216667 0.463218
0.394636 0.479439 -0.555448
0.56241 0.587751 -0.32301
0.62861 0.475431 -0.362341
0.389655 0.642439 -0.375133
0.381452 0.996588 -0.0927257
0.599783 0.757055 -0.0671461
0.709336 0.389456 -0.327529
0.851888 0.48241 -0.254405
0.893979 0.626823 -0.199677
0.868678 0.719871 -0.09764
1.09592 0.382173 -0.0769307
1.00264 0.388873 -0.194998
0.492844 1.04988 0.203683
0.520992 0.771421 -0.0361462
0.534591 0.918778 0.201399
0.315176 1.32863 0.23406
0.518372 0.95703 0.444781
0.357359 1.15862 0.442955
1.05912 0.550526 -0.0570864
0.784128 0.787534 0.200256
0.598507 0.853588 0.444623
1.13028 0.339132 0.0112156
1.34966 0.38099 0.44604
1.15865 0.478617 0.240145
1.20295 0.492379 0.466286
1.46037 0.0268592 0.471049
1.54106 0.119045 0.700458
1.70488 0.0965691 0.719589
1.45027 0.199004 0.720644
1.84467 0.142185 0.723341
1.9862 0.273024 0.76751
1.04193 0.633491 0.472663
0.494969 0.914878 0.670281
0.819595 0.701752 0.706999
1.44534 0.350323 0.762004
1.08673 0.559336 0.656509
1.4189 0.399517 0.687317
2.49575 -0.164325 0.561324
2.14351 0.0195108 0.534627
2.66145 0.204733 0.727386
2.87581 -0.179104 0.600516
2.7522 0.122455 0.744414
2.866 -0.108366 0.747677
2.17952 0.357777 0.705594
2.52961 0.325608 0.715767
2.3886 0.382166 0.714686
2.13813 0.430461 0.774129
2.34255 0.486493 0.822396
2.66137 0.380262 0.80423
2.44249 0.46433 0.797998
0.926376 0.163628 1.22931
1.23976 0.0146011 1.3314
1.11033 0.163602 1.21643
0.393448 0.151211 1.33186
0.405087 -0.20844 1.43641
0.603626 0.0280842 1.43211
0.553674 0.265864 1.27093
0.41271 0.666295 0.955706
0.474042 0.321482 1.21881
1.17176 0.389254 0.980015
0.894675 0.549048 0.985598
0.989919 0.465193 1.05072
1.81733 -0.0542135 1.15724
1.30754 0.140104 1.23808
1.48453 0.0419766 1.23838
2.27607 -0.127622 0.968892
2.6594 0.16161 0.886891
2.01835 0.154194 1.01104
2.15485 0.234571 0.95096
1.41663 0.213211 1.01789
1.62163 0.178314 0.954122
2.18333 0.460591 0.832163
2.44387 0.417564 0.883548
1.26612 0.297535 1.0089
1.98044 0.244882 0.944655
-0.437711 0.624346 0.215308
1.17759 -0.759837 0.700674
1.1717 -0.242766 0.844913
-0.238437 -0.751687 -0.172994
-1.16962 0.620209 -0.676418
0.42515 -1.17397 0.444858
-0.151821 1.1312 0.15708
-0.918986 1.46674 -0.41622
-1.28636 0.61233 -0.0961741
-0.998107 -0.0717854 -1.92545
0.768975 0.129765 0.681809
-1.53867 0.702131 -0.816335
0.229824 -0.605678 0.352025
-1.22347 0.684392 -2.16233
0.71103 -1.15829 0.471202
-0.803881 -0.0155727 -0.0744291
-1.0726 1.28736 -0.756404
0.937261 -0.632916 0.512469
-1.09152 0.467292 -1.25894
-0.28278 0.289987 -0.649694
0.9256 -0.554364 0.938609
0.854231 0.0599533 0.43139
-1.45399 0.448363 0.219644
-1.24917 0.992406 0.0907587
-0.0621641 -1.04917 0.415956
0.583731 -0.18421 0.556818
-0.620948 -0.976582 -0.107314
-0.235531 -0.0526076 0.368873
0.711308 0.214953 0.214764
1.23044 -0.70494 0.37986
-0.143063 0.220335 -0.432634
-0.00485958 -0.524574 -0.0513889
-0.929661 -0.258867 0.409319
0.530171 -0.780668 0.640183
1.00646 -1.12547 0.448285
0.0740161 0.445408 -0.0502535
-0.61272 -0.0257217 0.789329
-0.437507 -0.4537 0.593604
1.14038 0.261413 0.753191
-1.48315 0.607122 -0.437757
0.592292 -0.513244 0.166042
0.417498 0.25295 0.299161
-0.644974 1.04648 -0.0647559
0.972346 -1.13649 0.25261
0.388587 0.383968 -0.311761
1.93649 -0.421338 0.627547
1.8107 -1.03449 0.793828
-1.45617 0.192504 -0.934997
-0.275042 0.182104 -0.00116658
1.98594 -0.924229 0.713596
0.539376 0.445826 0.0425041
-1.32645 1.0521 -0.435813
-0.0521196 -0.131754 0.0375217
-0.78866 -0.522073 0.244686
0.1759 -1.15067 0.0133445
-0.124741 0.0369726 -0.109905
0.00394953 0.275346 -0.229425
0.929287 -0.917186 0.393794
-1.3028 0.746951 0.344859
-1.14166 0.931774 0.403627
0.599124 -0.00831531 0.340375
-1.18088 0.0480489 0.486208
0.648279 -0.621159 0.403063
0.861548 0.550601 0.157934
-0.0108788 -1.32545 0.482602
0.493919 -0.000795684 0.96107
-0.449452 -0.404992 0.108743
-1.47588 0.620558 0.345352
0.791008 -0.766253 0.372663
0.222203 0.644978 0.348852
0.341617 0.570697 -0.10975
0.209385 0.0928355 -0.093904
-0.269508 -0.237346 0.645075
0.0474841 -0.0412103 0.90115
TETRAHEDRA
2 23 27 17
417 433 462 468
12 15 16 17
427 425 441 473
210 227 238 443
35 20 418 21
181 182 184 436
117 116 411 115
242 244 243 429
47 325 419 430
444 450 470 471
453 52 50 55
85 88 65 432
125 111 113 413
164 165 407 451
427 436 472 473
404 126 411 416
9 6 10 7
26 54 56 426
289 291 288 420
35 9 6 409
232 208 414 211
383 376 402 375
241 237 238 240
443 229 228 211
37 12 26 38
16 18 17 14
12 15 17 38
244 296 446 449
48 82 300 452
382 181 186 473
129 134 139 416
137 129 165 407
97 99 465 473
121 135 404 416
176 189 195 199
423 156 459 160
12 25 38 27
111 133 128 135
42 43 212 39
13 17 18 2
17 19 18 23
162 164 423 451
328 325 444 456
101 127 413 128
195 188 176 192
109 133 128 111
356 334 463 344
80 157 77 461
325 327 326 444
89 88 85 432
284 272 279 277
166 167 164 407
99 380 292 378
176 192 188 187
115 112 411 32
21 118 418 419
136 130 129 134
223 417 462 468
36 17 38 25
218 405 433 462
178 400 430 435
441 435 450 471
103 413 100 102
151 408 423 467
424 454 403 212
408 76 415 422
294 297 445 299
311 307 309 428
305 300 441 471
238 225 443 227
202 200 203 58
320 248 249 445
448 435 455 456
289 262 287 433
455 83 456 471
25 2 23 27
454 219 218 214
423 408 442 459
95 97 99 98
9 4 3 409
12 41 37 26
412 212 424 431
61 58 57 403
41 12 37 15
400 408 415 461
455 36 403 466
382 441 465 473
12 25 30 38
317 417 402 316
415 408 422 461
412 74 433 473
237 230 239 443
12 30 26 38
244 294 401 446
287 74 465 473
316 315 312 421
382 357 345 469
305 300 312 428
223 317 417 242
68 252 59 263
230 246 231 234
212 48 82 45
143 146 407 416
147 176 187 407
1 28 36 34
378 94 473 99
258 259 261 270
390 387 354 445
249 248 297 445
23 25 27 17
5 107 409 11
8 113 7 116
441 427 452 460
25 27 17 38
20 113 418 122
146 147 143 407
263 68 252 70
152 154 408 151
239 230 434 443
113 122 114 418
145 191 407 149
453 84 52 62
17 13 16 12
210 208 205 209
123 121 404 416
294 267 401 446
65 415 432 466
441 306 428 305
292 99 378 465
345 339 450 469
2 25 23 1
307 334 450 463
202 212 58 213
339 341 337 469
43 36 38 403
405 218 412 462
35 21 418 447
412 303 431 452
59 464 403 69
286 366 285 367
243 320 247 245
177 197 175 406
431 427 452 466
452 403 431 466
255 246 401 446
4 1 2 5
342 198 180 357
427 448 452 466
27 12 17 38
412 424 437 466
338 344 450 463
104 103 413 100
300 83 452 471
10 7 107 103
408 423 442 451
349 421 356 346
337 189 176 340
97 95 473 472
435 448 455 471
424 262 405 433
126 140 451 137
70 73 424 464
6 8 35 409
436 95 472 473
91 88 89 432
146 123 404 416
181 185 400 436
318 320 445 243
88 73 93 71
237 238 443 457
156 422 458 157
64 85 453 62
346 356 349 335
410 382 441 465
400 171 442 459
138 143 148 407
75 79 76 408
5 23 18 19
155 156 467 458
18 16 17 13
435 427 448 452
223 240 417 468
15 16 17 14
17 13 12 27
224 220 425 460
151 152 163 423
67 65 437 466
184 172 400 459
150 115 152 439
178 328 435 456
116 126 411 418
23 5 18 2
128 137 416 129
54 55 56 426
82 48 431 452
410 402 421 438
294 244 401 445
190 407 191 149
212 48 431 82
212 202 58 42
34 5 4 409
338 435 450 469
168 155 151 423
224 223 417 462
157 92 89 461
400 419 430 448
202 37 41 42
41 200 58 40
175 469 185 400
37 26 41 42
452 448 455 466
89 87 157 461
200 41 42 202
300 217 431 215
19 17 18 14
103 413 102 107
35 31 415 447
151 163 169 423
407 416 442 451
246 230 231 239
65 64 453 66
1 4 2 0
411 32 112 33
105 125 106 108
2 4 5 18
421 410 428 460
158 90 161 461
155 151 423 458
358 382 345 469
252 251 207 414
404 33 415 439
123 121 118 418
333 307 334 332
157 458 461 422
420 402 425 465
421 224 425 460
342 180 406 469
30 26 38 403
66 63 53 426
224 417 425 462
36 17 25 23
25 23 1 36
427 437 412 472
415 432 436 461
390 298 362 391
318 320 243 245
394 398 353 438
25 30 38 36
151 169 168 423
220 300 452 441
410 421 425 460
164 163 162 423
169 163 164 423
170 168 169 423
412 460 452 425
164 170 169 423
126 404 411 418
34 31 28 415
239 230 232 434
337 342 406 469
23 44 419 36
356 346 421 463
31 33 415 447
412 425 433 462
160 172 161 459
161 184 400 459
453 64 62 52
156 423 459 458
20 35 418 8
23 1 36 34
325 328 430 456
171 170 423 459
382 386 410 385
23 5 409 19
327 308 331 444
109 128 125 111
36 23 34 35
10 5 409 3
1 34 4 0
409 34 23 35
469 175 406 400
176 193 192 187
297 387 390 445
172 184 161 459
176 337 340 406
171 197 442 196
221 219 218 440
133 109 128 132
155 151 458 467
5 34 4 1
303 412 431 440
218 219 412 440
23 409 20 19
5 1 2 23
320 318 445 319
5 18 4 3
25 28 30 426
9 34 409 35
222 219 221 440
99 378 465 473
252 207 405 414
383 378 183 465
131 134 133 132
7 102 107 103
400 181 427 469
144 139 141 145
100 101 104 105
385 382 358 410
106 101 105 413
449 259 258 270
37 12 38 15
136 138 416 143
135 111 114 128
107 409 11 7
33 75 415 439
114 128 127 135
152 151 408 423
131 136 128 133
140 152 439 451
237 244 434 239
407 196 171 442
383 402 465 410
35 9 34 6
415 23 35 21
176 340 189 194
113 8 11 418
263 252 405 414
36 34 28 415
49 306 471 305
111 108 125 109
11 6 7 409
113 20 418 11
419 23 415 21
282 276 284 278
123 118 124 419
101 100 413 102
157 458 161 461
424 262 433 72
24 22 119 46
279 298 248 297
7 11 107 110
5 23 34 1
125 105 106 101
308 331 444 450
406 171 442 400
10 9 7 103
76 84 81 461
100 102 7 103
433 287 465 473
168 156 423 160
11 6 113 110
6 11 7 110
102 7 107 110
121 114 122 418
178 329 406 435
171 177 172 459
252 264 414 263
400 427 448 469
20 11 409 418
125 106 108 413
441 425 465 473
415 400 427 448
262 263 405 414
113 116 102 7
7 102 113 110
107 102 110 413
268 256 254 253
471 306 444 450
253 258 259 260
107 409 7 10
75 78 408 439
274 259 449 270
104 108 413 110
129 416 128 130
131 133 128 132
131 136 134 130
136 131 128 130
49 444 456 471
414 265 251 434
199 180 197 406
166 164 165 407
189 337 176 329
302 301 304 444
404 21 418 419
121 123 118 124
435 427 441 469
128 133 136 135
111 114 128 113
109 128 131 125
242 401 417 429
128 132 109 131
415 400 419 442
323 346 313 421
75 408 415 439
288 289 420 433
321 348 349 347
452 425 460 427
136 135 121 416
134 130 129 139
328 178 430 456
241 237 242 429
120 24 119 46
325 328 178 430
119 47 120 325
129 141 165 407
415 23 36 35
211 227 209 443
44 36 48 415
181 400 427 436
78 150 408 439
205 218 405 414
214 205 218 454
131 136 133 134
301 49 444 456
139 144 141 138
289 292 291 420
237 241 238 429
401 417 429 457
316 402 421 425
312 220 421 460
434 237 443 457
70 262 424 72
97 74 472 473
31 34 35 415
192 191 187 193
301 325 302 120
416 128 135 126
221 222 440 462
126 116 127 418
339 338 450 469
190 192 149 191
154 155 422 467
50 54 28 426
136 130 416 129
316 224 223 417
190 407 187 191
237 244 242 429
220 224 312 421
238 241 240 457
188 195 176 189
453 66 55 426
112 411 33 8
181 94 436 473
449 258 272 270
452 425 427 412
237 239 434 443
238 240 222 457
325 301 47 120
427 436 437 472
101 125 128 413
87 86 77 461
288 293 267 401
5 23 409 34
118 21 124 419
30 26 403 426
358 345 441 469
382 358 441 469
43 42 212 403
183 94 181 473
77 86 84 461
403 464 424 69
77 84 76 461
358 356 360 410
123 179 146 442
57 58 26 403
210 208 211 414
122 20 118 418
208 205 206 405
220 217 224 440
427 181 436 473
53 57 56 426
22 119 118 124
157 90 92 461
232 251 255 434
231 239 255 246
264 288 401 420
295 292 402 420
244 237 434 429
293 295 401 420
223 241 242 417
300 82 431 452
139 141 129 407
209 210 211 443
26 41 42 58
349 421 360 356
264 267 401 288
178 179 123 419
173 196 407 191
195 193 192 176
196 407 171 174
8 411 418 116
386 398 438 384
126 127 135 418
454 219 212 412
176 187 407 442
211 231 228 232
126 135 404 418
425 410 441 465
415 48 448 455
454 219 214 212
316 317 323 402
441 428 450 463
124 47 325 419
91 89 92 432
44 47 419 430
154 152 408 150
427 441 469 473
307 333 334 463
63 453 65 403
171 407 442 423
150 78 408 422
76 79 77 422
430 178 435 456
319 445 354 352
86 87 62 432
141 166 165 407
126 128 135 127
275 247 279 248
289 287 290 433
206 207 208 414
252 464 405 250
170 174 423 164
387 390 354 392
388 375 402 376
396 371 393 399
323 315 316 421
6 9 10 409
137 129 407 416
363 390 362 369
135 126 404 416
397 373 391 369
464 262 405 424
148 143 147 407
335 356 349 343
340 176 406 194
178 179 419 430
300 305 83 471
298 366 362 391
222 223 462 468
77 153 422 79
194 342 406 340
174 170 423 171
73 69 424 464
192 190 149 188
438 358 360 410
149 145 144 407
352 299 402 445
230 232 434 443
401 295 402 420
190 407 147 187
189 176 194 199
194 198 195 199
189 194 195 199
383 382 410 465
47 119 120 24
279 284 278 280
195 193 176 199
190 192 187 188
344 358 345 463
191 192 187 190
190 144 407 149
170 168 423 459
136 128 416 130
220 452 303 412
425 427 441 460
244 434 239 246
232 211 434 443
220 224 421 460
179 178 400 430
221 222 462 468
408 404 439 451
191 145 407 142
408 423 458 459
123 404 419 442
448 48 456 455
153 77 422 80
139 138 141 407
410 356 421 428
238 237 429 457
159 422 157 80
323 316 402 421
435 400 448 469
244 434 246 401
113 128 127 418
140 126 451 117
8 113 116 418
250 252 207 405
48 43 452 455
34 36 35 415
174 164 407 423
222 217 219 440
340 337 342 406
427 415 448 466
402 410 421 425
173 164 407 174
173 196 191 193
139 138 407 416
69 67 73 424
454 412 212 424
173 142 407 167
95 92 436 91
465 181 473 183
252 464 263 405
329 406 435 469
440 216 219 212
383 292 381 378
397 370 374 369
121 123 146 416
26 56 403 426
180 342 357 469
414 210 434 443
358 356 410 428
107 5 409 10
316 312 224 421
123 118 404 418
216 440 219 217
88 91 93 437
53 56 55 426
429 434 244 401
385 386 410 438
246 434 239 255
243 242 401 402
103 104 413 107
424 412 431 466
377 394 398 388
349 421 346 323
415 427 432 466
135 121 404 418
254 246 446 449
197 171 442 406
28 453 415 51
181 383 382 186
156 168 423 155
398 359 353 438
74 97 290 473
156 422 467 458
401 243 402 445
93 74 437 472
466 403 431 424
287 262 72 433
181 94 182 436
36 30 403 426
186 175 469 185
11 8 6 409
359 360 361 438
47 456 49 301
391 373 364 369
338 332 326 330
390 370 363 393
181 383 465 382
95 182 94 436
175 186 469 180
357 341 345 469
211 414 232 434
267 293 294 401
163 140 162 451
466 403 65 415
138 143 407 416
171 407 423 174
435 328 444 456
159 422 156 157
116 113 127 418
279 248 247 445
230 231 255 228
128 113 127 413
9 3 10 409
179 400 406 442
154 80 422 155
67 73 424 437
387 297 299 445
376 383 402 292
124 325 178 419
388 394 389 402
161 400 458 459
171 160 170 459
312 315 309 421
215 440 216 217
244 296 445 446
220 412 303 440
125 106 413 101
165 137 407 451
100 101 413 104
452 403 43 431
222 218 468 221
141 144 407 138
101 104 105 413
21 118 124 22
218 414 457 468
28 1 36 25
435 338 450 470
114 128 113 418
409 8 20 418
57 59 403 426
171 197 177 400
232 414 207 251
4 5 3 409
252 59 263 464
386 375 410 438
155 156 458 423
219 212 412 440
394 353 402 438
255 265 401 434
60 57 403 61
124 24 22 119
54 25 28 30
60 403 454 212
438 358 410 385
457 241 417 429
311 307 428 463
200 202 42 58
433 417 457 468
26 40 41 58
252 59 464 250
377 438 375 398
453 66 52 55
334 338 332 450
289 290 420 433
295 293 291 420
402 316 417 425
152 408 439 451
408 151 422 467
404 408 415 442
44 24 21 419
44 36 415 419
218 205 405 454
267 265 401 446
303 300 431 452
445 318 402 350
412 218 440 462
43 212 48 431
75 31 415 81
90 158 436 461
377 438 398 402
233 246 234 231
383 420 292 465
123 124 178 419
344 338 334 463
11 5 20 409
401 429 434 457
102 113 110 413
454 206 405 60
383 378 381 183
24 44 47 419
278 286 285 282
249 298 390 445
47 119 124 325
427 435 448 469
83 305 49 471
408 422 458 467
171 423 442 459
306 49 471 444
112 411 8 116
48 43 431 452
37 26 42 403
78 79 408 422
59 464 69 68
458 157 161 156
464 262 424 70
432 427 436 437
66 453 65 63
351 352 402 445
445 318 243 402
454 412 405 218
453 51 52 84
325 301 302 444
215 212 440 431
429 237 434 457
213 202 203 58
312 300 220 428
411 439 117 115
205 208 206 204
471 306 441 305
435 455 456 471
93 95 74 472
241 317 223 242
408 400 458 461
179 176 146 442
323 313 315 421
214 212 219 213
185 184 175 400
206 208 405 414
51 415 31 81
346 315 421 309
403 464 454 424
76 75 408 415
432 92 436 461
405 412 424 433
76 81 415 461
168 160 423 459
353 350 402 323
398 402 438 394
69 67 424 466
299 294 402 445
185 184 400 436
312 306 305 428
107 110 104 413
320 248 245 249
282 286 285 283
39 215 212 216
232 414 251 434
307 333 463 343
111 110 113 413
143 121 146 416
116 113 102 413
215 39 212 45
331 308 306 450
124 21 24 419
151 154 422 467
136 121 143 416
83 49 430 456
332 335 336 333
416 146 442 451
151 154 408 422
365 278 286 362
431 403 43 212
200 41 58 42
193 176 199 406
73 74 93 71
48 36 455 415
44 48 430 448
311 335 307 463
357 342 341 469
158 184 182 436
146 404 442 451
198 342 180 406
423 408 458 467
60 213 61 212
61 213 58 212
63 59 69 68
89 92 432 461
72 73 412 424
177 175 184 400
401 402 417 420
295 389 299 402
265 255 251 434
342 194 406 198
222 224 440 462
401 264 420 433
356 360 410 421
127 101 413 102
344 345 450 463
212 43 45 39
271 259 274 270
199 198 180 406
415 51 31 28
170 160 168 459
11 8 409 418
328 338 178 470
176 194 199 406
436 93 437 472
124 21 22 24
56 57 403 426
265 264 401 434
435 441 450 469
377 438 402 375
197 177 400 406
172 177 400 459
73 88 437 67
228 443 232 230
207 206 405 414
176 193 187 442
219 454 218 412
362 248 278 298
230 231 239 255
219 214 221 218
179 329 406 178
228 255 232 231
327 326 444 450
419 23 36 415
376 381 292 380
384 358 438 385
193 197 196 442
66 453 63 426
417 420 425 462
172 177 184 400
172 160 171 459
150 153 79 422
91 432 436 437
299 351 352 402
465 181 382 473
261 257 272 277
82 215 300 431
144 190 407 148
428 410 441 460
155 154 151 467
148 144 138 407
138 136 416 134
288 291 293 420
456 47 49 430
224 217 222 440
44 23 419 21
65 88 67 437
31 75 415 33
93 91 436 437
300 83 48 452
411 439 32 404
112 115 411 116
262 289 264 433
92 90 436 461
218 238 222 457
387 389 392 395
141 142 166 407
444 435 456 471
346 311 428 463
317 350 323 402
73 412 424 437
457 241 240 417
453 50 426 55
405 412 433 462
398 386 375 377
276 279 272 277
237 230 225 226
246 244 401 446
123 146 404 442
397 370 372 374
230 255 232 228
141 145 142 407
285 366 298 367
220 452 412 460
428 307 450 463
380 99 292 379
94 378 473 183
333 343 334 463
240 222 457 468
346 315 313 421
268 254 446 449
324 323 353 438
290 292 289 420
400 415 419 448
81 84 415 461
91 95 93 436
292 290 289 291
230 229 225 226
276 257 281 277
193 199 197 406
415 44 430 448
350 353 402 351
77 76 422 461
126 117 411 451
413 110 108 111
207 60 405 206
176 337 406 329
218 221 440 462
93 73 437 74
375 402 410 438
320 247 248 445
441 306 450 428
224 316 421 425
28 54 30 426
152 163 423 451
265 255 401 446
345 358 441 463
252 265 414 264
426 415 453 403
400 408 458 459
212 43 48 45
241 223 240 417
262 264 414 433
164 407 423 451
351 299 395 402
81 453 415 84
230 234 231 228
47 48 49 430
229 227 443 225
427 441 452 471
267 264 401 265
187 193 191 442
394 351 395 402
213 203 201 204
48 44 415 448
377 394 402 398
294 401 402 445
404 408 442 451
8 411 447 418
32 150 78 439
274 273 296 446
264 401 434 457
339 345 341 469
384 359 398 438
51 453 52 50
326 334 332 333
229 230 228 226
404 32 33 439
243 318 242 402
72 73 74 412
441 382 469 473
229 443 228 230
220 428 441 460
366 362 391 364
326 450 338 470
356 421 428 463
299 389 395 402
74 95 97 472
425 433 465 473
165 164 162 451
28 453 426 415
412 427 472 473
65 67 69 466
309 346 311 428
376 383 292 381
361 347 324 438
307 331 306 450
228 443 211 232
300 220 452 303
42 26 58 403
378 183 465 473
197 171 406 400
415 404 419 447
272 270 274 449
323 324 347 438
404 146 416 451
427 435 441 471
353 351 394 402
66 53 55 426
361 360 349 438
250 252 251 207
331 327 444 450
421 349 438 323
354 355 399 392
405 262 414 433
155 159 80 422
236 233 235 256
338 334 332 330
191 193 196 442
341 342 337 469
246 244 446 449
230 255 239 232
290 420 433 465
220 441 452 460
440 425 462 224
346 356 335 463
306 471 441 450
292 376 295 402
193 176 406 442
152 115 140 439
47 44 48 430
128 114 127 418
127 114 135 418
213 214 205 204
211 210 414 443
178 179 400 406
414 433 457 468
206 213 203 58
206 213 58 61
210 208 209 211
80 77 422 461
411 404 416 451
400 415 436 461
230 237 225 443
220 312 428 460
306 308 444 450
146 176 407 442
210 218 414 457
197 180 175 406
200 202 203 201
202 213 203 201
175 469 406 180
177 175 400 406
358 428 441 463
402 292 383 420
220 303 217 440
329 179 176 178
49 306 304 444
301 49 304 444
225 238 443 237
406 400 435 469
308 325 302 444
448 435 452 471
287 290 433 465
402 410 425 465
238 210 443 457
208 205 405 414
435 427 452 471
208 203 206 204
48 456 455 83
213 206 203 204
315 316 312 224
217 300 431 303
328 178 435 470
92 95 436 182
91 88 432 437
450 435 470 471
414 264 434 457
69 63 65 403
350 351 402 445
79 76 408 422
302 308 444 304
60 212 206 213
454 206 60 212
158 182 90 436
152 140 163 451
296 297 279 445
213 205 206 204
271 268 446 449
410 425 441 460
425 427 412 473
263 68 464 59
258 449 272 276
20 21 118 418
358 384 438 360
403 60 464 59
88 65 432 437
382 358 410 441
254 256 236 253
324 321 347 322
70 69 73 464
253 449 259 254
140 137 162 451
425 440 220 224
417 240 457 468
419 415 430 448
137 126 416 451
412 212 431 440
205 212 214 213
229 443 230 225
8 113 6 7
74 290 465 473
97 95 96 98
210 414 434 457
65 432 437 466
36 455 403 43
72 74 287 433
128 125 113 413
338 178 435 329
415 84 62 432
208 210 205 414
435 338 329 469
157 161 90 461
413 108 125 111
400 415 427 436
398 386 438 375
335 311 346 463
83 49 456 471
360 410 421 438
122 118 121 418
127 116 102 413
346 309 421 428
179 400 419 430
325 178 419 430
376 389 295 402
23 409 35 20
294 295 299 402
86 87 432 461
455 403 452 466
441 300 452 471
26 54 426 30
196 173 407 174
290 292 420 465
48 83 49 430
417 401 420 433
441 345 450 469
331 307 336 332
334 338 450 463
8 447 35 418
412 427 431 466
231 256 233 254
60 250 405 464
274 271 446 449
218 221 462 468
323 321 324 322
158 161 436 461
427 412 431 452
317 318 350 402
60 405 454 464
76 415 422 461
33 411 404 447
294 244 445 446
215 440 217 431
424 67 437 466
181 427 469 473
220 412 440 425
455 403 43 452
60 59 250 464
290 97 465 473
186 357 382 469
294 273 267 446
320 247 245 248
272 284 279 280
255 239 232 434
218 222 468 457
156 459 160 161
164 173 407 167
259 271 253 268
284 276 281 277
408 152 423 451
295 294 401 402
321 349 323 347
292 290 379 465
278 279 248 275
466 403 424 69
142 173 407 191
235 228 231 234
263 464 262 405
217 303 431 440
233 235 231 234
240 223 222 468
78 79 75 408
187 191 407 442
278 279 275 276
281 284 285 282
87 77 157 461
258 270 261 272
81 453 84 51
425 412 433 473
5 19 20 409
297 294 445 296
276 284 279 277
235 246 233 254
455 36 466 415
136 128 135 416
257 276 258 272
394 398 359 353
265 266 255 446
298 279 278 280
284 276 279 278
454 206 212 205
427 415 432 436
284 285 282 280
362 390 391 364
278 284 282 280
257 258 261 272
233 236 235 254
184 161 400 436
48 456 83 430
447 33 8 35
404 411 418 447
383 386 410 382
258 257 261 260
258 259 260 261
31 35 33 447
254 259 258 449
449 258 254 276
209 227 210 443
60 207 405 250
417 401 433 457
106 105 104 413
404 21 419 447
146 176 147 407
375 388 402 377
21 415 419 447
21 404 418 447
343 307 335 463
265 269 446 267
269 265 446 266
402 420 383 465
299 387 352 395
334 356 463 343
307 306 428 450
276 254 449 275
83 48 452 455
312 421 428 460
138 139 134 416
268 266 271 446
320 243 247 445
464 263 262 70
291 292 295 420
278 365 286 283
298 285 280 362
285 278 282 280
338 332 450 326
415 426 36 403
370 390 363 369
218 205 210 414
73 74 412 437
26 56 57 403
78 150 79 422
373 397 374 369
298 279 248 278
249 248 298 297
292 99 465 379
266 268 255 446
244 275 279 449
246 255 231 446
269 271 266 446
26 29 54 30
368 354 393 355
95 99 94 98
279 274 296 449
271 253 449 274
244 279 247 445
68 69 70 464
285 366 362 298
99 379 97 465
396 370 371 372
296 294 445 446
448 452 455 471
446 267 269 273
274 269 273 446
452 83 455 471
421 349 360 438
255 268 231 446
246 231 254 446
296 273 294 446
254 231 268 446
278 286 362 285
390 249 363 362
113 116 127 413
197 193 406 442
285 278 280 362
177 171 400 459
362 248 298 249
278 298 280 362
298 249 390 362
371 355 393 399
382 186 469 473
319 318 445 350
212 42 58 403
445 319 363 320
453 28 50 51
180 357 186 469
362 366 365 364
370 363 393 368
212 215 440 216
158 161 184 436
306 301 49 304
366 286 285 362
390 391 364 369
355 371 393 368
354 387 392 395
408 400 442 459
181 184 185 436
23 20 21 19
283 286 278 282
331 326 327 450
371 396 393 368
212 82 431 215
390 391 369 393
415 44 419 430
373 366 391 364
409 35 20 8
328 330 338 326
414 265 434 264
292 381 378 380
426 415 36 28
397 396 370 393
392 388 394 389
355 393 399 392
392 394 395 389
362 390 364 369
384 385 438 386
453 64 52 66
118 404 418 419
151 423 458 467
385 382 357 358
445 319 354 363
368 354 319 363
34 409 4 9
279 244 296 445
396 397 370 372
391 397 369 393
249 390 363 445
396 370 393 368
275 244 279 247
370 390 369 393
85 64 453 65
397 370 369 393
405 424 454 464
317 242 318 402
25 36 28 426
420 425 433 465
47 325 430 456
393 354 392 355
57 53 59 426
370 396 371 368
298 366 391 367
354 390 363 392
363 390 393 392
466 36 403 415
393 354 363 392
58 61 212 403
157 80 422 461
403 60 61 212
24 124 47 119
355 354 399 395
205 212 454 214
399 354 392 395
408 400 415 442
344 339 338 450
30 38 36 403
26 37 38 403
317 223 417 316
345 441 450 463
206 212 205 213
354 387 352 445
299 389 387 395
401 264 433 457
317 417 242 402
422 408 458 461
387 354 352 395
238 241 457 429
351 299 352 395
85 415 432 65
339 337 329 469
42 43 38 403
210 434 443 457
59 63 69 403
331 307 332 450
210 238 218 457
161 400 436 461
279 272 274 449
400 179 419 442
156 155 422 159
414 218 433 468
326 331 332 450
383 292 378 465
116 117 411 126
290 287 74 465
271 269 274 446
326 444 450 470
402 323 421 438
316 224 417 425
62 84 86 432
420 417 433 462
179 123 419 442
286 366 365 362
74 72 412 433
48 448 456 430
307 334 332 450
323 347 349 438
50 55 54 426
431 403 212 424
403 466 65 69
353 323 402 438
42 38 37 403
57 60 403 59
386 383 410 375
309 312 421 428
85 415 62 432
244 279 296 449
449 276 279 272
87 89 432 461
63 453 403 426
264 288 420 433
121 135 114 418
412 72 424 433
295 294 293 401
136 134 129 416
290 97 379 465
92 91 432 436
382 357 358 345
404 32 411 33
400 435 448 456
432 427 437 466
433 218 462 468
97 95 99 473
308 325 444 327
325 301 444 456
176 179 406 442
388 389 376 402
81 453 51 415
90 182 92 436
415 403 65 453
141 144 145 407
390 298 297 445
157 161 156 90
338 328 326 470
304 306 308 444
311 331 307 336
411 439 115 32
411 439 451 117
8 113 11 6
339 329 338 469
150 152 408 439
85 62 87 432
423 407 442 451
421 346 428 463
242 243 401 429
74 412 472 473
307 331 308 306
150 154 153 422
325 331 308 302
74 287 433 473
84 453 415 62
332 335 307 336
326 331 327 332
333 326 327 332
412 454 405 424
253 449 274 259
117 140 439 451
407 137 416 451
384 360 359 438
244 247 243 445
264 414 433 457
298 249 297 445
326 328 444 470
32 78 75 439
439 411 451 404
387 299 352 445
275 246 449 244
185 181 400 469
307 312 428 306
244 243 401 445
137 165 162 451
60 403 464 454
186 181 185 469
300 220 428 441
248 279 297 445
448 415 455 466
74 412 437 472
349 335 348 346
178 338 435 470
346 348 321 314
315 311 346 313
363 320 249 445
321 347 323 324
335 336 311 307
408 404 415 439
352 351 319 445
196 407 191 442
18 17 23 2
208 203 204 201
87 89 85 432
241 242 417 429
268 449 253 254
400 430 435 456
28 453 50 426
335 333 307 343
435 444 470 471
288 264 289 433
305 300 428 441
361 349 347 438
440 425 412 462
400 161 458 461
218 405 414 433
319 351 350 445
154 150 408 422
430 400 448 456
95 93 436 472
335 356 343 463
383 181 465 183
383 402 410 375
212 82 215 45
344 345 339 450
252 68 59 250
126 411 416 451
325 326 328 444
460 412 220 425
323 321 322 313
346 321 313 310
59 63 403 426
85 453 62 415
84 86 432 461
301 325 47 456
361 324 353 438
163 162 423 451
32 75 33 439
358 356 428 463
156 459 161 458
17 13 27 2
394 395 389 402
73 93 437 88
146 407 416 442
142 167 166 407
155 156 422 467
312 307 428 309
288 293 401 420
348 321 349 346
354 368 393 363
94 95 436 473
241 317 242 318
246 434 255 401
186 181 469 473
36 48 455 43
137 128 416 126
124 24 47 419
115 117 140 439
206 454 405 205
356 358 344 463
194 198 199 406
333 335 307 332
253 271 449 268
246 275 449 254
115 150 32 439
227 229 443 211
233 246 231 254
235 246 234 233
21 35 415 447
415 84 432 461
68 263 464 70
329 406 176 179
148 190 407 147
73 72 70 424
390 354 363 445
361 353 359 438
276 449 279 275
392 394 399 395
95 99 473 94
402 417 420 425
377 394 388 402
328 435 444 470
118 123 404 419
296 274 446 449
311 315 346 309
346 313 311 310
54 25 30 29
258 253 259 254
282 276 281 284
85 453 415 65
323 346 321 313
257 276 272 277
254 256 233 236
410 358 428 441
259 271 274 253
111 128 125 113
25 30 36 426
242 401 402 417
262 264 263 414
211 414 434 443
59 53 63 426
74 95 96 97
29 26 54 56
222 223 224 462
76 81 75 415
404 415 419 442
108 104 413 106
231 256 254 268
400 178 406 435
329 337 406 469
206 213 61 60
331 325 308 327
321 349 346 323
80 154 422 153
243 244 401 429
265 252 414 251
6 10 7 409
208 232 414 207
334 326 332 330
33 404 415 447
437 427 412 466
121 123 404 418
129 139 407 416
7 113 6 110
411 33 8 447
425 420 433 462
35 20 21 23
EDGES
0 1
0 2
0 4
0 34
1 2
1 4
1 5
1 23
1 25
1 28
1 34
1 36
2 4
2 5
2 13
2 17
2 18
2 23
2 25
2 27
3 4
3 5
3 9
3 10
3 18
3 409
4 5
4 9
4 18
4 34
4 409
5 10
5 11
5 18
5 19
5 20
5 23
5 34
5 107
5 409
6 7
6 8
6 9
6 10
6 11
6 34
6 35
6 110
6 113
6 409
7 8
7 9
7 10
7 11
7 100
7 102
7 103
7 107
7 110
7 113
7 116
7 409
8 11
8 20
8 33
8 35
8 112
8 113
8 116
8 409
8 411
8 418
8 447
9 10
9 34
9 35
9 103
9 409
10 103
10 107
10 409
11 20
11 107
11 110
11 113
11 409
11 418
12 13
12 15
12 16
12 17
12 25
12 26
12 27
12 30
12 37
12 38
12 41
13 16
13 17
13 18
13 27
14 15
14 16
14 17
14 18
14 19
15 16
15 17
15 37
15 38
15 41
16 17
16 18
17 18
17 19
17 23
17 25
17 27
17 36
17 38
18 19
18 23
19 20
19 21
19 23
19 409
20 21
20 23
20 35
20 113
20 118
20 122
20 409
20 418
21 22
21 23
21 24
21 35
21 44
21 118
21 124
21 404
21 415
21 418
21 419
21 447
22 24
22 46
22 118
22 119
22 124
23 25
23 27
23 34
23 35
23 36
23 44
23 409
23 415
23 419
24 44
24 46
24 47
24 119
24 120
24 124
24 419
25 27
25 28
25 29
25 30
25 36
25 38
25 54
25 426
26 29
26 30
26 37
26 38
26 40
26 41
26 42
26 54
26 56
26 57
26 58
26 403
26 426
27 38
28 30
28 31
28 34
28 36
28 50
28 51
28 54
28 415
28 426
28 453
29 30
29 54
29 56
30 36
30 38
30 54
30 403
30 426
31 33
31 34
31 35
31 51
31 75
31 81
31 415
31 447
32 33
32 75
32 78
32 112
32 115
32 150
32 404
32 411
32 439
33 35
33 75
33 112
33 404
33 411
33 415
33 439
33 447
34 35
34 36
34 409
34 415
35 36
35 409
35 415
35 418
35 447
36 38
36 43
36 44
36 48
36 403
36 415
36 419
36 426
36 455
36 466
37 38
37 41
37 42
37 202
37 403
38 42
38 43
38 403
39 42
39 43
39 45
39 212
39 215
39 216
40 41
40 58
40 200
41 42
41 58
41 200
41 202
42 43
42 58
42 200
42 202
42 212
42 403
43 45
43 48
43 212
43 403
43 431
43 452
43 455
44 47
44 48
44 415
44 419
44 430
44 448
45 48
45 82
45 212
45 215
46 119
46 120
47 48
47 49
47 119
47 120
47 124
47 301
47 325
47 419
47 430
47 456
48 49
48 82
48 83
48 212
48 300
48 415
48 430
48 431
48 448
48 452
48 455
48 456
49 83
49 301
49 304
49 305
49 306
49 430
49 444
49 456
49 471
50 51
50 52
50 54
50 55
50 426
50 453
51 52
51 81
51 84
51 415
51 453
52 55
52 62
52 64
52 66
52 84
52 453
53 55
53 56
53 57
53 59
53 63
53 66
53 426
54 55
54 56
54 426
55 56
55 66
55 426
55 453
56 57
56 403
56 426
57 58
57 59
57 60
57 61
57 403
57 426
58 61
58 200
58 202
58 203
58 206
58 212
58 213
58 403
59 60
59 63
59 68
59 69
59 250
59 252
59 263
59 403
59 426
59 464
60 61
60 206
60 207
60 212
60 213
60 250
60 403
60 405
60 454
60 464
61 206
61 212
61 213
61 403
62 64
62 84
62 85
62 86
62 87
62 415
62 432
62 453
63 65
63 66
63 68
63 69
63 403
63 426
63 453
64 65
64 66
64 85
64 453
65 66
65 67
65 69
65 85
65 88
65 403
65 415
65 432
65 437
65 453
65 466
66 426
66 453
67 69
67 73
67 88
67 424
67 437
67 466
68 69
68 70
68 250
68 252
68 263
68 464
69 70
69 73
69 403
69 424
69 464
69 466
70 72
70 73
70 252
70 262
70 263
70 424
70 464
71 73
71 74
71 88
71 93
72 73
72 74
72 262
72 287
72 412
72 424
72 433
73 74
73 88
73 93
73 412
73 424
73 437
73 464
74 93
74 95
74 96
74 97
74 287
74 290
74 412
74 433
74 437
74 465
74 472
74 473
75 76
75 78
75 79
75 81
75 408
75 415
75 439
76 77
76 79
76 81
76 84
76 408
76 415
76 422
76 461
77 79
77 80
77 84
77 86
77 87
77 153
77 157
77 422
77 461
78 79
78 150
78 408
78 422
78 439
79 150
79 153
79 408
79 422
80 153
80 154
80 155
80 157
80 159
80 422
80 461
81 84
81 415
81 453
81 461
82 212
82 215
82 300
82 431
82 452
83 300
83 305
83 430
83 452
83 455
83 456
83 471
84 86
84 415
84 432
84 453
84 461
85 87
85 88
85 89
85 415
85 432
85 453
86 87
86 432
86 461
87 89
87 157
87 432
87 461
88 89
88 91
88 93
88 432
88 437
89 91
89 92
89 157
89 432
89 461
90 92
90 156
90 157
90 158
90 161
90 182
90 436
90 461
91 92
91 93
91 95
91 432
91 436
91 437
92 95
92 157
92 182
92 432
92 436
92 461
93 95
93 436
93 437
93 472
94 95
94 98
94 99
94 181
94 182
94 183
94 378
94 436
94 473
95 96
95 97
95 98
95 99
95 182
95 436
95 472
95 473
96 97
96 98
97 98
97 99
97 290
97 379
97 465
97 472
97 473
98 99
99 292
99 378
99 379
99 380
99 465
99 473
100 101
100 102
100 103
100 104
100 105
100 413
101 102
101 104
101 105
101 106
101 125
101 127
101 128
101 413
102 103
102 107
102 110
102 113
102 116
102 127
102 413
103 104
103 107
103 413
104 105
104 106
104 107
104 108
104 110
104 413
105 106
105 108
105 125
105 413
106 108
106 125
106 413
107 110
107 409
107 413
108 109
108 110
108 111
108 125
108 413
109 111
109 125
109 128
109 131
109 132
109 133
110 111
110 113
110 413
111 113
111 114
111 125
111 128
111 133
111 135
111 413
112 115
112 116
112 411
113 114
113 116
113 122
113 125
113 127
113 128
113 413
113 418
114 121
114 122
114 127
114 128
114 135
114 418
115 116
115 117
115 140
115 150
115 152
115 411
115 439
116 117
116 126
116 127
116 411
116 413
116 418
117 126
117 140
117 411
117 439
117 451
118 119
118 121
118 122
118 123
118 124
118 404
118 418
118 419
119 120
119 124
119 325
120 301
120 302
120 325
121 122
121 123
121 124
121 135
121 136
121 143
121 146
121 404
121 416
121 418
122 418
123 124
123 146
123 178
123 179
123 404
123 416
123 418
123 419
123 442
124 178
124 325
124 419
125 128
125 131
125 413
126 127
126 128
126 135
126 137
126 140
126 404
126 411
126 416
126 418
126 451
127 128
127 135
127 413
127 418
128 129
128 130
128 131
128 132
128 133
128 135
128 136
128 137
128 413
128 416
128 418
129 130
129 134
129 136
129 137
129 139
129 141
129 165
129 407
129 416
130 131
130 134
130 136
130 139
130 416
131 132
131 133
131 134
131 136
132 133
132 134
133 134
133 135
133 136
134 136
134 138
134 139
134 416
135 136
135 404
135 416
135 418
136 138
136 143
136 416
137 140
137 162
137 165
137 407
137 416
137 451
138 139
138 141
138 143
138 144
138 148
138 407
138 416
139 141
139 144
139 145
139 407
139 416
140 152
140 162
140 163
140 439
140 451
141 142
141 144
141 145
141 165
141 166
141 407
142 145
142 166
142 167
142 173
142 191
142 407
143 146
143 147
143 148
143 407
143 416
144 145
144 148
144 149
144 190
144 407
145 149
145 191
145 407
146 147
146 176
146 179
146 404
146 407
146 416
146 442
146 451
147 148
147 176
147 187
147 190
147 407
148 190
148 407
149 188
149 190
149 191
149 192
149 407
150 152
150 153
150 154
150 408
150 422
150 439
151 152
151 154
151 155
151 163
151 168
151 169
151 408
151 422
151 423
151 458
151 467
152 154
152 163
152 408
152 423
152 439
152 451
153 154
153 422
154 155
154 408
154 422
154 467
155 156
155 159
155 168
155 422
155 423
155 458
155 467
156 157
156 159
156 160
156 161
156 168
156 422
156 423
156 458
156 459
156 467
157 159
157 161
157 422
157 458
157 461
158 161
158 182
158 184
158 436
158 461
159 422
160 161
160 168
160 170
160 171
160 172
160 423
160 459
161 172
161 184
161 400
161 436
161 458
161 459
161 461
162 163
162 164
162 165
162 423
162 451
163 164
163 169
163 423
163 451
164 165
164 166
164 167
164 169
164 170
164 173
164 174
164 407
164 423
164 451
165 166
165 407
165 451
166 167
166 407
167 173
167 407
168 169
168 170
168 423
168 459
169 170
169 423
170 171
170 174
170 423
170 459
171 172
171 174
171 177
171 196
171 197
171 400
171 406
171 407
171 423
171 442
171 459
172 177
172 184
172 400
172 459
173 174
173 191
173 193
173 196
173 407
174 196
174 407
174 423
175 177
175 180
175 184
175 185
175 186
175 197
175 400
175 406
175 469
176 178
176 179
176 187
176 188
176 189
176 192
176 193
176 194
176 195
176 199
176 329
176 337
176 340
176 406
176 407
176 442
177 184
177 197
177 400
177 406
177 459
178 179
178 325
178 328
178 329
178 338
178 400
178 406
178 419
178 430
178 435
178 456
178 470
179 329
179 400
179 406
179 419
179 430
179 442
180 186
180 197
180 198
180 199
180 342
180 357
180 406
180 469
181 182
181 183
181 184
181 185
181 186
181 382
181 383
181 400
181 427
181 436
181 465
181 469
181 473
182 184
182 436
183 378
183 381
183 383
183 465
183 473
184 185
184 400
184 436
184 459
185 186
185 400
185 436
185 469
186 357
186 382
186 383
186 469
186 473
187 188
187 190
187 191
187 192
187 193
187 407
187 442
188 189
188 190
188 192
188 195
189 194
189 195
189 199
189 329
189 337
189 340
190 191
190 192
190 407
191 192
191 193
191 196
191 407
191 442
192 193
192 195
193 195
193 196
193 197
193 199
193 406
193 442
194 195
194 198
194 199
194 340
194 342
194 406
195 198
195 199
196 197
196 407
196 442
197 199
197 400
197 406
197 442
198 199
198 342
198 357
198 406
199 406
200 201
200 202
200 203
201 202
201 203
201 204
201 208
201 213
202 203
202 212
202 213
203 204
203 206
203 208
203 213
204 205
204 206
204 208
204 213
204 214
205 206
205 208
205 209
205 210
205 212
205 213
205 214
205 218
205 405
205 414
205 454
206 207
206 208
206 212
206 213
206 405
206 414
206 454
207 208
207 232
207 250
207 251
207 252
207 405
207 414
208 209
208 210
208 211
208 232
208 405
208 414
209 210
209 211
209 227
209 443
210 211
210 218
210 227
210 238
210 414
210 434
210 443
210 457
211 227
211 228
211 229
211 231
211 232
211 414
211 434
211 443
212 213
212 214
212 215
212 216
212 219
212 403
212 412
212 424
212 431
212 440
212 454
213 214
213 219
214 218
214 219
214 221
214 454
215 216
215 217
215 300
215 431
215 440
216 217
216 219
216 440
217 219
217 220
217 222
217 224
217 300
217 303
217 431
217 440
218 219
218 221
218 222
218 238
218 405
218 412
218 414
218 433
218 440
218 454
218 457
218 462
218 468
219 221
219 222
219 412
219 440
219 454
220 224
220 300
220 303
220 312
220 412
220 421
220 425
220 428
220 440
220 441
220 452
220 460
221 222
221 440
221 462
221 468
222 223
222 224
222 238
222 240
222 440
222 457
222 462
222 468
223 224
223 240
223 241
223 242
223 316
223 317
223 417
223 462
223 468
224 312
224 315
224 316
224 417
224 421
224 425
224 440
224 460
224 462
225 226
225 227
225 229
225 230
225 237
225 238
225 443
226 228
226 229
226 230
226 237
227 229
227 238
227 443
228 229
228 230
228 231
228 232
228 234
228 235
228 255
228 443
229 230
229 443
230 231
230 232
230 234
230 237
230 239
230 246
230 255
230 434
230 443
231 232
231 233
231 234
231 235
231 239
231 246
231 254
231 255
231 256
231 268
231 446
232 239
232 251
232 255
232 414
232 434
232 443
233 234
233 235
233 236
233 246
233 254
233 256
234 235
234 246
235 236
235 246
235 254
235 256
236 253
236 254
236 256
237 238
237 239
237 240
237 241
237 242
237 244
237 429
237 434
237 443
237 457
238 240
238 241
238 429
238 443
238 457
239 244
239 246
239 255
239 434
239 443
240 241
240 417
240 457
240 468
241 242
241 317
241 318
241 417
241 429
241 457
242 243
242 244
242 317
242 318
242 401
242 402
242 417
242 429
243 244
243 245
243 247
243 318
243 320
243 401
243 402
243 429
243 445
244 246
244 247
244 275
244 279
244 294
244 296
244 401
244 429
244 434
244 445
244 446
244 449
245 247
245 248
245 249
245 318
245 320
246 254
246 255
246 275
246 401
246 434
246 446
246 449
247 248
247 275
247 279
247 320
247 445
248 249
248 275
248 278
248 279
248 297
248 298
248 320
248 362
248 445
249 297
249 298
249 320
249 362
249 363
249 390
249 445
250 251
250 252
250 405
250 464
251 252
251 255
251 265
251 414
251 434
252 263
252 264
252 265
252 405
252 414
252 464
253 254
253 256
253 258
253 259
253 260
253 268
253 271
253 274
253 449
254 256
254 258
254 259
254 268
254 275
254 276
254 446
254 449
255 265
255 266
255 268
255 401
255 434
255 446
256 268
257 258
257 260
257 261
257 272
257 276
257 277
257 281
258 259
258 260
258 261
258 270
258 272
258 276
258 449
259 260
259 261
259 268
259 270
259 271
259 274
259 449
260 261
261 270
261 272
261 277
262 263
262 264
262 287
262 289
262 405
262 414
262 424
262 433
262 464
263 264
263 405
263 414
263 464
264 265
264 267
264 288
264 289
264 401
264 414
264 420
264 433
264 434
264 457
265 266
265 267
265 269
265 401
265 414
265 434
265 446
266 268
266 269
266 271
266 446
267 269
267 273
267 288
267 293
267 294
267 401
267 446
268 271
268 446
268 449
269 271
269 273
269 274
269 446
270 271
270 272
270 274
270 449
271 274
271 446
271 449
272 274
272 276
272 277
272 279
272 280
272 284
272 449
273 274
273 294
273 296
273 446
274 279
274 296
274 446
274 449
275 276
275 278
275 279
275 449
276 277
276 278
276 279
276 281
276 282
276 284
276 449
277 279
277 281
277 284
278 279
278 280
278 282
278 283
278 284
278 285
278 286
278 298
278 362
278 365
279 280
279 284
279 296
279 297
279 298
279 445
279 449
280 282
280 284
280 285
280 298
280 362
281 282
281 284
281 285
282 283
282 284
282 285
282 286
283 285
283 286
283 365
284 285
285 286
285 298
285 362
285 366
285 367
286 362
286 365
286 366
286 367
287 289
287 290
287 433
287 465
287 473
288 289
288 291
288 293
288 401
288 420
288 433
289 290
289 291
289 292
289 420
289 433
290 291
290 292
290 379
290 420
290 433
290 465
290 473
291 292
291 293
291 295
291 420
292 295
292 376
292 378
292 379
292 380
292 381
292 383
292 402
292 420
292 465
293 294
293 295
293 401
293 420
294 295
294 296
294 297
294 299
294 401
294 402
294 445
294 446
295 299
295 376
295 389
295 401
295 402
295 420
296 297
296 445
296 446
296 449
297 298
297 299
297 387
297 390
297 445
298 362
298 366
298 367
298 390
298 391
298 445
299 351
299 352
299 387
299 389
299 395
299 402
299 445
300 303
300 305
300 312
300 428
300 431
300 441
300 452
300 471
301 302
301 304
301 306
301 325
301 444
301 456
302 304
302 308
302 325
302 331
302 444
303 412
303 431
303 440
303 452
304 306
304 308
304 444
305 306
305 312
305 428
305 441
305 471
306 307
306 308
306 312
306 331
306 428
306 441
306 444
306 450
306 471
307 308
307 309
307 311
307 312
307 331
307 332
307 333
307 334
307 335
307 336
307 343
307 428
307 450
307 463
308 325
308 327
308 331
308 444
308 450
309 311
309 312
309 315
309 346
309 421
309 428
310 311
310 313
310 321
310 346
311 313
311 315
311 331
311 335
311 336
311 346
311 428
311 463
312 315
312 316
312 421
312 428
312 460
313 315
313 321
313 322
313 323
313 346
313 421
314 321
314 346
314 348
315 316
315 323
315 346
315 421
316 317
316 323
316 402
316 417
316 421
316 425
317 318
317 323
317 350
317 402
317 417
318 319
318 320
318 350
318 402
318 445
319 320
319 350
319 351
319 352
319 354
319 363
319 368
319 445
320 363
320 445
321 322
321 323
321 324
321 346
321 347
321 348
321 349
322 323
322 324
322 347
323 324
323 346
323 347
323 349
323 350
323 353
323 402
323 421
323 438
324 347
324 353
324 361
324 438
325 326
325 327
325 328
325 331
325 419
325 430
325 444
325 456
326 327
326 328
326 330
326 331
326 332
326 333
326 334
326 338
326 444
326 450
326 470
327 331
327 332
327 333
327 444
327 450
328 330
328 338
328 430
328 435
328 444
328 456
328 470
329 337
329 338
329 339
329 406
329 435
329 469
330 332
330 334
330 338
331 332
331 336
331 444
331 450
332 333
332 334
332 335
332 336
332 338
332 450
333 334
333 335
333 336
333 343
333 463
334 338
334 343
334 344
334 356
334 450
334 463
335 336
335 343
335 346
335 348
335 349
335 356
335 463
337 339
337 340
337 341
337 342
337 406
337 469
338 339
338 344
338 435
338 450
338 463
338 469
338 470
339 341
339 344
339 345
339 450
339 469
340 342
340 406
341 342
341 345
341 357
341 469
342 357
342 406
342 469
343 349
343 356
343 463
344 345
344 356
344 358
344 450
344 463
345 357
345 358
345 382
345 441
345 450
345 463
345 469
346 348
346 349
346 356
346 421
346 428
346 463
347 348
347 349
347 361
347 438
348 349
349 356
349 360
349 361
349 421
349 438
350 351
350 353
350 402
350 445
351 352
351 353
351 394
351 395
351 402
351 445
352 354
352 387
352 395
352 402
352 445
353 359
353 361
353 394
353 398
353 402
353 438
354 355
354 363
354 368
354 387
354 390
354 392
354 393
354 395
354 399
354 445
355 368
355 371
355 392
355 393
355 395
355 399
356 358
356 360
356 410
356 421
356 428
356 463
357 358
357 382
357 385
357 469
358 360
358 382
358 384
358 385
358 410
358 428
358 438
358 441
358 463
358 469
359 360
359 361
359 384
359 394
359 398
359 438
360 361
360 384
360 410
360 421
360 438
361 438
362 363
362 364
362 365
362 366
362 369
362 390
362 391
363 368
363 369
363 370
363 390
363 392
363 393
363 445
364 365
364 366
364 369
364 373
364 390
364 391
365 366
366 367
366 373
366 391
367 391
368 370
368 371
368 393
368 396
369 370
369 373
369 374
369 390
369 391
369 393
369 397
370 371
370 372
370 374
370 390
370 393
370 396
370 397
371 372
371 393
371 396
371 399
372 374
372 396
372 397
373 374
373 391
373 397
374 397
375 376
375 377
375 383
375 386
375 388
375 398
375 402
375 410
375 438
376 380
376 381
376 383
376 388
376 389
376 402
377 386
377 388
377 394
377 398
377 402
377 438
378 380
378 381
378 383
378 465
378 473
379 380
379 465
380 381
381 383
382 383
382 385
382 386
382 410
382 441
382 465
382 469
382 473
383 386
383 402
383 410
383 420
383 465
384 385
384 386
384 398
384 438
385 386
385 410
385 438
386 398
386 410
386 438
387 389
387 390
387 392
387 395
387 445
388 389
388 392
388 394
388 398
388 402
389 392
389 394
389 395
389 402
390 391
390 392
390 393
390 445
391 393
391 397
392 393
392 394
392 395
392 399
393 396
393 397
393 399
394 395
394 398
394 399
394 402
394 438
395 399
395 402
396 397
396 399
398 402
398 438
400 406
400 408
400 415
400 419
400 427
400 430
400 435
400 436
400 442
400 448
400 456
400 458
400 459
400 461
400 469
401 402
401 417
401 420
401 429
401 433
401 434
401 445
401 446
401 457
402 410
402 417
402 420
402 421
402 425
402 438
402 445
402 465
403 415
403 424
403 426
403 431
403 452
403 453
403 454
403 455
403 464
403 466
404 408
404 411
404 415
404 416
404 418
404 419
404 439
404 442
404 447
404 451
405 412
405 414
405 424
405 433
405 454
405 462
405 464
406 435
406 442
406 469
407 416
407 423
407 442
407 451
408 415
408 422
408 423
408 439
408 442
408 451
408 458
408 459
408 461
408 467
409 418
410 421
410 425
410 428
410 438
410 441
410 460
410 465
411 416
411 418
411 439
411 447
411 451
412 424
412 425
412 427
412 431
412 433
412 437
412 440
412 452
412 454
412 460
412 462
412 466
412 472
412 473
414 433
414 434
414 443
414 457
414 468
415 419
415 422
415 426
415 427
415 430
415 432
415 436
415 439
415 442
415 447
415 448
415 453
415 455
415 461
415 466
416 442
416 451
417 420
417 425
417 429
417 433
417 457
417 462
417 468
418 419
418 447
419 430
419 442
419 447
419 448
420 425
420 433
420 462
420 465
421 425
421 428
421 438
421 460
421 463
422 458
422 461
422 467
423 442
423 451
423 458
423 459
423 467
424 431
424 433
424 437
424 454
424 464
424 466
425 427
425 433
425 440
425 441
425 452
425 460
425 462
425 465
425 473
426 453
427 431
427 432
427 435
427 436
427 437
427 441
427 448
427 452
427 460
427 466
427 469
427 471
427 472
427 473
428 441
428 450
428 460
428 463
429 434
429 457
430 435
430 448
430 456
431 440
431 452
431 466
432 436
432 437
432 461
432 466
433 457
433 462
433 465
433 468
433 473
434 443
434 457
435 441
435 444
435 448
435 450
435 452
435 455
435 456
435 469
435 470
435 471
436 437
436 461
436 472
436 473
437 466
437 472
439 451
440 462
441 450
441 452
441 460
441 463
441 465
441 469
441 471
441 473
442 451
442 459
443 457
444 450
444 456
444 470
444 471
445 446
446 449
448 452
448 455
448 456
448 466
448 469
448 471
450 463
450 469
450 470
450 471
452 455
452 460
452 466
452 471
454 464
455 456
455 466
455 471
456 471
457 468
458 459
458 461
458 467
462 468
465 473
469 473
470 471
472 473
SURFACE_TRIANGLES
0 1 2
0 1 34
0 2 4
0 4 34
1 2 25
1 25 28
1 28 34
2 4 18
2 13 18
2 13 27
2 25 27
3 4 9
3 4 18
3 5 10
3 5 18
3 9 10
4 9 34
5 10 107
5 11 20
5 11 107
5 18 19
5 19 20
6 7 8
6 7 9
6 8 35
6 9 34
6 34 35
7 8 116
7 9 103
7 100 102
7 100 103
7 102 116
8 33 35
8 33 112
8 112 116
9 10 103
10 103 107
11 20 113
11 107 110
11 110 113
12 13 16
12 13 27
12 15 16
12 15 41
12 25 27
12 25 30
12 26 30
12 26 41
13 16 18
14 15 16
14 15 17
14 16 18
14 17 19
14 18 19
15 17 38
15 37 38
15 37 41
17 19 23
17 23 36
17 36 38
19 20 21
19 21 23
20 21 118
20 113 122
20 118 122
21 22 24
21 22 118
21 23 44
21 24 44
22 24 46
22 46 119
22 118 119
23 36 44
24 44 47
24 46 120
24 47 120
25 28 54
25 29 30
25 29 54
26 29 30
26 29 56
26 40 41
26 40 58
26 56 57
26 57 58
28 31 34
28 31 51
28 50 51
28 50 54
29 54 56
31 33 35
31 33 75
31 34 35
31 51 81
31 75 81
32 33 75
32 33 112
32 75 78
32 78 150
32 112 115
32 115 150
36 38 43
36 43 48
36 44 48
37 38 42
37 41 202
37 42 202
38 42 43
39 42 43
39 42 212
39 43 45
39 45 215
39 212 216
39 215 216
40 41 200
40 58 200
41 200 202
42 202 212
43 45 48
44 47 48
45 48 82
45 82 215
46 119 120
47 48 49
47 49 301
47 120 301
48 49 83
48 82 300
48 83 300
49 83 305
49 301 306
49 305 306
50 51 52
50 52 55
50 54 55
51 52 84
51 81 84
52 55 66
52 62 64
52 62 84
52 64 66
53 55 56
53 55 66
53 56 57
53 57 59
53 59 63
53 63 66
54 55 56
57 58 61
57 59 60
57 60 61
58 61 206
58 200 203
58 203 206
59 60 250
59 63 68
59 68 250
60 61 206
60 206 207
60 207 250
62 64 85
62 84 86
62 85 87
62 86 87
63 65 66
63 65 69
63 68 69
64 65 66
64 65 85
65 67 69
65 67 88
65 85 88
67 69 73
67 73 88
68 69 70
68 70 252
68 250 252
69 70 73
70 72 73
70 72 262
70 252 263
70 262 263
71 73 74
71 73 88
71 74 93
71 88 93
72 73 74
72 74 287
72 262 287
74 93 95
74 95 96
74 96 97
74 97 290
74 287 290
75 76 79
75 76 81
75 78 79
76 77 79
76 77 84
76 81 84
77 79 153
77 80 153
77 80 157
77 84 86
77 86 87
77 87 157
78 79 150
79 150 153
80 153 154
80 154 155
80 155 159
80 157 159
82 215 300
83 300 305
85 87 89
85 88 89
87 89 157
88 89 91
88 91 93
89 91 92
89 92 157
90 92 157
90 92 182
90 156 157
90 156 161
90 158 161
90 158 182
91 92 95
91 93 95
92 95 182
94 95 98
94 95 182
94 98 99
94 99 378
94 181 182
94 181 183
94 183 378
95 96 98
96 97 98
97 98 99
97 99 379
97 290 379
99 378 380
99 379 380
100 101 102
100 101 105
100 103 104
100 104 105
101 102 127
101 105 125
101 125 128
101 127 128
102 116 127
103 104 107
104 105 106
104 106 108
104 107 110
104 108 110
105 106 108
105 108 125
108 109 111
108 109 125
108 110 111
109 111 133
109 125 131
109 131 132
109 132 133
110 111 113
111 113 114
111 114 135
111 133 135
112 115 116
113 114 122
114 121 122
114 121 135
115 116 117
115 117 140
115 140 152
115 150 152
116 117 126
116 126 127
117 126 140
118 119 124
118 121 122
118 121 124
119 120 325
119 124 325
120 301 302
120 302 325
121 123 124
121 123 146
121 135 136
121 136 143
121 143 146
123 124 178
123 146 179
123 178 179
124 178 325
125 128 131
126 127 128
126 128 137
126 137 140
128 129 130
128 129 137
128 130 131
129 130 139
129 137 165
129 139 141
129 141 165
130 131 134
130 134 139
131 132 134
132 133 134
133 134 136
133 135 136
134 136 138
134 138 139
136 138 143
137 140 162
137 162 165
138 139 144
138 143 148
138 144 148
139 141 145
139 144 145
140 152 163
140 162 163
141 142 145
141 142 166
141 165 166
142 145 191
142 166 167
142 167 173
142 173 191
143 146 147
143 147 148
144 145 149
144 148 190
144 149 190
145 149 191
146 147 176
146 176 179
147 148 190
147 176 187
147 187 190
149 188 190
149 188 192
149 191 192
150 152 154
150 153 154
151 152 154
151 152 163
151 154 155
151 155 168
151 163 169
151 168 169
155 156 159
155 156 168
156 157 159
156 160 161
156 160 168
158 161 184
158 182 184
160 161 172
160 168 170
160 170 171
160 171 172
161 172 184
162 163 164
162 164 165
163 164 169
164 165 166
164 166 167
164 167 173
164 169 170
164 170 174
164 173 174
168 169 170
170 171 174
171 172 177
171 174 196
171 177 197
171 196 197
172 177 184
173 174 196
173 191 193
173 193 196
175 177 184
175 177 197
175 180 186
175 180 197
175 184 185
175 185 186
176 178 179
176 178 329
176 187 188
176 188 189
176 189 329
178 325 328
178 328 338
178 329 338
180 186 357
180 197 199
180 198 199
180 198 357
181 182 184
181 183 383
181 184 185
181 185 186
181 186 383
183 378 381
183 381 383
186 357 382
186 382 383
187 188 190
188 189 195
188 192 195
189 194 195
189 194 340
189 329 337
189 337 340
191 192 193
192 193 195
193 195 199
193 196 197
193 197 199
194 195 198
194 198 342
194 340 342
195 198 199
198 342 357
200 201 202
200 201 203
201 202 213
201 203 208
201 204 208
201 204 213
202 212 213
203 206 208
204 205 208
204 205 214
204 213 214
205 208 209
205 209 210
205 210 218
205 214 218
206 207 208
207 208 232
207 232 251
207 250 251
208 209 211
208 211 232
209 210 227
209 211 227
210 218 238
210 227 238
211 227 229
211 228 229
211 228 231
211 231 232
212 213 219
212 216 219
213 214 219
214 218 221
214 219 221
215 216 217
215 217 300
216 217 219
217 219 222
217 220 224
217 220 303
217 222 224
217 300 303
218 221 222
218 222 238
219 221 222
220 224 312
220 300 303
220 300 312
222 223 224
222 223 240
222 238 240
223 224 316
223 240 241
223 241 317
223 316 317
224 312 315
224 315 316
225 226 229
225 226 237
225 227 229
225 227 238
225 237 238
226 228 229
226 228 230
226 230 237
228 230 234
228 231 235
228 234 235
230 234 246
230 237 239
230 239 246
231 232 255
231 233 235
231 233 256
231 255 268
231 256 268
232 251 255
233 235 256
234 235 246
235 236 254
235 236 256
235 246 254
236 253 254
236 253 256
237 238 240
237 239 244
237 240 241
237 241 242
237 242 244
239 244 246
241 242 318
241 317 318
242 243 244
242 243 318
243 244 247
243 245 247
243 245 318
244 246 275
244 247 275
245 247 248
245 248 249
245 249 320
245 318 320
246 254 275
247 248 275
248 249 362
248 275 278
248 278 362
249 320 363
249 362 363
250 251 252
251 252 265
251 255 265
252 263 264
252 264 265
253 254 258
253 256 268
253 258 260
253 259 260
253 259 268
254 258 276
254 275 276
255 265 266
255 266 268
257 258 260
257 258 276
257 260 261
257 261 277
257 276 281
257 277 281
259 260 261
259 261 270
259 268 271
259 270 271
261 270 272
261 272 277
262 263 264
262 264 289
262 287 289
264 265 267
264 267 288
264 288 289
265 266 269
265 267 269
266 268 271
266 269 271
267 269 273
267 273 294
267 288 293
267 293 294
269 271 274
269 273 274
270 271 274
270 272 274
272 274 279
272 277 284
272 279 280
272 280 284
273 274 296
273 294 296
274 279 296
275 276 278
276 278 282
276 281 282
277 281 284
278 282 283
278 283 365
278 362 365
279 280 298
279 296 297
279 297 298
280 284 285
280 285 298
281 282 285
281 284 285
282 283 285
283 285 286
283 286 365
285 286 367
285 298 367
286 365 366
286 366 367
287 289 290
288 289 291
288 291 293
289 290 291
290 291 292
290 292 379
291 292 295
291 293 295
292 295 376
292 376 380
292 379 380
293 294 295
294 295 299
294 296 297
294 297 299
295 299 389
295 376 389
297 298 390
297 299 387
297 387 390
298 367 391
298 390 391
299 387 389
300 305 312
301 302 304
301 304 306
302 304 308
302 308 331
302 325 331
304 306 308
305 306 312
306 307 308
306 307 312
307 308 331
307 309 311
307 309 312
307 311 331
309 311 315
309 312 315
310 311 313
310 311 346
310 313 321
310 321 346
311 313 315
311 331 336
311 335 336
311 335 346
313 315 323
313 321 322
313 322 323
314 321 346
314 321 348
314 346 348
315 316 323
316 317 323
317 318 350
317 323 350
318 319 320
318 319 350
319 320 363
319 350 351
319 351 352
319 352 354
319 354 368
319 363 368
321 322 347
321 347 348
322 323 324
322 324 347
323 324 353
323 350 353
324 347 361
324 353 361
325 326 327
325 326 328
325 327 331
326 327 333
326 328 330
326 330 334
326 333 334
327 331 332
327 332 333
328 330 338
329 337 339
329 338 339
330 334 338
331 332 336
332 333 336
333 334 343
333 335 336
333 335 343
334 338 344
334 343 356
334 344 356
335 343 349
335 346 348
335 348 349
337 339 341
337 340 342
337 341 342
338 339 344
339 341 345
339 344 345
341 342 357
341 345 357
343 349 356
344 345 358
344 356 358
345 357 358
347 348 349
347 349 361
349 356 360
349 360 361
350 351 353
351 352 395
351 353 394
351 394 395
352 354 395
353 359 361
353 359 394
354 355 368
354 355 395
355 368 371
355 371 399
355 395 399
356 358 360
357 358 385
357 382 385
358 360 384
358 384 385
359 360 361
359 360 384
359 384 398
359 394 398
362 363 369
362 364 365
362 364 369
363 368 370
363 369 370
364 365 366
364 366 373
364 369 373
366 367 391
366 373 391
368 370 371
369 370 374
369 373 374
370 371 372
370 372 374
371 372 396
371 396 399
372 374 397
372 396 397
373 374 397
373 391 397
375 376 383
375 376 388
375 377 386
375 377 388
375 383 386
376 380 381
376 381 383
376 388 389
377 386 398
377 388 398
378 380 381
382 383 386
382 385 386
384 385 386
384 386 398
387 389 392
387 390 392
388 389 392
388 392 394
388 394 398
390 391 393
390 392 393
391 393 397
392 393 399
392 394 399
393 396 397
393 396 399
394 395 399
