# CentVoxTetrahedralizerHybrid tetrahedral mesh
# Detection mode: HYBRID
# Grid: 8^3
# Merge block size: 1
# Protection layers: 1
# Smoothed: Yes
# Vertices: 240
# Tetrahedra: 610

VERTICES
-0.307443 -0.943088 -1.707548
-0.133296 -0.943088 -1.707548
-0.307443 -0.768941 -1.707548
-0.133296 -0.768941 -1.707548
-0.307443 -0.943088 -1.533401
-0.133296 -0.943088 -1.533401
-0.307443 -0.768941 -1.533401
-0.133296 -0.768941 -1.533401
0.040851 -0.943088 -1.707548
0.040851 -0.768941 -1.707548
0.040851 -0.943088 -1.533401
0.040851 -0.768941 -1.533401
-0.481590 -0.768941 -1.707548
-0.481590 -0.594794 -1.707548
-0.307443 -0.594794 -1.707548
-0.481590 -0.768941 -1.533401
-0.481590 -0.594794 -1.533401
-0.307443 -0.594794 -1.533401
-0.133296 -0.594794 -1.707548
-0.133296 -0.594794 -1.533401
0.040851 -0.594794 -1.707548
0.040851 -0.594794 -1.533401
0.214998 -0.768941 -1.707548
0.214998 -0.594794 -1.707548
0.214998 -0.768941 -1.533401
0.214998 -0.594794 -1.533401
-0.481590 -0.420648 -1.707548
-0.307443 -0.420648 -1.707548
-0.481590 -0.420648 -1.533401
-0.307443 -0.420648 -1.533401
-0.133296 -0.420648 -1.707548
-0.133296 -0.420648 -1.533401
0.040851 -0.420648 -1.707548
0.040851 -0.420648 -1.533401
-0.307443 -0.246501 -1.707548
-0.133296 -0.246501 -1.707548
-0.307443 -0.246501 -1.533401
-0.133296 -0.246501 -1.533401
0.040851 -0.246501 -1.707548
0.040851 -0.246501 -1.533401
-0.481590 -0.943088 -1.533401
-0.481590 -0.943088 -1.359254
-0.307443 -0.943088 -1.359254
-0.481590 -0.768941 -1.359254
-0.307443 -0.768941 -1.359254
-0.133296 -0.943088 -1.359254
-0.133296 -0.768941 -1.359254
0.040851 -0.943088 -1.359254
0.040851 -0.768941 -1.359254
0.214998 -0.943088 -1.533401
0.214998 -0.943088 -1.359254
0.214998 -0.768941 -1.359254
-0.481590 -0.594794 -1.359254
-0.307443 -0.594794 -1.359254
-0.133296 -0.594794 -1.359254
0.040851 -0.594794 -1.359254
0.214998 -0.594794 -1.359254
-0.481590 -0.420648 -1.359254
-0.307443 -0.420648 -1.359254
-0.133296 -0.420648 -1.359254
0.040851 -0.420648 -1.359254
0.214998 -0.420648 -1.533401
0.214998 -0.420648 -1.359254
-0.481590 -0.246501 -1.533401
-0.481590 -0.246501 -1.359254
-0.307443 -0.246501 -1.359254
-0.133296 -0.246501 -1.359254
0.040851 -0.246501 -1.359254
0.214998 -0.246501 -1.533401
0.214998 -0.246501 -1.359254
-0.481590 -0.072354 -1.533401
-0.307443 -0.072354 -1.533401
-0.481590 -0.072354 -1.359254
-0.307443 -0.072354 -1.359254
-0.133296 -0.072354 -1.533401
-0.133296 -0.072354 -1.359254
0.040851 -0.072354 -1.533401
0.040851 -0.072354 -1.359254
-0.307443 -0.943088 -1.185107
-0.133296 -0.943088 -1.185107
-0.307443 -0.768941 -1.185107
-0.133296 -0.768941 -1.185107
0.040851 -0.943088 -1.185107
0.040851 -0.768941 -1.185107
0.214998 -0.943088 -1.185107
0.214998 -0.768941 -1.185107
-0.481590 -0.768941 -1.185107
-0.481590 -0.594794 -1.185107
-0.307443 -0.594794 -1.185107
-0.133296 -0.594794 -1.185107
0.040851 -0.594794 -1.185107
0.214998 -0.594794 -1.185107
-0.481590 -0.420648 -1.185107
-0.307443 -0.420648 -1.185107
-0.133296 -0.420648 -1.185107
0.040851 -0.420648 -1.185107
0.214998 -0.420648 -1.185107
-0.481590 -0.246501 -1.185107
-0.307443 -0.246501 -1.185107
-0.133296 -0.246501 -1.185107
0.040851 -0.246501 -1.185107
0.214998 -0.246501 -1.185107
-0.481590 -0.072354 -1.185107
-0.307443 -0.072354 -1.185107
-0.133296 -0.072354 -1.185107
0.040851 -0.072354 -1.185107
0.214998 -0.072354 -1.359254
0.214998 -0.072354 -1.185107
-0.307443 0.101793 -1.359254
-0.133296 0.101793 -1.359254
-0.307443 0.101793 -1.185107
-0.133296 0.101793 -1.185107
0.040851 0.101793 -1.359254
0.040851 0.101793 -1.185107
-0.307443 -0.943088 -1.010960
-0.133296 -0.943088 -1.010960
-0.307443 -0.768941 -1.010960
-0.133296 -0.768941 -1.010960
0.040851 -0.943088 -1.010960
0.040851 -0.768941 -1.010960
-0.307443 -0.594794 -1.010960
-0.133296 -0.594794 -1.010960
0.040851 -0.594794 -1.010960
0.214998 -0.768941 -1.010960
0.214998 -0.594794 -1.010960
-0.481590 -0.594794 -1.010960
-0.481590 -0.420648 -1.010960
-0.307443 -0.420648 -1.010960
-0.133296 -0.420648 -1.010960
0.040851 -0.420648 -1.010960
0.214998 -0.420648 -1.010960
-0.481590 -0.246501 -1.010960
-0.307443 -0.246501 -1.010960
-0.133296 -0.246501 -1.010960
0.040851 -0.246501 -1.010960
0.214998 -0.246501 -1.010960
-0.481590 -0.072354 -1.010960
-0.307443 -0.072354 -1.010960
-0.133296 -0.072354 -1.010960
0.040851 -0.072354 -1.010960
0.214998 -0.072354 -1.010960
-0.307443 0.101793 -1.010960
-0.133296 0.101793 -1.010960
0.040851 0.101793 -1.010960
0.214998 0.101793 -1.185107
0.214998 0.101793 -1.010960
-0.307443 -0.768941 -0.836814
-0.133296 -0.768941 -0.836814
-0.307443 -0.594794 -0.836814
-0.133296 -0.594794 -0.836814
0.040851 -0.768941 -0.836814
0.040851 -0.594794 -0.836814
-0.307443 -0.420648 -0.836814
-0.133296 -0.420648 -0.836814
0.040851 -0.420648 -0.836814
0.214998 -0.594794 -0.836814
0.214998 -0.420648 -0.836814
-0.307443 -0.246501 -0.836814
-0.133296 -0.246501 -0.836814
0.040851 -0.246501 -0.836814
0.214998 -0.246501 -0.836814
-0.307443 -0.072354 -0.836814
-0.133296 -0.072354 -0.836814
0.040851 -0.072354 -0.836814
0.214998 -0.072354 -0.836814
0.389144 -0.246501 -1.010960
0.389144 -0.072354 -1.010960
0.389144 -0.246501 -0.836814
0.389144 -0.072354 -0.836814
-0.307443 0.101793 -0.836814
-0.133296 0.101793 -0.836814
0.040851 0.101793 -0.836814
0.214998 0.101793 -0.836814
0.389144 0.101793 -1.010960
0.389144 0.101793 -0.836814
-0.307443 -0.594794 -0.662667
-0.133296 -0.594794 -0.662667
-0.307443 -0.420648 -0.662667
-0.133296 -0.420648 -0.662667
0.040851 -0.594794 -0.662667
0.040851 -0.420648 -0.662667
0.214998 -0.594794 -0.662667
0.214998 -0.420648 -0.662667
-0.307443 -0.246501 -0.662667
-0.133296 -0.246501 -0.662667
0.040851 -0.246501 -0.662667
0.214998 -0.246501 -0.662667
0.389144 -0.420648 -0.836814
0.389144 -0.420648 -0.662667
0.389144 -0.246501 -0.662667
-0.307443 -0.072354 -0.662667
-0.133296 -0.072354 -0.662667
0.040851 -0.072354 -0.662667
0.214998 -0.072354 -0.662667
0.389144 -0.072354 -0.662667
-0.307443 0.101793 -0.662667
-0.133296 0.101793 -0.662667
0.040851 0.101793 -0.662667
0.214998 0.101793 -0.662667
0.389144 0.101793 -0.662667
-0.133296 -0.594794 -0.488520
0.040851 -0.594794 -0.488520
-0.133296 -0.420648 -0.488520
0.040851 -0.420648 -0.488520
-0.307443 -0.420648 -0.488520
-0.307443 -0.246501 -0.488520
-0.133296 -0.246501 -0.488520
0.040851 -0.246501 -0.488520
0.214998 -0.420648 -0.488520
0.214998 -0.246501 -0.488520
0.389144 -0.420648 -0.488520
0.389144 -0.246501 -0.488520
-0.307443 -0.072354 -0.488520
-0.133296 -0.072354 -0.488520
0.040851 -0.072354 -0.488520
0.214998 -0.072354 -0.488520
0.389144 -0.072354 -0.488520
0.563291 -0.246501 -0.662667
0.563291 -0.072354 -0.662667
0.563291 -0.246501 -0.488520
0.563291 -0.072354 -0.488520
-0.133296 0.101793 -0.488520
0.040851 0.101793 -0.488520
0.214998 0.101793 -0.488520
0.389144 0.101793 -0.488520
0.563291 0.101793 -0.662667
0.563291 0.101793 -0.488520
0.214998 -0.420648 -0.314373
0.389144 -0.420648 -0.314373
0.214998 -0.246501 -0.314373
0.389144 -0.246501 -0.314373
0.040851 -0.246501 -0.314373
0.040851 -0.072354 -0.314373
0.214998 -0.072354 -0.314373
0.389144 -0.072354 -0.314373
0.563291 -0.246501 -0.314373
0.563291 -0.072354 -0.314373
0.214998 0.101793 -0.314373
0.389144 0.101793 -0.314373
0.563291 0.101793 -0.314373

TETRAHEDRA
0 1 3 5
0 3 2 6
0 4 5 6
3 5 7 6
0 5 3 6
1 8 3 5
8 9 3 11
8 3 5 11
8 5 10 11
3 5 11 7
12 2 14 6
12 14 13 16
12 15 6 16
14 6 17 16
12 6 14 16
2 3 14 6
3 18 14 19
3 14 6 19
3 6 7 19
14 6 19 17
3 9 20 11
3 20 18 19
3 7 11 19
20 11 21 19
3 11 20 19
9 22 20 11
22 23 20 25
22 20 11 25
22 11 24 25
20 11 25 21
13 14 26 16
14 27 26 29
14 26 16 29
14 16 17 29
26 16 29 28
14 18 30 19
14 30 27 29
14 17 19 29
30 19 31 29
14 19 30 29
18 20 30 19
20 32 30 33
20 30 19 33
20 19 21 33
30 19 33 31
27 30 34 29
30 35 34 37
30 34 29 37
30 29 31 37
34 29 37 36
30 32 38 33
30 38 35 37
30 31 33 37
38 33 39 37
30 33 38 37
40 4 6 42
40 6 15 43
40 41 42 43
6 42 44 43
40 42 6 43
4 5 6 42
5 7 6 46
5 6 42 46
5 42 45 46
6 42 46 44
5 10 11 47
5 11 7 46
5 45 47 46
11 47 48 46
5 47 11 46
10 49 11 47
49 24 11 51
49 11 47 51
49 47 50 51
11 47 51 48
15 6 16 43
6 17 16 53
6 16 43 53
6 43 44 53
16 43 53 52
6 7 19 46
6 19 17 53
6 44 46 53
19 46 54 53
6 46 19 53
7 11 19 46
11 21 19 55
11 19 46 55
11 46 48 55
19 46 55 54
11 24 25 51
11 25 21 55
11 48 51 55
25 51 56 55
11 51 25 55
16 17 29 53
16 29 28 57
16 52 53 57
29 53 58 57
16 53 29 57
17 19 29 53
19 31 29 59
19 29 53 59
19 53 54 59
29 53 59 58
19 21 33 55
19 33 31 59
19 54 55 59
33 55 60 59
19 55 33 59
21 25 33 55
25 61 33 62
25 33 55 62
25 55 56 62
33 55 62 60
28 29 63 57
29 36 63 65
29 63 57 65
29 57 58 65
63 57 65 64
29 31 37 59
29 37 36 65
29 58 59 65
37 59 66 65
29 59 37 65
31 33 37 59
33 39 37 67
33 37 59 67
33 59 60 67
37 59 67 66
33 61 68 62
33 68 39 67
33 60 62 67
68 62 69 67
33 62 68 67
63 36 71 65
63 71 70 72
63 64 65 72
71 65 73 72
63 65 71 72
36 37 71 65
37 74 71 75
37 71 65 75
37 65 66 75
71 65 75 73
37 39 76 67
37 76 74 75
37 66 67 75
76 67 77 75
37 67 76 75
42 45 46 79
42 46 44 80
42 78 79 80
46 79 81 80
42 79 46 80
45 47 46 79
47 48 46 83
47 46 79 83
47 79 82 83
46 79 83 81
47 50 51 84
47 51 48 83
47 82 84 83
51 84 85 83
47 84 51 83
43 44 53 80
43 53 52 87
43 86 80 87
53 80 88 87
43 80 53 87
44 46 53 80
46 54 53 89
46 53 80 89
46 80 81 89
53 80 89 88
46 48 55 83
46 55 54 89
46 81 83 89
55 83 90 89
46 83 55 89
48 51 55 83
51 56 55 91
51 55 83 91
51 83 85 91
55 83 91 90
52 53 57 87
53 58 57 93
53 57 87 93
53 87 88 93
57 87 93 92
53 54 59 89
53 59 58 93
53 88 89 93
59 89 94 93
53 89 59 93
54 55 59 89
55 60 59 95
55 59 89 95
55 89 90 95
59 89 95 94
55 56 62 91
55 62 60 95
55 90 91 95
62 91 96 95
55 91 62 95
57 58 65 93
57 65 64 97
57 92 93 97
65 93 98 97
57 93 65 97
58 59 65 93
59 66 65 99
59 65 93 99
59 93 94 99
65 93 99 98
59 60 67 95
59 67 66 99
59 94 95 99
67 95 100 99
59 95 67 99
60 62 67 95
62 69 67 101
62 67 95 101
62 95 96 101
67 95 101 100
64 65 72 97
65 73 72 103
65 72 97 103
65 97 98 103
72 97 103 102
65 66 75 99
65 75 73 103
65 98 99 103
75 99 104 103
65 99 75 103
66 67 75 99
67 77 75 105
67 75 99 105
67 99 100 105
75 99 105 104
67 69 106 101
67 106 77 105
67 100 101 105
106 101 107 105
67 101 106 105
73 75 108 103
75 109 108 111
75 108 103 111
75 103 104 111
108 103 111 110
75 77 112 105
75 112 109 111
75 104 105 111
112 105 113 111
75 105 112 111
78 79 80 114
79 81 80 117
79 80 114 117
79 114 115 117
80 114 117 116
79 82 83 118
79 83 81 117
79 115 118 117
83 118 119 117
79 118 83 117
80 81 89 117
80 89 88 120
80 116 117 120
89 117 121 120
80 117 89 120
81 83 89 117
83 90 89 122
83 89 117 122
83 117 119 122
89 117 122 121
83 85 91 123
83 91 90 122
83 119 123 122
91 123 124 122
83 123 91 122
87 88 93 120
87 93 92 126
87 125 120 126
93 120 127 126
87 120 93 126
88 89 93 120
89 94 93 128
89 93 120 128
89 120 121 128
93 120 128 127
89 90 95 122
89 95 94 128
89 121 122 128
95 122 129 128
89 122 95 128
90 91 95 122
91 96 95 130
91 95 122 130
91 122 124 130
95 122 130 129
92 93 97 126
93 98 97 132
93 97 126 132
93 126 127 132
97 126 132 131
93 94 99 128
93 99 98 132
93 127 128 132
99 128 133 132
93 128 99 132
94 95 99 128
95 100 99 134
95 99 128 134
95 128 129 134
99 128 134 133
95 96 101 130
95 101 100 134
95 129 130 134
101 130 135 134
95 130 101 134
97 98 103 132
97 103 102 136
97 131 132 136
103 132 137 136
97 132 103 136
98 99 103 132
99 104 103 138
99 103 132 138
99 132 133 138
103 132 138 137
99 100 105 134
99 105 104 138
99 133 134 138
105 134 139 138
99 134 105 138
100 101 105 134
101 107 105 140
101 105 134 140
101 134 135 140
105 134 140 139
103 104 111 138
103 111 110 141
103 137 138 141
111 138 142 141
103 138 111 141
104 105 111 138
105 113 111 143
105 111 138 143
105 138 139 143
111 138 143 142
105 107 144 140
105 144 113 143
105 139 140 143
144 140 145 143
105 140 144 143
116 117 120 146
117 121 120 149
117 120 146 149
117 146 147 149
120 146 149 148
117 119 122 150
117 122 121 149
117 147 150 149
122 150 151 149
117 150 122 149
120 121 128 149
120 128 127 152
120 148 149 152
128 149 153 152
120 149 128 152
121 122 128 149
122 129 128 154
122 128 149 154
122 149 151 154
128 149 154 153
122 124 130 155
122 130 129 154
122 151 155 154
130 155 156 154
122 155 130 154
127 128 132 152
128 133 132 158
128 132 152 158
128 152 153 158
132 152 158 157
128 129 134 154
128 134 133 158
128 153 154 158
134 154 159 158
128 154 134 158
129 130 134 154
130 135 134 160
130 134 154 160
130 154 156 160
134 154 160 159
132 133 138 158
132 138 137 161
132 157 158 161
138 158 162 161
132 158 138 161
133 134 138 158
134 139 138 163
134 138 158 163
134 158 159 163
138 158 163 162
134 135 140 160
134 140 139 163
134 159 160 163
140 160 164 163
134 160 140 163
135 165 140 160
165 166 140 168
165 140 160 168
165 160 167 168
140 160 168 164
137 138 141 161
138 142 141 170
138 141 161 170
138 161 162 170
141 161 170 169
138 139 143 163
138 143 142 170
138 162 163 170
143 163 171 170
138 163 143 170
139 140 143 163
140 145 143 172
140 143 163 172
140 163 164 172
143 163 172 171
140 166 173 168
140 173 145 172
140 164 168 172
173 168 174 172
140 168 173 172
148 149 152 175
149 153 152 178
149 152 175 178
149 175 176 178
152 175 178 177
149 151 154 179
149 154 153 178
149 176 179 178
154 179 180 178
149 179 154 178
151 155 154 179
155 156 154 182
155 154 179 182
155 179 181 182
154 179 182 180
152 153 158 178
152 158 157 183
152 177 178 183
158 178 184 183
152 178 158 183
153 154 158 178
154 159 158 185
154 158 178 185
154 178 180 185
158 178 185 184
154 156 160 182
154 160 159 185
154 180 182 185
160 182 186 185
154 182 160 185
156 187 160 182
187 167 160 189
187 160 182 189
187 182 188 189
160 182 189 186
157 158 161 183
158 162 161 191
158 161 183 191
158 183 184 191
161 183 191 190
158 159 163 185
158 163 162 191
158 184 185 191
163 185 192 191
158 185 163 191
159 160 163 185
160 164 163 193
160 163 185 193
160 185 186 193
163 185 193 192
160 167 168 189
160 168 164 193
160 186 189 193
168 189 194 193
160 189 168 193
161 162 170 191
161 170 169 195
161 190 191 195
170 191 196 195
161 191 170 195
162 163 170 191
163 171 170 197
163 170 191 197
163 191 192 197
170 191 197 196
163 164 172 193
163 172 171 197
163 192 193 197
172 193 198 197
163 193 172 197
164 168 172 193
168 174 172 199
168 172 193 199
168 193 194 199
172 193 199 198
176 179 178 200
179 180 178 203
179 178 200 203
179 200 201 203
178 200 203 202
177 178 183 204
178 184 183 206
178 183 204 206
178 204 202 206
183 204 206 205
178 180 185 203
178 185 184 206
178 202 203 206
185 203 207 206
178 203 185 206
180 182 185 203
182 186 185 209
182 185 203 209
182 203 208 209
185 203 209 207
182 188 189 210
182 189 186 209
182 208 210 209
189 210 211 209
182 210 189 209
183 184 191 206
183 191 190 212
183 205 206 212
191 206 213 212
183 206 191 212
184 185 191 206
185 192 191 214
185 191 206 214
185 206 207 214
191 206 214 213
185 186 193 209
185 193 192 214
185 207 209 214
193 209 215 214
185 209 193 214
186 189 193 209
189 194 193 216
189 193 209 216
189 209 211 216
193 209 216 215
189 217 218 219
189 218 194 216
189 211 219 216
218 219 220 216
189 219 218 216
191 192 197 214
191 197 196 221
191 213 214 221
197 214 222 221
191 214 197 221
192 193 197 214
193 198 197 223
193 197 214 223
193 214 215 223
197 214 223 222
193 194 199 216
193 199 198 223
193 215 216 223
199 216 224 223
193 216 199 223
194 218 199 216
218 225 199 226
218 199 216 226
218 216 220 226
199 216 226 224
208 210 209 227
210 211 209 230
210 209 227 230
210 227 228 230
209 227 230 229
207 209 214 231
209 215 214 233
209 214 231 233
209 231 229 233
214 231 233 232
209 211 216 230
209 216 215 233
209 229 230 233
216 230 234 233
209 230 216 233
211 219 216 230
219 220 216 236
219 216 230 236
219 230 235 236
216 230 236 234
215 216 223 233
216 224 223 238
216 223 233 238
216 233 234 238
223 233 238 237
216 220 226 236
216 226 224 238
216 234 236 238
226 236 239 238
216 236 226 238

EDGES
0 1
0 2
0 3
0 4
0 5
0 6
1 3
1 5
1 8
2 3
2 6
2 12
2 14
3 5
3 6
3 7
3 8
3 9
3 11
3 14
3 18
3 19
3 20
4 5
4 6
4 40
4 42
5 6
5 7
5 8
5 10
5 11
5 42
5 45
5 46
5 47
6 7
6 12
6 14
6 15
6 16
6 17
6 19
6 40
6 42
6 43
6 44
6 46
6 53
7 11
7 19
7 46
8 9
8 10
8 11
9 11
9 20
9 22
10 11
10 47
10 49
11 19
11 20
11 21
11 22
11 24
11 25
11 46
11 47
11 48
11 49
11 51
11 55
12 13
12 14
12 15
12 16
13 14
13 16
13 26
14 16
14 17
14 18
14 19
14 26
14 27
14 29
14 30
15 16
15 40
15 43
16 17
16 26
16 28
16 29
16 43
16 52
16 53
16 57
17 19
17 29
17 53
18 19
18 20
18 30
19 20
19 21
19 29
19 30
19 31
19 33
19 46
19 53
19 54
19 55
19 59
20 21
20 22
20 23
20 25
20 30
20 32
20 33
21 25
21 33
21 55
22 23
22 24
22 25
23 25
24 25
24 49
24 51
25 33
25 51
25 55
25 56
25 61
25 62
26 27
26 28
26 29
27 29
27 30
27 34
28 29
28 57
28 63
29 30
29 31
29 34
29 36
29 37
29 53
29 57
29 58
29 59
29 63
29 65
30 31
30 32
30 33
30 34
30 35
30 37
30 38
31 33
31 37
31 59
32 33
32 38
33 37
33 38
33 39
33 55
33 59
33 60
33 61
33 62
33 67
33 68
34 35
34 36
34 37
35 37
35 38
36 37
36 63
36 65
36 71
37 38
37 39
37 59
37 65
37 66
37 67
37 71
37 74
37 75
37 76
38 39
39 67
39 68
39 76
40 41
40 42
40 43
41 42
41 43
42 43
42 44
42 45
42 46
42 78
42 79
42 80
43 44
43 52
43 53
43 80
43 86
43 87
44 46
44 53
44 80
45 46
45 47
45 79
46 47
46 48
46 53
46 54
46 55
46 79
46 80
46 81
46 83
46 89
47 48
47 49
47 50
47 51
47 79
47 82
47 83
47 84
48 51
48 55
48 83
49 50
49 51
50 51
50 84
51 55
51 56
51 83
51 84
51 85
51 91
52 53
52 57
52 87
53 54
53 57
53 58
53 59
53 80
53 87
53 88
53 89
53 93
54 55
54 59
54 89
55 56
55 59
55 60
55 62
55 83
55 89
55 90
55 91
55 95
56 62
56 91
57 58
57 63
57 64
57 65
57 87
57 92
57 93
57 97
58 59
58 65
58 93
59 60
59 65
59 66
59 67
59 89
59 93
59 94
59 95
59 99
60 62
60 67
60 95
61 62
61 68
62 67
62 68
62 69
62 91
62 95
62 96
62 101
63 64
63 65
63 70
63 71
63 72
64 65
64 72
64 97
65 66
65 71
65 72
65 73
65 75
65 93
65 97
65 98
65 99
65 103
66 67
66 75
66 99
67 68
67 69
67 75
67 76
67 77
67 95
67 99
67 100
67 101
67 105
67 106
68 69
69 101
69 106
70 71
70 72
71 72
71 73
71 74
71 75
72 73
72 97
72 102
72 103
73 75
73 103
73 108
74 75
74 76
75 76
75 77
75 99
75 103
75 104
75 105
75 108
75 109
75 111
75 112
76 77
77 105
77 106
77 112
78 79
78 80
78 114
79 80
79 81
79 82
79 83
79 114
79 115
79 117
79 118
80 81
80 86
80 87
80 88
80 89
80 114
80 116
80 117
80 120
81 83
81 89
81 117
82 83
82 84
82 118
83 84
83 85
83 89
83 90
83 91
83 117
83 118
83 119
83 122
83 123
84 85
85 91
85 123
86 87
87 88
87 92
87 93
87 120
87 125
87 126
88 89
88 93
88 120
89 90
89 93
89 94
89 95
89 117
89 120
89 121
89 122
89 128
90 91
90 95
90 122
91 95
91 96
91 122
91 123
91 124
91 130
92 93
92 97
92 126
93 94
93 97
93 98
93 99
93 120
93 126
93 127
93 128
93 132
94 95
94 99
94 128
95 96
95 99
95 100
95 101
95 122
95 128
95 129
95 130
95 134
96 101
96 130
97 98
97 102
97 103
97 126
97 131
97 132
97 136
98 99
98 103
98 132
99 100
99 103
99 104
99 105
99 128
99 132
99 133
99 134
99 138
100 101
100 105
100 134
101 105
101 106
101 107
101 130
101 134
101 135
101 140
102 103
102 136
103 104
103 108
103 110
103 111
103 132
103 136
103 137
103 138
103 141
104 105
104 111
104 138
105 106
105 107
105 111
105 112
105 113
105 134
105 138
105 139
105 140
105 143
105 144
106 107
107 140
107 144
108 109
108 110
108 111
109 111
109 112
110 111
110 141
111 112
111 113
111 138
111 141
111 142
111 143
112 113
113 143
113 144
114 115
114 116
114 117
115 117
115 118
116 117
116 120
116 146
117 118
117 119
117 120
117 121
117 122
117 146
117 147
117 149
117 150
118 119
119 122
119 123
119 150
120 121
120 125
120 126
120 127
120 128
120 146
120 148
120 149
120 152
121 122
121 128
121 149
122 123
122 124
122 128
122 129
122 130
122 149
122 150
122 151
122 154
122 155
123 124
124 130
124 155
125 126
126 127
126 131
126 132
127 128
127 132
127 152
128 129
128 132
128 133
128 134
128 149
128 152
128 153
128 154
128 158
129 130
129 134
129 154
130 134
130 135
130 154
130 155
130 156
130 160
131 132
131 136
132 133
132 136
132 137
132 138
132 152
132 157
132 158
132 161
133 134
133 138
133 158
134 135
134 138
134 139
134 140
134 154
134 158
134 159
134 160
134 163
135 140
135 160
135 165
136 137
137 138
137 141
137 161
138 139
138 141
138 142
138 143
138 158
138 161
138 162
138 163
138 170
139 140
139 143
139 163
140 143
140 144
140 145
140 160
140 163
140 164
140 165
140 166
140 168
140 172
140 173
141 142
141 161
141 169
141 170
142 143
142 170
143 144
143 145
143 163
143 170
143 171
143 172
144 145
145 172
145 173
146 147
146 148
146 149
147 149
147 150
148 149
148 152
148 175
149 150
149 151
149 152
149 153
149 154
149 175
149 176
149 178
149 179
150 151
151 154
151 155
151 179
152 153
152 157
152 158
152 175
152 177
152 178
152 183
153 154
153 158
153 178
154 155
154 156
154 158
154 159
154 160
154 178
154 179
154 180
154 182
154 185
155 156
155 179
155 181
155 182
156 160
156 182
156 187
157 158
157 161
157 183
158 159
158 161
158 162
158 163
158 178
158 183
158 184
158 185
158 191
159 160
159 163
159 185
160 163
160 164
160 165
160 167
160 168
160 182
160 185
160 186
160 187
160 189
160 193
161 162
161 169
161 170
161 183
161 190
161 191
161 195
162 163
162 170
162 191
163 164
163 170
163 171
163 172
163 185
163 191
163 192
163 193
163 197
164 168
164 172
164 193
165 166
165 167
165 168
166 168
166 173
167 168
167 187
167 189
168 172
168 173
168 174
168 189
168 193
168 194
168 199
169 170
169 195
170 171
170 191
170 195
170 196
170 197
171 172
171 197
172 173
172 174
172 193
172 197
172 198
172 199
173 174
174 199
175 176
175 177
175 178
176 178
176 179
176 200
177 178
177 183
177 204
178 179
178 180
178 183
178 184
178 185
178 200
178 202
178 203
178 204
178 206
179 180
179 181
179 182
179 200
179 201
179 203
180 182
180 185
180 203
181 182
182 185
182 186
182 187
182 188
182 189
182 203
182 208
182 209
182 210
183 184
183 190
183 191
183 204
183 205
183 206
183 212
184 185
184 191
184 206
185 186
185 191
185 192
185 193
185 203
185 206
185 207
185 209
185 214
186 189
186 193
186 209
187 188
187 189
188 189
188 210
189 193
189 194
189 209
189 210
189 211
189 216
189 217
189 218
189 219
190 191
190 195
190 212
191 192
191 195
191 196
191 197
191 206
191 212
191 213
191 214
191 221
192 193
192 197
192 214
193 194
193 197
193 198
193 199
193 209
193 214
193 215
193 216
193 223
194 199
194 216
194 218
195 196
196 197
196 221
197 198
197 214
197 221
197 222
197 223
198 199
198 223
199 216
199 218
199 223
199 224
199 225
199 226
200 201
200 202
200 203
201 203
202 203
202 204
202 206
203 206
203 207
203 208
203 209
204 205
204 206
205 206
205 212
206 207
206 212
206 213
206 214
207 209
207 214
207 231
208 209
208 210
208 227
209 210
209 211
209 214
209 215
209 216
209 227
209 229
209 230
209 231
209 233
210 211
210 227
210 228
210 230
211 216
211 219
211 230
212 213
213 214
213 221
214 215
214 221
214 222
214 223
214 231
214 232
214 233
215 216
215 223
215 233
216 218
216 219
216 220
216 223
216 224
216 226
216 230
216 233
216 234
216 236
216 238
217 218
217 219
218 219
218 220
218 225
218 226
219 220
219 230
219 235
219 236
220 226
220 236
221 222
222 223
223 224
223 233
223 237
223 238
224 226
224 238
225 226
226 236
226 238
226 239
227 228
227 229
227 230
228 230
229 230
229 231
229 233
230 233
230 234
230 235
230 236
231 232
231 233
232 233
233 234
233 237
233 238
234 236
234 238
235 236
236 238
236 239
237 238
238 239

SURFACE_TRIANGLES
236 239 238
226 239 236
234 236 238
223 233 237
233 234 238
215 233 223
230 236 234
230 235 236
219 236 235
211 219 230
230 234 233
229 233 231
209 229 231
214 233 215
207 231 214
207 209 231
227 230 229
218 226 220
199 226 225
218 225 226
224 238 226
199 225 218
199 223 224
197 222 223
197 223 198
214 222 221
197 221 222
213 214 221
196 221 197
191 221 196
189 219 211
189 218 217
206 214 213
183 205 212
190 212 191
183 212 190
189 211 210
182 210 208
203 209 207
189 217 219
180 182 203
202 203 206
204 206 205
183 204 205
202 206 204
178 202 204
200 203 202
178 200 202
179 201 200
179 180 203
176 200 178
176 179 200
172 198 199
168 199 194
220 226 236
172 199 174
171 197 172
191 196 195
170 195 196
190 191 195
161 190 195
161 195 169
168 194 189
167 168 189
199 224 226
2 6 12
182 188 210
107 144 140
143 171 172
20 32 33
177 204 183
214 215 223
56 62 91
0 5 4
203 207 206
51 91 85
75 108 109
12 15 16
21 33 25
52 87 57
87 125 126
92 126 97
47 50 84
113 143 144
80 88 87
191 212 213
36 63 71
43 87 52
30 35 38
80 114 116
82 84 83
42 78 80
42 79 78
42 45 79
75 77 76
67 76 77
61 68 62
74 75 76
116 146 120
39 76 67
71 73 75
189 194 218
71 75 74
37 71 74
10 11 49
141 170 142
148 149 175
63 72 70
63 70 71
57 97 64
43 86 87
11 24 49
223 238 224
33 39 68
79 82 118
12 16 13
126 132 131
188 189 210
149 151 179
29 63 36
28 63 29
179 182 180
25 62 56
24 51 49
62 96 91
103 110 108
210 230 228
4 40 6
182 208 203
43 44 80
214 231 232
83 84 85
6 15 12
172 197 198
50 51 84
15 40 43
206 213 212
131 132 136
97 131 136
79 115 114
20 21 25
67 106 69
172 174 173
15 43 16
115 118 117
22 25 24
29 36 34
22 23 25
9 20 22
42 80 44
62 101 96
149 176 175
57 92 97
152 183 157
9 22 11
33 68 61
5 10 47
51 85 84
233 238 237
151 155 179
20 25 23
143 145 144
5 45 42
71 72 73
72 97 102
11 22 24
191 213 221
25 61 62
219 235 230
37 74 76
2 14 3
25 33 61
3 20 9
5 8 10
149 150 151
83 85 123
210 228 227
147 150 149
8 9 11
70 72 71
0 1 5
117 119 150
160 165 167
79 118 115
122 123 124
34 37 35
73 108 75
5 47 45
75 109 112
110 141 111
0 4 6
20 33 21
1 3 8
2 12 14
18 30 20
16 57 28
13 16 26
0 6 2
14 30 18
3 9 8
1 8 5
57 64 63
0 2 3
187 189 188
177 178 204
0 3 1
120 126 125
214 223 222
43 80 86
80 120 88
77 112 105
57 87 92
14 26 27
80 87 86
40 41 43
30 38 32
67 69 68
30 34 35
4 5 42
8 11 10
146 149 148
14 27 30
26 29 27
101 107 140
160 167 187
3 14 18
27 29 34
3 18 20
12 13 14
47 49 50
37 76 39
132 157 161
156 160 187
219 220 236
179 203 201
32 38 33
35 37 38
37 39 38
40 42 41
36 71 37
73 103 108
41 42 43
42 44 43
47 82 79
223 237 238
168 174 199
127 152 132
20 30 32
47 84 82
10 49 47
26 28 29
13 26 14
69 106 101
152 175 177
25 56 51
141 169 170
108 110 111
105 113 144
33 38 39
209 227 229
227 228 230
24 25 51
4 42 40
20 23 22
111 141 142
140 166 165
149 179 176
16 52 57
80 116 120
130 135 160
77 105 106
101 106 107
105 107 106
198 223 199
108 111 109
105 112 113
109 111 112
229 230 233
78 79 114
78 114 80
218 220 219
132 152 157
114 115 117
114 117 116
82 83 118
194 199 218
205 206 212
83 119 118
226 238 239
155 181 179
67 77 106
231 233 232
117 118 119
170 196 197
16 43 52
85 91 123
83 123 119
119 123 122
91 124 123
87 88 120
87 126 92
130 156 155
87 120 125
120 127 126
208 210 227
170 197 171
75 112 77
102 136 103
203 208 209
101 140 135
91 96 130
91 130 124
51 56 91
145 172 173
28 57 63
126 127 132
97 126 131
200 201 203
210 211 230
96 101 130
62 69 101
101 135 130
97 136 102
130 160 156
103 136 137
146 147 149
16 28 26
217 218 219
111 113 112
103 141 110
103 137 141
111 143 113
111 142 143
140 144 145
116 117 146
117 147 146
169 195 170
119 122 150
117 150 147
122 151 150
120 152 127
120 148 152
64 97 72
122 124 155
120 146 148
63 64 72
124 130 155
122 155 151
161 183 190
143 170 171
206 207 214
214 232 233
141 161 169
132 161 137
135 140 165
49 51 50
135 165 160
165 166 168
72 103 73
165 168 167
142 170 143
132 137 136
182 187 188
143 172 145
34 36 37
175 178 177
140 173 166
166 173 168
140 145 173
45 47 79
168 173 174
27 34 30
137 161 141
148 175 152
156 187 182
175 176 178
105 144 107
208 227 209
72 102 103
155 156 182
6 40 15
155 182 181
39 67 68
179 181 182
152 177 183
62 68 69
167 189 187
157 183 161
