# Voxel-based tetrahedral mesh
# Grid: 10×10×10
# Voxels inside mesh: 122
# Voxels removed: 878 (2 iterations)
# Vertices: 262
# Tetrahedra: 610

VERTICES
-2.175493 -0.874738 -0.550247
-1.473421 -0.874738 -0.550247
-1.473421 -0.331442 -0.550247
-2.175493 -0.331442 -0.550247
-2.175493 -0.874738 0.034467
-1.473421 -0.874738 0.034467
-1.473421 -0.331442 0.034467
-2.175493 -0.331442 0.034467
-2.175493 -0.874738 0.619180
-1.473421 -0.874738 0.619180
-1.473421 -0.331442 0.619180
-2.175493 -0.331442 0.619180
-2.175493 -0.331442 -1.134960
-1.473421 -0.331442 -1.134960
-1.473421 0.211855 -1.134960
-2.175493 0.211855 -1.134960
-1.473421 0.211855 -0.550247
-2.175493 0.211855 -0.550247
-1.473421 0.211855 0.034467
-2.175493 0.211855 0.034467
-1.473421 0.211855 0.619180
-2.175493 0.211855 0.619180
-2.175493 0.211855 -1.719673
-1.473421 0.211855 -1.719673
-1.473421 0.755151 -1.719673
-2.175493 0.755151 -1.719673
-1.473421 0.755151 -1.134960
-2.175493 0.755151 -1.134960
-1.473421 0.755151 -0.550247
-2.175493 0.755151 -0.550247
-1.473421 0.755151 0.034467
-2.175493 0.755151 0.034467
-1.473421 0.755151 0.619180
-2.175493 0.755151 0.619180
-1.473421 1.298447 -1.719673
-2.175493 1.298447 -1.719673
-1.473421 1.298447 -1.134960
-2.175493 1.298447 -1.134960
-1.473421 1.298447 -0.550247
-2.175493 1.298447 -0.550247
-1.473421 1.298447 0.034467
-2.175493 1.298447 0.034467
-1.473421 1.298447 0.619180
-2.175493 1.298447 0.619180
-1.473421 1.841743 -1.134960
-2.175493 1.841743 -1.134960
-1.473421 1.841743 -0.550247
-2.175493 1.841743 -0.550247
-1.473421 1.841743 0.034467
-2.175493 1.841743 0.034467
-1.473421 -1.418034 -1.134960
-0.771350 -1.418034 -1.134960
-0.771350 -0.874738 -1.134960
-1.473421 -0.874738 -1.134960
-1.473421 -1.418034 -0.550247
-0.771350 -1.418034 -0.550247
-0.771350 -0.874738 -0.550247
-1.473421 -1.418034 0.034467
-0.771350 -1.418034 0.034467
-0.771350 -0.874738 0.034467
-1.473421 -1.418034 0.619180
-0.771350 -1.418034 0.619180
-0.771350 -0.874738 0.619180
-1.473421 -0.874738 -2.304386
-0.771350 -0.874738 -2.304386
-0.771350 -0.331442 -2.304386
-1.473421 -0.331442 -2.304386
-1.473421 -0.874738 -1.719673
-0.771350 -0.874738 -1.719673
-0.771350 -0.331442 -1.719673
-1.473421 -0.331442 -1.719673
-0.771350 -0.331442 -1.134960
-0.771350 -0.331442 -0.550247
-0.771350 -0.331442 0.034467
-0.771350 -0.331442 0.619180
-1.473421 -0.874738 1.203893
-0.771350 -0.874738 1.203893
-0.771350 -0.331442 1.203893
-1.473421 -0.331442 1.203893
-0.771350 0.211855 -2.304386
-1.473421 0.211855 -2.304386
-0.771350 0.211855 -1.719673
-0.771350 0.211855 -1.134960
-0.771350 0.211855 -0.550247
-0.771350 0.211855 0.034467
-0.771350 0.211855 0.619180
-0.771350 0.211855 1.203893
-1.473421 0.211855 1.203893
-0.771350 0.755151 -2.304386
-1.473421 0.755151 -2.304386
-0.771350 0.755151 -1.719673
-0.771350 0.755151 -1.134960
-0.771350 0.755151 -0.550247
-0.771350 0.755151 0.034467
-0.771350 0.755151 0.619180
-0.771350 0.755151 1.203893
-1.473421 0.755151 1.203893
-0.771350 1.298447 -2.304386
-1.473421 1.298447 -2.304386
-0.771350 1.298447 -1.719673
-0.771350 1.298447 -1.134960
-0.771350 1.298447 -0.550247
-0.771350 1.298447 0.034467
-0.771350 1.298447 0.619180
-0.771350 1.298447 1.203893
-1.473421 1.298447 1.203893
-0.771350 1.841743 -1.719673
-1.473421 1.841743 -1.719673
-0.771350 1.841743 -1.134960
-0.771350 1.841743 -0.550247
-0.771350 1.841743 0.034467
-0.771350 1.841743 0.619180
-1.473421 1.841743 0.619180
-0.771350 2.385039 -1.134960
-1.473421 2.385039 -1.134960
-0.771350 2.385039 -0.550247
-1.473421 2.385039 -0.550247
-0.771350 2.385039 0.034467
-1.473421 2.385039 0.034467
-0.771350 -1.961330 -0.550247
-0.069278 -1.961330 -0.550247
-0.069278 -1.418034 -0.550247
-0.771350 -1.961330 0.034467
-0.069278 -1.961330 0.034467
-0.069278 -1.418034 0.034467
-0.771350 -1.961330 0.619180
-0.069278 -1.961330 0.619180
-0.069278 -1.418034 0.619180
-0.771350 -1.418034 -1.719673
-0.069278 -1.418034 -1.719673
-0.069278 -0.874738 -1.719673
-0.069278 -1.418034 -1.134960
-0.069278 -0.874738 -1.134960
-0.069278 -0.874738 -0.550247
-0.069278 -0.874738 0.034467
-0.069278 -0.874738 0.619180
-0.771350 -1.418034 1.203893
-0.069278 -1.418034 1.203893
-0.069278 -0.874738 1.203893
-0.069278 -0.331442 -1.134960
-0.069278 -0.331442 -0.550247
-0.069278 -0.331442 0.034467
-0.069278 -0.331442 0.619180
-0.069278 -0.331442 1.203893
-0.069278 0.211855 -1.134960
-0.069278 0.211855 -0.550247
-0.069278 0.211855 0.034467
-0.069278 0.211855 0.619180
-0.069278 0.211855 1.203893
-0.771350 -0.331442 1.788606
-0.069278 -0.331442 1.788606
-0.069278 0.211855 1.788606
-0.771350 0.211855 1.788606
-0.069278 0.211855 -1.719673
-0.069278 0.755151 -1.719673
-0.069278 0.755151 -1.134960
-0.069278 0.755151 -0.550247
-0.069278 0.755151 0.034467
-0.069278 0.755151 0.619180
-0.069278 0.755151 1.203893
-0.069278 1.298447 -1.134960
-0.069278 1.298447 -0.550247
-0.069278 1.298447 0.034467
-0.069278 1.298447 0.619180
-0.069278 1.298447 1.203893
-0.069278 1.841743 -0.550247
-0.069278 1.841743 0.034467
-0.069278 1.841743 0.619180
-0.069278 2.385039 -0.550247
-0.069278 2.385039 0.034467
-0.069278 2.385039 0.619180
-0.771350 2.385039 0.619180
0.632794 -1.961330 -0.550247
0.632794 -1.418034 -0.550247
0.632794 -1.961330 0.034467
0.632794 -1.418034 0.034467
0.632794 -1.961330 0.619180
0.632794 -1.418034 0.619180
0.632794 -0.874738 -0.550247
0.632794 -0.874738 0.034467
0.632794 -0.874738 0.619180
0.632794 -1.418034 1.203893
0.632794 -0.874738 1.203893
0.632794 -0.331442 -0.550247
0.632794 -0.331442 0.034467
0.632794 -0.331442 0.619180
0.632794 -0.331442 1.203893
-0.069278 -0.874738 1.788606
0.632794 -0.874738 1.788606
0.632794 -0.331442 1.788606
0.632794 0.211855 0.034467
0.632794 0.211855 0.619180
0.632794 0.211855 1.203893
0.632794 0.211855 1.788606
0.632794 0.211855 -1.134960
0.632794 0.755151 -1.134960
0.632794 0.211855 -0.550247
0.632794 0.755151 -0.550247
0.632794 0.755151 0.034467
0.632794 0.755151 0.619180
0.632794 0.755151 1.203893
0.632794 1.298447 -0.550247
0.632794 1.298447 0.034467
0.632794 1.298447 0.619180
0.632794 1.298447 1.203893
0.632794 1.841743 0.034467
0.632794 1.841743 0.619180
1.334865 -1.418034 0.034467
1.334865 -0.874738 0.034467
1.334865 -1.418034 0.619180
1.334865 -0.874738 0.619180
1.334865 -1.418034 1.203893
1.334865 -0.874738 1.203893
1.334865 -0.331442 0.034467
1.334865 -0.331442 0.619180
1.334865 -0.331442 1.203893
1.334865 -0.874738 1.788606
1.334865 -0.331442 1.788606
1.334865 0.211855 0.034467
1.334865 0.211855 0.619180
1.334865 0.211855 1.203893
1.334865 0.211855 1.788606
1.334865 0.211855 -0.550247
1.334865 0.755151 -0.550247
1.334865 0.755151 0.034467
1.334865 0.755151 0.619180
1.334865 0.755151 1.203893
2.036937 -1.418034 0.619180
2.036937 -0.874738 0.619180
2.036937 -1.418034 1.203893
2.036937 -0.874738 1.203893
1.334865 -1.418034 1.788606
2.036937 -1.418034 1.788606
2.036937 -0.874738 1.788606
2.036937 -0.331442 0.619180
2.036937 -0.331442 1.203893
2.036937 -0.331442 1.788606
2.036937 0.211855 0.619180
2.036937 0.211855 1.203893
2.036937 0.211855 1.788606
2.036937 0.755151 0.619180
2.036937 0.755151 1.203893
2.739008 -1.418034 0.619180
2.739008 -0.874738 0.619180
2.739008 -1.418034 1.203893
2.739008 -0.874738 1.203893
2.739008 -0.331442 0.619180
2.739008 -0.331442 1.203893
2.739008 0.211855 0.619180
2.739008 0.211855 1.203893
3.441080 -1.418034 0.619180
3.441080 -0.874738 0.619180
3.441080 -1.418034 1.203893
3.441080 -0.874738 1.203893
3.441080 -0.331442 0.619180
3.441080 -0.331442 1.203893
3.441080 0.211855 0.619180
3.441080 0.211855 1.203893
3.441080 0.755151 0.619180
2.739008 0.755151 0.619180
3.441080 0.755151 1.203893
2.739008 0.755151 1.203893

TETRAHEDRA
0 1 2 5
0 2 3 7
0 4 5 7
2 5 6 7
0 5 2 7
4 5 7 8
5 6 7 10
5 7 8 10
5 8 9 10
7 8 10 11
12 13 14 2
12 14 15 17
12 3 2 17
14 2 16 17
12 2 14 17
3 2 17 7
2 16 17 18
2 17 7 18
2 7 6 18
17 7 18 19
7 6 18 10
7 18 19 21
7 11 10 21
18 10 20 21
7 10 18 21
22 23 24 14
22 24 25 27
22 15 14 27
24 14 26 27
22 14 24 27
15 14 27 17
14 26 27 28
14 27 17 28
14 17 16 28
27 17 28 29
17 16 28 18
17 28 29 31
17 19 18 31
28 18 30 31
17 18 28 31
19 18 31 21
18 30 31 32
18 31 21 32
18 21 20 32
31 21 32 33
25 24 35 27
24 34 35 36
24 35 27 36
24 27 26 36
35 27 36 37
27 26 36 28
27 36 37 39
27 29 28 39
36 28 38 39
27 28 36 39
29 28 39 31
28 38 39 40
28 39 31 40
28 31 30 40
39 31 40 41
31 30 40 32
31 40 41 43
31 33 32 43
40 32 42 43
31 32 40 43
37 36 45 39
36 44 45 46
36 45 39 46
36 39 38 46
45 39 46 47
39 38 46 40
39 46 47 49
39 41 40 49
46 40 48 49
39 40 46 49
50 51 53 54
51 52 53 56
51 53 54 56
51 54 55 56
53 54 56 1
54 55 56 58
54 56 1 5
54 57 58 5
56 58 59 5
54 58 56 5
57 58 5 60
58 59 5 62
58 5 60 62
58 60 61 62
5 60 62 9
63 64 65 68
63 65 66 70
63 67 68 70
65 68 69 70
63 68 65 70
67 68 70 53
68 69 70 71
68 70 53 71
68 53 52 71
70 53 71 13
53 52 71 56
53 71 13 2
53 1 56 2
71 56 72 2
53 56 71 2
1 56 2 5
56 72 2 73
56 2 5 73
56 5 59 73
2 5 73 6
5 59 73 62
5 73 6 10
5 9 62 10
73 62 74 10
5 62 73 10
9 62 10 75
62 74 10 77
62 10 75 77
62 75 76 77
10 75 77 78
66 65 80 70
65 79 80 81
65 80 70 81
65 70 69 81
80 70 81 23
70 69 81 71
70 81 23 14
70 13 71 14
81 71 82 14
70 71 81 14
13 71 14 2
71 82 14 83
71 14 2 83
71 2 72 83
14 2 83 16
2 72 83 73
2 83 16 18
2 6 73 18
83 73 84 18
2 73 83 18
6 73 18 10
73 84 18 85
73 18 10 85
73 10 74 85
18 10 85 20
10 74 85 77
10 85 20 87
10 78 77 87
85 77 86 87
10 77 85 87
80 79 88 81
80 88 89 24
80 23 81 24
88 81 90 24
80 81 88 24
23 81 24 14
81 90 24 91
81 24 14 91
81 14 82 91
24 14 91 26
14 82 91 83
14 91 26 28
14 16 83 28
91 83 92 28
14 83 91 28
16 83 28 18
83 92 28 93
83 28 18 93
83 18 84 93
28 18 93 30
18 84 93 85
18 93 30 32
18 20 85 32
93 85 94 32
18 85 93 32
20 85 32 87
85 94 32 95
85 32 87 95
85 87 86 95
32 87 95 96
89 88 98 24
88 97 98 99
88 98 24 99
88 24 90 99
98 24 99 34
24 90 99 91
24 99 34 36
24 26 91 36
99 91 100 36
24 91 99 36
26 91 36 28
91 100 36 101
91 36 28 101
91 28 92 101
36 28 101 38
28 92 101 93
28 101 38 40
28 30 93 40
101 93 102 40
28 93 101 40
30 93 40 32
93 102 40 103
93 40 32 103
93 32 94 103
40 32 103 42
32 94 103 95
32 103 42 105
32 96 95 105
103 95 104 105
32 95 103 105
34 99 107 36
99 106 107 108
99 107 36 108
99 36 100 108
107 36 108 44
36 100 108 101
36 108 44 46
36 38 101 46
108 101 109 46
36 101 108 46
38 101 46 40
101 109 46 110
101 46 40 110
101 40 102 110
46 40 110 48
40 102 110 103
40 110 48 112
40 42 103 112
110 103 111 112
40 103 110 112
44 108 114 46
108 113 114 115
108 114 46 115
108 46 109 115
114 46 115 116
46 109 115 110
46 115 116 118
46 48 110 118
115 110 117 118
46 110 115 118
119 120 121 123
119 121 55 58
119 122 123 58
121 123 124 58
119 123 121 58
122 123 58 125
123 124 58 127
123 58 125 127
123 125 126 127
58 125 127 61
128 129 68 51
129 130 68 132
129 68 51 132
129 51 131 132
68 51 132 52
51 131 132 121
51 132 52 56
51 55 121 56
132 121 133 56
51 121 132 56
55 121 56 58
121 133 56 134
121 56 58 134
121 58 124 134
56 58 134 59
58 124 134 127
58 134 59 62
58 61 127 62
134 127 135 62
58 127 134 62
61 127 62 136
127 135 62 138
127 62 136 138
127 136 137 138
62 136 138 76
52 132 71 56
132 139 71 140
132 71 56 140
132 56 133 140
71 56 140 72
56 133 140 134
56 140 72 73
56 59 134 73
140 134 141 73
56 134 140 73
59 134 73 62
134 141 73 142
134 73 62 142
134 62 135 142
73 62 142 74
62 135 142 138
62 142 74 77
62 76 138 77
142 138 143 77
62 138 142 77
71 139 144 140
71 144 82 83
71 72 140 83
144 140 145 83
71 140 144 83
72 140 83 73
140 145 83 146
140 83 73 146
140 73 141 146
83 73 146 84
73 141 146 142
73 146 84 85
73 74 142 85
146 142 147 85
73 142 146 85
74 142 85 77
142 147 85 148
142 85 77 148
142 77 143 148
85 77 148 86
77 143 148 150
77 148 86 152
77 149 150 152
148 150 151 152
77 150 148 152
81 153 154 144
81 154 90 91
81 82 144 91
154 144 155 91
81 144 154 91
82 144 91 83
144 155 91 156
144 91 83 156
144 83 145 156
91 83 156 92
83 145 156 146
83 156 92 93
83 84 146 93
156 146 157 93
83 146 156 93
84 146 93 85
146 157 93 158
146 93 85 158
146 85 147 158
93 85 158 94
85 147 158 148
85 158 94 95
85 86 148 95
158 148 159 95
85 148 158 95
91 155 160 156
91 160 100 101
91 92 156 101
160 156 161 101
91 156 160 101
92 156 101 93
156 161 101 162
156 101 93 162
156 93 157 162
101 93 162 102
93 157 162 158
93 162 102 103
93 94 158 103
162 158 163 103
93 158 162 103
94 158 103 95
158 163 103 164
158 103 95 164
158 95 159 164
103 95 164 104
101 161 165 162
101 165 109 110
101 102 162 110
165 162 166 110
101 162 165 110
102 162 110 103
162 166 110 167
162 110 103 167
162 103 163 167
110 103 167 111
109 165 115 110
165 168 115 169
165 115 110 169
165 110 166 169
115 110 169 117
110 166 169 167
110 169 117 171
110 111 167 171
169 167 170 171
110 167 169 171
120 172 121 123
172 173 121 175
172 121 123 175
172 123 174 175
121 123 175 124
123 174 175 176
123 175 124 127
123 126 176 127
175 176 177 127
123 176 175 127
121 173 178 175
121 178 133 134
121 124 175 134
178 175 179 134
121 175 178 134
124 175 134 127
175 179 134 180
175 134 127 180
175 127 177 180
134 127 180 135
127 177 180 181
127 180 135 138
127 137 181 138
180 181 182 138
127 181 180 138
133 178 140 134
178 183 140 184
178 140 134 184
178 134 179 184
140 134 184 141
134 179 184 180
134 184 141 142
134 135 180 142
184 180 185 142
134 180 184 142
135 180 142 138
180 185 142 186
180 142 138 186
180 138 182 186
142 138 186 143
138 182 186 188
138 186 143 150
138 187 188 150
186 188 189 150
138 188 186 150
141 184 146 142
184 190 146 191
184 146 142 191
184 142 185 191
146 142 191 147
142 185 191 186
142 191 147 148
142 143 186 148
191 186 192 148
142 186 191 148
143 186 148 150
186 192 148 193
186 148 150 193
186 150 189 193
148 150 193 151
144 194 195 196
144 195 155 156
144 145 196 156
195 196 197 156
144 196 195 156
145 196 156 146
196 197 156 198
196 156 146 198
196 146 190 198
156 146 198 157
146 190 198 191
146 198 157 158
146 147 191 158
198 191 199 158
146 191 198 158
147 191 158 148
191 199 158 200
191 158 148 200
191 148 192 200
158 148 200 159
156 197 201 198
156 201 161 162
156 157 198 162
201 198 202 162
156 198 201 162
157 198 162 158
198 202 162 203
198 162 158 203
198 158 199 203
162 158 203 163
158 199 203 200
158 203 163 164
158 159 200 164
203 200 204 164
158 200 203 164
162 202 205 203
162 205 166 167
162 163 203 167
205 203 206 167
162 203 205 167
175 207 208 209
175 208 179 180
175 177 209 180
208 209 210 180
175 209 208 180
177 209 180 181
209 210 180 212
209 180 181 212
209 181 211 212
180 181 212 182
179 208 184 180
208 213 184 214
208 184 180 214
208 180 210 214
184 180 214 185
180 210 214 212
180 214 185 186
180 182 212 186
214 212 215 186
180 212 214 186
182 212 186 188
212 215 186 217
212 186 188 217
212 188 216 217
186 188 217 189
184 213 218 214
184 218 190 191
184 185 214 191
218 214 219 191
184 214 218 191
185 214 191 186
214 219 191 220
214 191 186 220
214 186 215 220
191 186 220 192
186 215 220 217
186 220 192 193
186 189 217 193
220 217 221 193
186 217 220 193
196 222 223 218
196 223 197 198
196 190 218 198
223 218 224 198
196 218 223 198
190 218 198 191
218 224 198 225
218 198 191 225
218 191 219 225
198 191 225 199
191 219 225 220
191 225 199 200
191 192 220 200
225 220 226 200
191 220 225 200
209 227 228 229
209 228 210 212
209 211 229 212
228 229 230 212
209 229 228 212
211 229 212 231
229 230 212 233
229 212 231 233
229 231 232 233
212 231 233 216
210 228 214 212
228 234 214 235
228 214 212 235
228 212 230 235
214 212 235 215
212 230 235 233
212 235 215 217
212 216 233 217
235 233 236 217
212 233 235 217
214 234 237 235
214 237 219 220
214 215 235 220
237 235 238 220
214 235 237 220
215 235 220 217
235 238 220 239
235 220 217 239
235 217 236 239
220 217 239 221
219 237 225 220
237 240 225 241
237 225 220 241
237 220 238 241
225 220 241 226
227 242 228 229
242 243 228 245
242 228 229 245
242 229 244 245
228 229 245 230
228 243 246 245
228 246 234 235
228 230 245 235
246 245 247 235
228 245 246 235
234 246 237 235
246 248 237 249
246 237 235 249
246 235 247 249
237 235 249 238
242 250 251 252
242 251 243 245
242 244 252 245
251 252 253 245
242 252 251 245
243 251 246 245
251 254 246 255
251 246 245 255
251 245 253 255
246 245 255 247
246 254 256 255
246 256 248 249
246 247 255 249
256 255 257 249
246 255 256 249
248 256 259 249
256 258 259 260
256 259 249 260
256 249 257 260
259 249 260 261

EDGES
0 1
0 2
0 5
1 2
1 5
2 5
0 3
0 7
2 3
2 7
3 7
0 4
4 5
4 7
5 7
2 6
5 6
6 7
4 8
5 8
7 8
5 10
6 10
7 10
8 10
5 9
8 9
9 10
7 11
8 11
10 11
12 13
12 14
2 12
13 14
2 13
2 14
12 15
12 17
14 15
14 17
15 17
3 12
3 17
2 17
14 16
2 16
16 17
7 17
2 18
16 18
17 18
7 18
6 18
17 19
7 19
18 19
10 18
7 21
18 21
19 21
11 21
10 21
18 20
10 20
20 21
22 23
22 24
14 22
23 24
14 23
14 24
22 25
22 27
24 25
24 27
25 27
15 22
15 27
14 27
24 26
14 26
26 27
17 27
14 28
26 28
27 28
17 28
16 28
27 29
17 29
28 29
18 28
17 31
28 31
29 31
19 31
18 31
28 30
18 30
30 31
21 31
18 32
30 32
31 32
21 32
20 32
31 33
21 33
32 33
25 35
24 35
27 35
24 34
24 36
34 35
34 36
35 36
27 36
26 36
35 37
27 37
36 37
28 36
27 39
36 39
37 39
29 39
28 39
36 38
28 38
38 39
31 39
28 40
38 40
39 40
31 40
30 40
39 41
31 41
40 41
32 40
31 43
40 43
41 43
33 43
32 43
40 42
32 42
42 43
37 45
36 45
39 45
36 44
36 46
44 45
44 46
45 46
39 46
38 46
45 47
39 47
46 47
40 46
39 49
46 49
47 49
41 49
40 49
46 48
40 48
48 49
50 51
50 53
50 54
51 53
51 54
53 54
51 52
51 56
52 53
52 56
53 56
54 56
51 55
54 55
55 56
1 53
1 54
1 56
54 58
55 58
56 58
5 54
5 56
54 57
57 58
5 57
5 58
56 59
58 59
5 59
57 60
58 60
5 60
58 62
59 62
5 62
60 62
58 61
60 61
61 62
9 60
9 62
63 64
63 65
63 68
64 65
64 68
65 68
63 66
63 70
65 66
65 70
66 70
63 67
67 68
67 70
68 70
65 69
68 69
69 70
53 67
53 68
53 70
68 71
69 71
70 71
53 71
52 68
52 71
13 70
13 53
13 71
56 71
2 53
2 71
2 56
71 72
56 72
2 72
56 73
72 73
2 73
5 73
59 73
6 73
62 73
10 73
10 62
73 74
62 74
10 74
9 75
62 75
10 75
62 77
74 77
10 77
75 77
62 76
75 76
76 77
10 78
75 78
77 78
66 80
65 80
70 80
65 79
65 81
79 80
79 81
80 81
70 81
69 81
23 80
23 70
23 81
71 81
14 70
14 81
14 71
81 82
71 82
14 82
71 83
82 83
14 83
2 83
72 83
16 83
73 83
18 83
18 73
83 84
73 84
18 84
73 85
84 85
18 85
10 85
74 85
20 85
77 85
10 87
85 87
20 87
78 87
77 87
85 86
77 86
86 87
80 88
79 88
81 88
80 89
24 80
88 89
24 88
24 89
24 81
88 90
81 90
24 90
81 91
90 91
24 91
14 91
82 91
26 91
83 91
28 91
28 83
91 92
83 92
28 92
83 93
92 93
28 93
18 93
84 93
30 93
85 93
32 93
32 85
93 94
85 94
32 94
32 87
85 95
94 95
32 95
87 95
86 95
32 96
87 96
95 96
89 98
88 98
24 98
88 97
88 99
97 98
97 99
98 99
24 99
90 99
34 98
34 99
91 99
36 99
36 91
99 100
91 100
36 100
91 101
100 101
36 101
28 101
92 101
38 101
93 101
40 101
40 93
101 102
93 102
40 102
93 103
102 103
40 103
32 103
94 103
42 103
95 103
32 105
103 105
42 105
96 105
95 105
103 104
95 104
104 105
34 107
99 107
36 107
99 106
99 108
106 107
106 108
107 108
36 108
100 108
44 107
44 108
101 108
46 108
46 101
108 109
101 109
46 109
101 110
109 110
46 110
40 110
102 110
48 110
103 110
40 112
110 112
48 112
42 112
103 112
110 111
103 111
111 112
44 114
108 114
46 114
108 113
108 115
113 114
113 115
114 115
46 115
109 115
114 116
46 116
115 116
110 115
46 118
115 118
116 118
48 118
110 118
115 117
110 117
117 118
119 120
119 121
119 123
120 121
120 123
121 123
55 119
58 119
55 121
58 121
119 122
122 123
58 122
58 123
121 124
123 124
58 124
122 125
123 125
58 125
123 127
124 127
58 127
125 127
123 126
125 126
126 127
61 125
61 127
128 129
68 128
51 128
68 129
51 129
51 68
129 130
129 132
68 130
130 132
68 132
51 132
129 131
51 131
131 132
52 132
51 121
121 131
121 132
56 132
56 121
132 133
121 133
56 133
121 134
133 134
56 134
58 134
124 134
59 134
127 134
62 134
62 127
134 135
127 135
62 135
61 136
127 136
62 136
127 138
135 138
62 138
136 138
127 137
136 137
137 138
76 136
76 138
71 132
132 139
132 140
71 139
139 140
71 140
56 140
133 140
72 140
134 140
73 140
73 134
140 141
134 141
73 141
134 142
141 142
73 142
62 142
135 142
74 142
138 142
77 142
77 138
142 143
138 143
77 143
71 144
139 144
140 144
82 144
83 144
83 140
144 145
140 145
83 145
140 146
145 146
83 146
73 146
141 146
84 146
142 146
85 146
85 142
146 147
142 147
85 147
142 148
147 148
85 148
77 148
143 148
86 148
77 150
143 150
148 150
77 152
148 152
86 152
77 149
149 150
149 152
150 152
148 151
150 151
151 152
81 153
81 154
81 144
153 154
144 153
144 154
90 154
91 154
91 144
154 155
144 155
91 155
144 156
155 156
91 156
83 156
145 156
92 156
146 156
93 156
93 146
156 157
146 157
93 157
146 158
157 158
93 158
85 158
147 158
94 158
148 158
95 158
95 148
158 159
148 159
95 159
91 160
155 160
156 160
100 160
101 160
101 156
160 161
156 161
101 161
156 162
161 162
101 162
93 162
157 162
102 162
158 162
103 162
103 158
162 163
158 163
103 163
158 164
163 164
103 164
95 164
159 164
104 164
101 165
161 165
162 165
109 165
110 165
110 162
165 166
162 166
110 166
162 167
166 167
110 167
103 167
163 167
111 167
115 165
165 168
165 169
115 168
168 169
115 169
110 169
166 169
117 169
167 169
110 171
169 171
117 171
111 171
167 171
169 170
167 170
170 171
120 172
121 172
123 172
172 173
172 175
121 173
173 175
121 175
123 175
172 174
123 174
174 175
124 175
123 176
174 176
175 176
127 175
126 176
127 176
175 177
176 177
127 177
121 178
173 178
175 178
133 178
134 178
134 175
178 179
175 179
134 179
175 180
179 180
134 180
127 180
177 180
135 180
127 181
177 181
180 181
138 180
137 181
138 181
180 182
181 182
138 182
140 178
178 183
178 184
140 183
183 184
140 184
134 184
179 184
141 184
180 184
142 184
142 180
184 185
180 185
142 185
180 186
185 186
142 186
138 186
182 186
143 186
138 188
182 188
186 188
138 150
150 186
138 187
187 188
150 187
150 188
186 189
188 189
150 189
146 184
184 190
184 191
146 190
190 191
146 191
142 191
185 191
147 191
186 191
148 191
148 186
191 192
186 192
148 192
186 193
192 193
148 193
150 193
189 193
151 193
144 194
144 195
144 196
194 195
194 196
195 196
155 195
156 195
145 196
156 196
195 197
196 197
156 197
146 196
196 198
197 198
156 198
146 198
190 196
190 198
157 198
191 198
158 198
158 191
198 199
191 199
158 199
191 200
199 200
158 200
148 200
192 200
159 200
156 201
197 201
198 201
161 201
162 201
162 198
201 202
198 202
162 202
198 203
202 203
162 203
158 203
199 203
163 203
200 203
164 203
164 200
203 204
200 204
164 204
162 205
202 205
203 205
166 205
167 205
167 203
205 206
203 206
167 206
175 207
175 208
175 209
207 208
207 209
208 209
179 208
180 208
177 209
180 209
208 210
209 210
180 210
181 209
209 212
210 212
180 212
181 212
209 211
181 211
211 212
182 212
184 208
208 213
208 214
184 213
213 214
184 214
180 214
210 214
185 214
212 214
186 214
186 212
214 215
212 215
186 215
188 212
212 217
215 217
186 217
188 217
212 216
188 216
216 217
189 217
184 218
213 218
214 218
190 218
191 218
191 214
218 219
214 219
191 219
214 220
219 220
191 220
186 220
215 220
192 220
217 220
193 220
193 217
220 221
217 221
193 221
196 222
196 223
196 218
222 223
218 222
218 223
197 223
198 223
198 218
223 224
218 224
198 224
218 225
224 225
198 225
191 225
219 225
199 225
220 225
200 225
200 220
225 226
220 226
200 226
209 227
209 228
209 229
227 228
227 229
228 229
210 228
212 228
211 229
212 229
228 230
229 230
212 230
211 231
229 231
212 231
229 233
230 233
212 233
231 233
229 232
231 232
232 233
216 231
216 233
214 228
228 234
228 235
214 234
234 235
214 235
212 235
230 235
215 235
233 235
217 235
217 233
235 236
233 236
217 236
214 237
234 237
235 237
219 237
220 237
220 235
237 238
235 238
220 238
235 239
238 239
220 239
217 239
236 239
221 239
225 237
237 240
237 241
225 240
240 241
225 241
220 241
238 241
226 241
227 242
228 242
229 242
242 243
242 245
228 243
243 245
228 245
229 245
242 244
229 244
244 245
230 245
228 246
243 246
245 246
234 246
235 246
235 245
246 247
245 247
235 247
237 246
246 248
246 249
237 248
248 249
237 249
235 249
247 249
238 249
242 250
242 251
242 252
250 251
250 252
251 252
243 251
245 251
244 252
245 252
251 253
252 253
245 253
246 251
251 254
251 255
246 254
254 255
246 255
245 255
253 255
247 255
246 256
254 256
255 256
248 256
249 256
249 255
256 257
255 257
249 257
248 259
256 259
249 259
256 258
256 260
258 259
258 260
259 260
249 260
257 260
259 261
249 261
260 261

SURFACE_TRIANGLES
0 2 1
0 1 5
0 3 2
0 7 3
0 5 4
0 4 7
4 5 8
4 8 7
5 9 8
8 9 10
7 8 11
8 10 11
12 14 13
12 13 2
12 15 14
12 17 15
12 2 3
12 3 17
3 7 17
17 7 19
7 21 19
7 11 21
11 10 21
10 20 21
22 24 23
22 23 14
22 25 24
22 27 25
22 14 15
22 15 27
15 17 27
27 17 29
17 31 29
17 19 31
19 21 31
21 20 32
31 21 33
21 32 33
25 35 24
25 27 35
24 35 34
34 35 36
35 27 37
35 37 36
27 39 37
27 29 39
29 31 39
39 31 41
31 43 41
40 41 43
31 33 43
33 32 43
40 43 42
32 42 43
37 45 36
37 39 45
36 45 44
44 45 46
45 39 47
45 47 46
39 49 47
46 47 49
39 41 49
41 40 49
46 49 48
40 48 49
50 53 51
50 51 54
50 54 53
51 53 52
51 55 54
53 54 1
54 55 58
54 5 1
54 58 57
54 57 5
57 58 60
57 60 5
58 61 60
60 61 62
5 60 9
60 62 9
63 65 64
63 64 68
64 65 68
63 66 65
63 70 66
63 68 67
63 67 70
65 69 68
67 68 53
67 53 70
68 69 71
68 52 53
68 71 52
70 53 13
53 2 13
53 1 2
9 62 75
9 75 10
62 76 75
75 76 77
10 75 78
75 77 78
66 80 65
66 70 80
65 80 79
65 79 81
65 81 69
80 70 23
69 81 71
70 14 23
70 13 14
81 82 71
10 87 20
10 78 87
78 77 87
77 86 87
80 88 79
79 88 81
80 89 88
80 24 89
80 23 24
88 90 81
20 87 32
87 86 95
32 87 96
87 95 96
89 98 88
89 24 98
88 98 97
88 97 99
97 98 99
88 99 90
98 24 34
98 34 99
90 99 91
99 100 91
32 105 42
103 42 105
32 96 105
96 95 105
103 105 104
95 104 105
34 107 99
34 36 107
99 107 106
99 106 108
106 107 108
99 108 100
107 36 44
107 44 108
100 108 101
108 109 101
40 112 48
110 48 112
40 42 112
42 103 112
110 112 111
103 111 112
44 114 108
44 46 114
108 114 113
108 113 115
113 114 115
108 115 109
114 46 116
114 116 115
46 118 116
115 116 118
46 48 118
48 110 118
115 118 117
110 117 118
119 121 120
119 120 123
119 55 121
119 58 55
119 123 122
119 122 58
122 123 125
122 125 58
123 126 125
125 126 127
58 125 61
125 127 61
128 68 129
128 129 51
128 51 68
129 68 130
129 130 132
130 68 132
129 131 51
129 132 131
68 51 52
68 52 132
51 131 121
131 132 121
51 121 55
132 133 121
61 127 136
61 136 62
127 137 136
136 137 138
62 136 76
136 138 76
52 71 132
132 71 139
132 139 140
132 140 133
76 138 77
138 143 77
71 144 139
139 144 140
71 82 144
144 145 140
140 145 146
140 146 141
77 143 150
77 152 86
148 86 152
77 150 149
77 149 152
149 150 152
148 152 151
150 151 152
81 154 153
81 153 144
153 154 144
81 90 154
154 90 91
81 144 82
154 155 144
154 91 155
86 148 95
148 159 95
91 160 155
155 160 156
91 100 160
160 100 101
160 161 156
160 101 161
163 103 164
95 159 164
103 104 164
95 164 104
101 165 161
161 165 162
101 109 165
165 166 162
103 163 167
103 167 111
109 115 165
165 115 168
165 168 169
168 115 169
165 169 166
115 117 169
166 169 167
110 171 117
169 117 171
110 111 171
111 167 171
169 170 167
169 171 170
167 170 171
120 121 172
120 172 123
172 121 173
172 173 175
172 174 123
172 175 174
123 174 176
174 175 176
123 176 126
126 176 127
175 177 176
176 177 127
121 178 173
173 178 175
121 133 178
178 179 175
127 177 181
127 181 137
137 181 138
181 182 138
133 140 178
178 140 183
178 183 184
183 140 184
178 184 179
140 141 184
138 182 188
138 150 143
138 188 187
138 187 150
187 188 150
188 189 150
141 146 184
184 146 190
192 148 193
150 189 193
148 151 193
150 193 151
144 195 194
144 194 196
194 195 196
144 155 195
195 155 156
144 196 145
195 197 196
195 156 197
145 196 146
196 190 146
148 192 200
148 200 159
156 201 197
197 201 198
156 161 201
201 161 162
201 202 198
201 162 202
198 202 203
198 203 199
199 203 200
203 163 164
159 200 164
203 204 200
203 164 204
200 204 164
162 205 202
202 205 203
162 166 205
205 166 167
163 203 167
205 206 203
205 167 206
203 206 167
175 208 207
175 207 209
207 208 209
175 179 208
175 209 177
208 210 209
177 209 181
209 211 181
181 211 212
181 212 182
179 184 208
208 184 213
208 213 214
208 214 210
182 212 188
212 216 188
188 216 217
188 217 189
184 218 213
213 218 214
184 190 218
218 219 214
220 192 193
189 217 193
220 193 221
217 221 193
196 223 222
196 222 218
222 223 218
196 197 223
223 197 198
196 218 190
223 224 218
223 198 224
218 224 225
224 198 225
218 225 219
198 199 225
225 199 200
192 220 200
225 200 226
220 226 200
209 228 227
209 227 229
209 210 228
209 229 211
211 229 231
211 231 212
229 230 233
229 232 231
229 233 232
231 232 233
212 231 216
231 233 216
210 214 228
228 214 234
230 235 233
216 233 217
235 236 233
233 236 217
214 237 234
214 219 237
235 238 239
238 220 239
235 239 236
217 236 239
220 221 239
217 239 221
219 225 237
237 225 240
237 240 241
240 225 241
237 241 238
220 238 241
225 226 241
220 241 226
227 228 242
227 242 229
242 228 243
242 244 229
229 244 245
229 245 230
228 246 243
228 234 246
230 245 235
245 247 235
234 237 246
246 237 248
248 237 249
235 247 249
237 238 249
235 249 238
242 251 250
242 250 252
250 251 252
242 243 251
242 252 244
244 252 245
251 253 252
252 253 245
243 246 251
251 246 254
251 254 255
251 255 253
245 253 255
245 255 247
246 256 254
254 256 255
246 248 256
247 255 249
256 257 255
255 257 249
248 259 256
248 249 259
256 259 258
256 258 260
258 259 260
256 260 257
249 257 260
259 249 261
259 261 260
249 260 261

# Surface triangles: 460